30,610.0506591796875,133.7347412109375,20.465087890625,51.059356689453125,2.228602625109488e-06
30,616.4891967773438,139.1617431640625,24.006103515625,56.020355224609375,9.57482279773103e-06
30,627.1541748046875,140.81549072265625,13.3458251953125,50.610595703125,2.913307434937451e-05
30,343.96112060546875,127.83540344238281,80.76031494140625,189.68785095214844,9.218624654749874e-06
30,627.1978149414062,159.4256134033203,13.30218505859375,50.863677978515625,1.7553073121234775e-05
30,377.8546142578125,174.52586364746094,21.845458984375,52.662322998046875,4.260438072378747e-05
30,266.1442565917969,179.4683380126953,22.87579345703125,52.93408203125,0.0003109844110440463
30,394.16937255859375,175.44760131835938,30.1781005859375,70.0128173828125,8.301382194986218e-07
30,370.88568115234375,182.22166442871094,22.04931640625,54.994537353515625,9.607749234419316e-06
30,383.48876953125,181.8024444580078,23.9898681640625,55.037689208984375,9.544408385409042e-06
30,351.80157470703125,171.61248779296875,38.74517822265625,95.755615234375,6.528857920784503e-05
30,381.5887451171875,174.9794158935547,37.1356201171875,85.94294738769531,5.29082135471981e-05
30,367.4793395996094,170.63134765625,38.8721923828125,93.40353393554688,0.99998939037323
30,360.83282470703125,158.82969665527344,55.7354736328125,135.30128479003906,4.5732303988188505e-06
30,599.9786376953125,367.17535400390625,40.5213623046875,113.32464599609375,5.860204055352369e-06
30,581.1251220703125,321.64599609375,59.3748779296875,158.85400390625,5.136133040650748e-06
60,310.78631591796875,123.37323760986328,40.462890625,97.9876937866211,5.055044312030077e-06
60,432.97393798828125,156.68258666992188,21.25750732421875,50.515228271484375,0.0031797001138329506
60,318.13812255859375,147.37960815429688,27.5220947265625,63.974609375,6.029451469657943e-06
60,313.75927734375,158.541748046875,23.71429443359375,56.465667724609375,1.1366047374394839e-06
60,424.29913330078125,154.54090881347656,26.438232421875,62.703582763671875,5.343290467862971e-05
60,437.21295166015625,155.75204467773438,27.26446533203125,64.09820556640625,9.72483121586265e-06
60,420.7841491699219,160.8751220703125,21.4296875,51.64129638671875,5.193125980440527e-05
60,0.0,342.63372802734375,62.678916931152344,137.86627197265625,9.44306066230638e-06
90,596.06884765625,0.0,44.43115234375,120.41902160644531,1.964360762940487e-06
90,490.18072509765625,182.97525024414062,22.39923095703125,52.77362060546875,5.403532213676954e-06
90,496.2185363769531,190.077880859375,21.626007080078125,51.023651123046875,3.7316110592655605e-06
120,577.7639770507812,71.26229858398438,20.6353759765625,50.9718017578125,1.812473601603415e-05
120,584.0891723632812,71.45074462890625,25.801513671875,60.24432373046875,2.669083642103942e-06
120,591.5608520507812,78.34454345703125,25.581787109375,61.0765380859375,1.9265412447566632e-06
120,601.019775390625,80.1224365234375,21.5435791015625,53.74969482421875,1.2308289569773478e-06
120,608.7328491210938,82.38447570800781,20.9869384765625,51.645660400390625,6.965065495023737e-06
120,520.5689086914062,169.8657684326172,22.2139892578125,53.00421142578125,4.901274678559275e-06
120,515.3519897460938,158.8398895263672,36.3037109375,89.6717529296875,5.748551757278619e-06
120,542.1707763671875,176.35098266601562,24.0550537109375,55.21044921875,3.5629840567708015e-05
120,513.1997680664062,178.88204956054688,26.09912109375,60.136749267578125,1.5457448171218857e-05
120,528.162353515625,178.73236083984375,23.697265625,56.001922607421875,4.0351304051000625e-05
120,530.2216796875,158.2546844482422,46.1649169921875,113.84812927246094,6.468516176028061e-07
120,520.7247924804688,184.28408813476562,25.8238525390625,61.921234130859375,0.00019574430189095438
120,525.0985717773438,179.34478759765625,33.2093505859375,78.39498901367188,0.004667921923100948
120,536.0438232421875,179.50601196289062,32.3197021484375,80.259765625,0.001784962136298418
120,548.7693481445312,183.30813598632812,26.8470458984375,62.0526123046875,4.4135202188044786e-05
120,536.29736328125,189.97799682617188,23.4595947265625,53.272735595703125,2.988205596921034e-05
120,558.00732421875,190.2850341796875,26.248291015625,59.146514892578125,1.3431308616418391e-06
120,567.8001098632812,193.8784942626953,21.11376953125,50.958526611328125,1.1964878012804547e-06
120,601.0426025390625,362.17071533203125,39.4573974609375,118.32928466796875,1.1576101314858533e-05
150,432.76544189453125,174.93231201171875,21.55157470703125,50.629913330078125,3.844011735054664e-05
150,425.8224792480469,177.177734375,22.6300048828125,55.178375244140625,4.8899710236582905e-06
150,427.8916931152344,171.81643676757812,31.3177490234375,72.72903442382812,1.2564650205604266e-05
150,439.1124267578125,179.5443572998047,22.84881591796875,55.6988525390625,4.480714324017754e-06
150,627.2376098632812,191.59396362304688,13.26239013671875,56.0228271484375,1.1031977010134142e-05
150,0.0,200.8365020751953,15.265921592712402,55.2283935546875,2.949551799247274e-06
180,617.8229370117188,170.3816375732422,21.173828125,50.7171630859375,8.20892455521971e-06
180,627.41162109375,171.0432586669922,13.08837890625,50.990142822265625,1.9111230358248577e-05
180,559.22119140625,176.72592163085938,25.02197265625,57.8525390625,6.960907194297761e-05
180,568.7915649414062,177.71791076660156,21.6385498046875,51.341461181640625,8.84799192135688e-06
180,409.6081237792969,193.886474609375,20.80401611328125,50.82763671875,1.923766831168905e-06
180,627.9642333984375,191.7463836669922,12.5357666015625,51.44439697265625,3.79530888494628e-06
210,549.9981689453125,150.2471160888672,29.593017578125,70.5498046875,2.6167551823164104e-06
210,560.0053100585938,151.3658447265625,23.7269287109375,56.253021240234375,2.4654125354572898e-06
210,553.4522094726562,162.71051025390625,20.7757568359375,50.55303955078125,6.744068377884105e-05
210,545.345703125,166.42884826660156,24.9150390625,59.4737548828125,6.144689450593432e-06
210,455.53875732421875,177.74693298339844,22.25244140625,52.383148193359375,4.671767965191975e-05
210,473.29681396484375,177.80279541015625,21.10601806640625,50.764190673828125,1.1984373486484401e-05
210,0.0,187.1978759765625,13.26648235321045,50.58245849609375,3.33489242620999e-06
210,464.3467712402344,181.2398681640625,21.42852783203125,52.05487060546875,4.474972956813872e-05
210,480.7456359863281,183.88751220703125,21.31744384765625,52.64569091796875,3.2753841878729872e-06
210,488.7347412109375,184.0355224609375,20.90765380859375,50.57781982421875,3.006556653417647e-06
210,587.7642822265625,170.47830200195312,32.5140380859375,78.96990966796875,4.1001462705025915e-06
210,448.6435852050781,182.4336395263672,25.982177734375,60.63116455078125,3.885767796418804e-07
210,515.6414794921875,175.03457641601562,31.5810546875,73.9239501953125,1.8959975932375528e-05
210,601.7139282226562,362.2291259765625,38.78607177734375,118.2708740234375,2.7066589609603398e-06
240,583.907958984375,160.4109344482422,24.991455078125,60.1175537109375,8.80264924489893e-05
240,448.6609802246094,165.130126953125,25.24346923828125,61.0426025390625,9.179330845654476e-06
240,460.2572937011719,163.21246337890625,30.824462890625,75.0384521484375,2.2311035081656883e-06
240,577.5245361328125,168.1459503173828,23.9805908203125,55.2852783203125,0.0017548248870298266
240,616.5591430664062,165.95033264160156,21.5740966796875,53.055267333984375,3.804451807809528e-06
240,617.0726318359375,141.833740234375,23.4273681640625,103.86767578125,9.988189049181528e-06
240,470.5263671875,167.5621795654297,25.4881591796875,61.3055419921875,4.867907819061656e-07
240,590.6124877929688,171.4765625,24.13037109375,56.329132080078125,0.0006135075236670673
240,596.1294555664062,166.1007080078125,30.6123046875,71.36224365234375,4.848280514124781e-05
240,609.2147827148438,172.4468994140625,21.4091796875,52.100494384765625,8.114379852486309e-06
240,624.3912963867188,173.1436309814453,16.10870361328125,62.27783203125,6.662947998847812e-05
240,450.2572937011719,169.77023315429688,34.028076171875,81.43807983398438,4.5332812987908255e-06
240,600.5689697265625,177.26046752929688,20.990234375,50.635894775390625,4.288040508981794e-05
240,605.272216796875,169.3875732421875,32.0152587890625,75.43191528320312,0.00011305281077511609
240,580.2792358398438,171.72024536132812,30.6788330078125,73.04241943359375,1.1099007679149508e-05
240,584.7246704101562,186.74615478515625,20.660400390625,50.961029052734375,4.493544111028314e-06
240,609.434326171875,191.1761932373047,21.79150390625,53.681365966796875,6.456094979512272e-06
240,621.2091674804688,183.6359100341797,19.29083251953125,78.88160705566406,0.0004737278213724494
240,609.7030029296875,158.29248046875,30.7969970703125,127.73193359375,0.00010447423119330779
240,593.8972778320312,144.06663513183594,46.60272216796875,220.3418731689453,3.140407216051244e-06
240,623.754638671875,214.0233154296875,16.745361328125,68.19235229492188,4.43283497588709e-05
240,475.9004211425781,345.74334716796875,31.65411376953125,74.669677734375,9.915064538290608e-07
240,444.95928955078125,313.5439453125,78.295654296875,166.9560546875,4.034216544823721e-06
240,466.9454345703125,336.605224609375,43.65093994140625,110.607177734375,0.03775625303387642
270,626.9705200195312,149.6226806640625,13.52947998046875,60.8165283203125,2.921241730291513e-06
270,624.857666015625,167.2203826904297,15.642333984375,65.84735107421875,5.752408105763607e-05
270,607.8514404296875,175.90676879882812,27.998291015625,65.17929077148438,9.095745554077439e-06
270,616.0431518554688,152.49356079101562,24.45684814453125,106.22564697265625,9.612817666493356e-05
270,431.4950256347656,183.53941345214844,21.32781982421875,51.237579345703125,2.34137155530334e-06
270,0.5899429321289062,193.6148681640625,23.090194702148438,55.482696533203125,1.3253400084067835e-06
270,7.738187789916992,192.31301879882812,23.33469009399414,55.100738525390625,1.0322901289328001e-05
270,16.076740264892578,192.9977264404297,22.440563201904297,53.20306396484375,1.5579929822706617e-05
270,425.2333068847656,187.17495727539062,22.06219482421875,52.072845458984375,1.5105216334632132e-05
270,592.6947021484375,131.49298095703125,47.8052978515625,218.84109497070312,1.3019972357142251e-05
270,0.0,200.60475158691406,14.110475540161133,51.72576904296875,5.1937422540504485e-06
270,606.4940185546875,161.0924072265625,34.0059814453125,136.25271606445312,6.430415396607714e-06
270,624.7725830078125,210.05007934570312,15.7274169921875,68.20748901367188,7.65968161431374e-06
270,550.6895141601562,182.47964477539062,41.0985107421875,106.51953125,1.3221574590716045e-06
270,615.6709594726562,200.25230407714844,24.82904052734375,108.27601623535156,1.278219588130014e-05
300,321.1528625488281,167.09866333007812,22.6617431640625,55.008758544921875,2.869834588636877e-06
300,602.7322998046875,159.07383728027344,21.3250732421875,52.173797607421875,1.9679326214827597e-05
300,432.9801330566406,171.70556640625,21.1688232421875,50.938873291015625,4.714800979854772e-06
300,447.3017578125,173.68911743164062,21.1585693359375,50.697113037109375,9.148012054538412e-07
300,627.47119140625,161.55023193359375,13.02880859375,51.900787353515625,5.4149641073308885e-06
300,139.62767028808594,179.19602966308594,21.46142578125,51.0889892578125,3.232141170883551e-05
300,623.2128295898438,161.7633056640625,17.28717041015625,77.54473876953125,5.1480101319612e-06
300,142.04794311523438,179.2600555419922,27.682952880859375,64.88800048828125,1.1464087037893478e-05
330,402.18182373046875,173.9335479736328,21.02069091796875,51.5128173828125,1.3923261121817632e-06
330,349.1976318359375,178.85641479492188,21.47601318359375,50.810028076171875,0.006196401547640562
330,441.0586242675781,172.79571533203125,22.3853759765625,52.1771240234375,2.8379792638588697e-05
330,610.220703125,175.34178161621094,21.6197509765625,51.664886474609375,3.299113814136945e-05
330,32.57712936401367,178.21160888671875,22.04248809814453,51.694488525390625,8.891147444956005e-06
330,274.4930419921875,99.34402465820312,140.510498046875,294.15533447265625,4.775393335876288e-06
330,449.7662658691406,174.3694305419922,23.1065673828125,54.260589599609375,1.6360971130779944e-05
330,617.0540161132812,181.41859436035156,21.411865234375,50.684661865234375,2.9042779715382494e-05
330,626.8463745117188,178.49932861328125,13.65362548828125,55.65850830078125,6.344472694763681e-06
330,0.0,176.94419860839844,18.44505500793457,75.47933959960938,1.1123453305117437e-06
330,17.8519287109375,184.9257354736328,20.806106567382812,50.57232666015625,5.147627234691754e-06
330,26.866792678833008,182.55535888671875,21.027769088745117,51.150909423828125,1.3658462194143794e-05
330,39.090396881103516,182.188232421875,23.467239379882812,54.39501953125,3.7528247048612684e-05
330,504.2479248046875,176.73410034179688,21.7750244140625,52.4891357421875,2.1552048110606847e-06
330,0.0,193.3928680419922,13.697124481201172,50.735565185546875,4.6729428504477255e-06
360,0.0,147.7671356201172,15.453390121459961,55.74041748046875,1.0995486263709608e-06
360,424.86627197265625,174.75894165039062,22.1044921875,53.548187255859375,3.2756965993030462e-06
360,0.0,165.56808471679688,16.0388126373291,57.695281982421875,1.6319268979714252e-05
360,0.12014007568359375,176.7271728515625,23.39556121826172,56.3021240234375,2.0527743345155613e-06
360,379.4361572265625,179.3030242919922,26.76141357421875,63.92333984375,4.123131930100499e-06
360,389.37835693359375,181.4400634765625,20.911376953125,50.66363525390625,0.00013944035163149238
360,533.192626953125,178.15248107910156,20.4798583984375,50.8162841796875,4.839836947212461e-06
360,530.751220703125,161.08139038085938,37.0267333984375,82.57467651367188,6.07284391662688e-07
360,467.8173828125,104.09024047851562,142.8740234375,292.3394775390625,7.0858427534403745e-06
360,542.2495727539062,181.48670959472656,21.4901123046875,50.576019287109375,0.0004669010522775352
390,627.2488403320312,52.747802734375,13.25115966796875,52.94862365722656,3.4187921755801653e-06
390,623.2357788085938,62.553131103515625,17.26422119140625,78.17884826660156,2.39731580222724e-05
390,507.7731018066406,167.54122924804688,22.000518798828125,51.966827392578125,7.146398388613306e-07
390,454.9385681152344,173.80484008789062,22.70782470703125,52.284820556640625,1.2304265055718133e-06
390,519.1710815429688,170.2561798095703,21.4041748046875,51.481048583984375,2.257780397485476e-05
390,447.2010498046875,178.7136688232422,20.78173828125,50.828582763671875,8.651646567159332e-06
390,422.1905822753906,184.75100708007812,21.1734619140625,52.17138671875,7.905304300948046e-06
390,421.57965087890625,172.51467895507812,33.17388916015625,73.10580444335938,9.580979167367332e-06
390,431.5058288574219,185.08486938476562,21.60369873046875,51.422027587890625,0.9997873902320862
390,372.227294921875,120.70033264160156,132.5399169921875,280.22265625,5.190107913222164e-06
390,437.8340759277344,182.03323364257812,22.00665283203125,52.202789306640625,0.005299220327287912
390,627.330078125,186.59634399414062,13.169921875,50.551483154296875,8.751409950491507e-06
390,616.7661743164062,191.6178436279297,23.73382568359375,56.19696044921875,3.3056912798201665e-06
420,408.8475341796875,131.95986938476562,22.50982666015625,53.111907958984375,3.026752165169455e-05
420,458.6416015625,175.81124877929688,21.93719482421875,52.00274658203125,0.0001739657745929435
420,519.1766357421875,156.04327392578125,49.068359375,119.15985107421875,0.0001990952150663361
420,560.1596069335938,175.27024841308594,21.3709716796875,52.17413330078125,0.00010637722152750939
420,458.1897277832031,164.98573303222656,32.69757080078125,76.71734619140625,4.311766679165885e-05
420,471.5662841796875,179.99871826171875,21.92034912109375,50.81634521484375,0.5583892464637756
420,478.9004821777344,181.74859619140625,21.43218994140625,52.06085205078125,2.265871262352448e-05
420,504.6226806640625,180.90196228027344,21.1019287109375,52.4619140625,2.547223266446963e-05
420,512.2325439453125,180.98077392578125,22.6231689453125,55.914642333984375,7.043236109893769e-06
420,499.0318298339844,139.19869995117188,85.97769165039062,213.66363525390625,2.8701822429866297e-06
420,482.0216979980469,153.22103881835938,120.51138305664062,277.653564453125,8.549961876269663e-07
420,538.8246459960938,176.6578826904297,28.885986328125,70.4935302734375,0.012617223896086216
420,627.65478515625,177.92141723632812,12.84521484375,55.47088623046875,1.8242479200125672e-05
420,0.0,187.1588592529297,14.770885467529297,51.99005126953125,2.8081765776732937e-05
420,464.9902038574219,181.86370849609375,21.30035400390625,50.71185302734375,0.9999630451202393
420,402.16217041015625,131.78143310546875,130.6435546875,270.9864501953125,4.812002771359403e-06
420,510.38262939453125,174.5020751953125,32.4537353515625,77.37002563476562,2.507095132386894e-06
420,530.8656005859375,183.18345642089844,22.8338623046875,56.548797607421875,0.0013269177870824933
420,553.804931640625,182.10374450683594,21.651611328125,51.77581787109375,0.006293870508670807
420,544.08642578125,167.12954711914062,35.4263916015625,83.793701171875,3.170429863530444e-06
420,522.0840454101562,186.00747680664062,28.7364501953125,69.80953979492188,9.94037909549661e-05
420,527.7984008789062,177.79818725585938,34.7174072265625,83.91519165039062,0.9999737739562988
450,537.5587158203125,122.07371520996094,22.1029052734375,52.751251220703125,0.00020839905482716858
450,543.846435546875,126.3038101196289,23.6429443359375,57.550865173339844,3.769639806705527e-05
450,533.1885986328125,128.7312774658203,31.8734130859375,78.57891845703125,2.1270174329401925e-05
450,514.2146606445312,124.93451690673828,53.7117919921875,133.24957275390625,2.3150556444306858e-05
450,521.2962036132812,154.96282958984375,35.0313720703125,83.31591796875,3.0195330964488676e-06
450,514.9881591796875,170.66848754882812,21.028076171875,51.347564697265625,8.934089419199154e-05
450,521.71240234375,169.75753784179688,21.8779296875,52.937774658203125,0.0002738754265010357
450,505.24456787109375,153.78961181640625,44.0572509765625,104.54513549804688,9.050596418092027e-06
450,600.2478637695312,169.70652770996094,22.524658203125,53.637908935546875,7.066379475872964e-05
450,626.9099731445312,167.32676696777344,13.59002685546875,51.63330078125,3.908373764716089e-05
450,576.618408203125,144.7683563232422,50.418701171875,124.01411437988281,0.00011139210982946679
450,569.4700317382812,155.8975830078125,38.9549560546875,97.13668823242188,8.62336946738651e-06
450,583.2061157226562,179.3180694580078,26.4976806640625,61.90740966796875,3.1911877158563584e-06
450,593.6813354492188,179.51748657226562,21.9835205078125,50.647216796875,6.861712608952075e-05
450,607.7322387695312,181.74864196777344,23.3748779296875,54.596893310546875,0.0014084799913689494
450,616.4737548828125,180.2660675048828,23.38623046875,54.680572509765625,0.0003066409844905138
450,609.1815795898438,160.51878356933594,31.31842041015625,84.7012939453125,3.5929499517806107e-06
450,507.2027893066406,179.0517120361328,26.747894287109375,63.468658447265625,9.027418855112046e-05
450,515.345947265625,175.8046875,29.0101318359375,69.386474609375,0.9999995231628418
450,468.11749267578125,146.96853637695312,121.1444091796875,278.96405029296875,9.49271566241805e-07
450,525.0160522460938,182.64234924316406,25.0133056640625,57.69696044921875,0.002472545253112912
450,533.693359375,180.95860290527344,23.41064453125,56.94036865234375,3.9015120023577765e-07
450,576.3943481445312,184.96383666992188,23.4473876953125,56.950775146484375,8.36305753182387e-06
450,588.6515502929688,178.05419921875,31.3765869140625,75.68316650390625,0.001459035323932767
450,598.7333984375,182.19166564941406,27.2188720703125,64.27215576171875,0.0026982270646840334
450,0.0,191.5452117919922,14.752936363220215,51.62603759765625,1.5883591913734563e-05
450,626.1038208007812,189.3924102783203,14.39617919921875,53.791595458984375,0.0001331036037299782
450,593.9916381835938,197.10189819335938,22.431640625,51.61737060546875,5.002645139029482e-06
450,601.3740844726562,188.76051330566406,32.547119140625,77.68675231933594,1.72386226040544e-05
450,614.64892578125,197.39767456054688,25.85107421875,59.479827880859375,6.803532869525952e-06
480,614.8843383789062,96.45175170898438,21.5303955078125,51.193634033203125,0.00015106872888281941
480,609.3358764648438,103.30003356933594,21.71044921875,52.026580810546875,0.0023490164894610643
480,625.5281372070312,98.07783508300781,14.97186279296875,57.71234130859375,7.868599823268596e-06
480,604.4385986328125,111.67679595947266,22.046630859375,52.281578063964844,1.1204806469322648e-05
480,1.745335578918457,176.91604614257812,22.720420837402344,55.718353271484375,7.1429426498070825e-06
480,627.0802612304688,172.77178955078125,13.41973876953125,61.223236083984375,1.797848540263658e-06
480,0.0,185.77670288085938,16.35732650756836,52.772186279296875,1.107283060264308e-05
480,0.0,102.43812561035156,59.3112678527832,311.35272216796875,1.3736434993916191e-05
510,397.5369873046875,82.1108627319336,25.04791259765625,59.434120178222656,0.01607721671462059
510,404.39410400390625,77.53433227539062,25.30242919921875,59.974365234375,0.0064391340129077435
510,415.24066162109375,79.83853149414062,23.38720703125,54.821075439453125,6.964009571674978e-06
510,41.177818298339844,180.6150360107422,21.911582946777344,52.62457275390625,5.840848189109238e-06
510,10.549575805664062,181.49559020996094,21.123416900634766,50.652099609375,3.5246257539256476e-06
510,0.0,183.42239379882812,15.19091510772705,54.305877685546875,4.228450961818453e-06
540,438.8287048339844,62.498291015625,24.84759521484375,57.15350341796875,3.101554830209352e-05
540,448.0195617675781,64.45591735839844,21.6124267578125,51.65663146972656,5.728059113607742e-05
540,454.589599609375,66.07870483398438,23.673583984375,56.05802917480469,2.6329412321501877e-06
540,431.949951171875,66.82131958007812,25.265625,58.18977355957031,6.126341304479865e-06
540,0.0,185.62110900878906,15.929744720458984,56.052703857421875,3.6673939121101284e-06
540,10.333616256713867,188.10711669921875,22.19070816040039,53.214599609375,4.485083991312422e-06
540,17.408615112304688,190.57522583007812,21.72198486328125,51.24713134765625,0.0001591830514371395
540,599.975830078125,360.0901184082031,40.524169921875,120.40988159179688,3.4753700219880557e-06
570,432.992919921875,32.677085876464844,20.8074951171875,51.0233154296875,1.792544026102405e-05
570,435.0939025878906,36.096336364746094,26.50445556640625,64.72123718261719,0.010191415436565876
570,444.9986572265625,37.790550231933594,24.86578369140625,60.362091064453125,5.32828489667736e-05
570,430.5455017089844,39.94910430908203,37.0201416015625,86.25923156738281,0.0001851716951932758
570,425.336181640625,28.270126342773438,51.91815185546875,124.23370361328125,4.7611858462914824e-05
570,0.0,175.59547424316406,15.022687911987305,54.72027587890625,4.5464907998393755e-06
600,544.1150512695312,51.150245666503906,22.5655517578125,53.09869384765625,4.428816100698896e-05
600,128.0614013671875,175.0057373046875,21.39178466796875,51.4390869140625,4.232243099977495e-06
600,177.8718719482422,166.82473754882812,21.299652099609375,50.815887451171875,1.7984017176786438e-05
600,201.16900634765625,166.97837829589844,21.596923828125,51.233367919921875,3.128498065052554e-05
600,184.3184356689453,168.58287048339844,21.08251953125,51.563446044921875,4.303312834963435e-06
600,16.993925094604492,191.04994201660156,22.06109046936035,51.822845458984375,9.118936645791109e-07
600,0.0,192.2707977294922,15.195444107055664,53.131683349609375,1.090337991627166e-05
600,8.487466812133789,196.58470153808594,21.710803985595703,52.3665771484375,5.927556230744813e-06
630,58.121742248535156,179.48046875,20.452377319335938,51.327362060546875,6.755507456546184e-06
630,0.0,86.93537902832031,125.28504943847656,312.41998291015625,1.168916787719354e-05
630,0.0,186.20632934570312,14.830445289611816,53.9722900390625,1.8510678273742087e-05
660,363.1448974609375,164.1934356689453,21.427734375,50.78106689453125,2.4756450329732616e-06
660,81.34635925292969,172.33938598632812,21.615158081054688,51.051025390625,0.0004327086207922548
660,89.24232482910156,172.5049285888672,21.728927612304688,51.144317626953125,0.0009873523376882076
660,231.06114196777344,157.724609375,27.699417114257812,66.242919921875,2.702965048229089e-06
660,0.0,74.50347900390625,85.81755828857422,319.92962646484375,2.9573313895525644e-06
660,22.71656036376953,176.45611572265625,27.764358520507812,66.97369384765625,1.1872593859152403e-06
660,0.0,184.92767333984375,15.056065559387207,53.918975830078125,6.022830802976387e-06
690,488.955810546875,46.73436737060547,22.2491455078125,51.86830139160156,0.007773515768349171
690,176.8011932373047,156.3046417236328,22.004547119140625,53.38909912109375,2.6251061626680894e-06
690,9.525662422180176,165.15672302246094,22.777210235595703,54.97064208984375,3.9442285924451426e-05
690,17.208782196044922,164.30213928222656,22.509098052978516,54.721923828125,1.200442602566909e-05
690,24.710979461669922,162.1887969970703,23.41962432861328,55.30291748046875,5.117750333738513e-05
690,46.64105224609375,162.2873077392578,23.216163635253906,55.147857666015625,6.832298095105216e-05
690,226.28585815429688,151.54412841796875,21.57196044921875,50.7950439453125,0.00013612923794426024
690,3.4923830032348633,169.3214874267578,21.43079376220703,51.87890625,4.8297675675712526e-05
690,32.94887161254883,168.32144165039062,21.219680786132812,50.993560791015625,0.00012803480785805732
690,40.97391891479492,167.36456298828125,21.51922607421875,51.408172607421875,0.0005920245312154293
690,362.39996337890625,155.98634338378906,22.0350341796875,51.470672607421875,1.861420059867669e-05
690,0.0,171.36854553222656,14.959840774536133,53.671966552734375,4.0485938370693475e-05
690,0.0,86.50457763671875,60.81612014770508,309.2613830566406,1.0705479326134082e-05
720,612.776123046875,0.0,27.723876953125,55.734222412109375,1.6761405277065933e-06
720,593.9364624023438,0.0,46.56353759765625,117.15703582763672,1.5719657540103071e-06
720,203.0040740966797,147.74295043945312,21.04937744140625,50.52166748046875,0.0034901706967502832
720,162.48876953125,154.86026000976562,20.90045166015625,50.5572509765625,7.747154995740857e-06
720,58.68981170654297,163.6918182373047,20.512100219726562,50.6357421875,6.036314971424872e-06
720,66.14906311035156,164.09434509277344,20.857284545898438,50.66033935546875,2.293262468811008e-06
720,0.0,172.9305419921875,15.366866111755371,56.346588134765625,5.857270480191801e-06
720,600.3159790039062,360.6067199707031,40.18402099609375,119.89328002929688,4.50888592240517e-06
750,186.52249145507812,117.40809631347656,36.33575439453125,86.85232543945312,1.0960698091366794e-05
750,196.83815002441406,118.6184310913086,25.726531982421875,60.004676818847656,6.9189545683912e-06
750,191.48660278320312,128.622314453125,25.447418212890625,60.132720947265625,0.0014806109247729182
750,0.0,137.3931884765625,14.958965301513672,57.6475830078125,2.470220806571888e-06
750,0.0,158.10313415527344,15.064940452575684,55.185638427734375,5.845005034643691e-06
780,138.03790283203125,127.32782745361328,22.31982421875,53.25035858154297,2.873475204978604e-05
780,379.0606384277344,121.98175048828125,21.61224365234375,51.695068359375,0.00023236732522491366
780,389.2589111328125,112.93667602539062,26.9566650390625,63.406524658203125,3.153961415591766e-06
780,159.8692169189453,105.98241424560547,36.057403564453125,87.90338897705078,3.506417897369829e-06
780,173.6884002685547,125.8707504272461,25.67022705078125,59.26824188232422,2.8303575163590722e-05
780,375.0521240234375,98.75663757324219,39.11505126953125,93.24932861328125,2.5048198040167335e-06
780,143.59783935546875,132.00018310546875,22.91864013671875,55.18682861328125,0.1793234646320343
780,136.52243041992188,117.26593017578125,34.539276123046875,79.22467041015625,2.3579495973535813e-05
780,160.5130157470703,130.4508819580078,23.429840087890625,54.572265625,6.220073555596173e-05
780,383.2679138183594,121.5638198852539,26.11944580078125,61.567481994628906,0.0015491239028051496
780,9.281618118286133,147.44879150390625,22.082786560058594,53.824310302734375,1.2312608305364847e-05
780,131.3386993408203,136.82449340820312,23.065093994140625,55.440155029296875,4.035972960991785e-05
780,168.8714599609375,134.72959899902344,22.377899169921875,52.352447509765625,0.0007316678529605269
780,182.1715850830078,132.3042449951172,22.0494384765625,52.2484130859375,1.6443858612547047e-06
780,369.8611755371094,129.66441345214844,21.54229736328125,52.994720458984375,7.681076112930896e-07
780,151.27096557617188,135.71224975585938,22.07421875,52.212615966796875,0.0016965855611488223
810,8.694379806518555,162.9445343017578,20.543991088867188,51.166656494140625,2.9717332381551387e-06
810,411.94940185546875,146.689208984375,21.89501953125,52.68194580078125,1.1928263120353222e-05
810,0.0,168.93519592285156,15.047701835632324,51.4620361328125,2.650862143127597e-06
840,610.8240356445312,0.0,29.67596435546875,60.72079086303711,2.5702156563056633e-06
840,596.3034057617188,0.0,44.19659423828125,119.022705078125,5.316197530191857e-06
840,575.9039916992188,0.0,64.59600830078125,168.1774444580078,1.122510639106622e-06
840,74.33995819091797,166.27871704101562,20.8736572265625,51.36431884765625,1.1211241144337691e-05
840,15.923839569091797,175.0984649658203,21.058319091796875,51.6070556640625,6.023727110004984e-06
840,421.5169982910156,162.36871337890625,21.58001708984375,51.43780517578125,0.0009969183010980487
840,431.2417907714844,163.9167938232422,20.6182861328125,51.37921142578125,1.707217415969353e-05
840,449.13006591796875,158.80760192871094,21.68328857421875,50.984405517578125,0.003417844185605645
840,0.0,180.29127502441406,14.105846405029297,51.91949462890625,5.707777290808735e-06
840,0.0,96.90779113769531,79.20569610595703,297.61431884765625,2.9138436730136164e-06
840,10.527743339538574,181.7439422607422,21.710708618164062,50.90325927734375,2.525816626075539e-06
840,599.9302978515625,361.736572265625,40.5697021484375,118.763427734375,2.7816133751912275e-06
870,389.9751281738281,0.0,94.9061279296875,132.86190795898438,4.289496700948803e-06
870,454.31463623046875,148.8798828125,22.98077392578125,54.28570556640625,6.4343839767389e-05
870,0.0,157.49754333496094,15.78036117553711,61.21624755859375,9.33403498493135e-06
870,448.71783447265625,154.1747283935547,22.03070068359375,53.005859375,0.18035225570201874
870,56.9981689453125,171.0907440185547,22.176300048828125,55.071380615234375,1.1200361313967733e-06
870,461.273681640625,154.20407104492188,24.7052001953125,57.874725341796875,8.097134127638128e-07
870,0.0,149.14633178710938,21.63500213623047,92.98577880859375,1.0358096005802508e-05
870,0.0,93.60454559326172,43.26078414916992,236.64608764648438,1.0328887583455071e-05
870,2.1520814895629883,176.1322021484375,21.86214828491211,52.3526611328125,0.002339671365916729
870,443.1056213378906,142.14419555664062,31.94573974609375,77.5328369140625,1.987727591767907e-05
870,0.0,107.66969299316406,60.72869110107422,306.41717529296875,6.027197741786949e-06
870,15.125893592834473,178.29612731933594,20.927391052246094,50.928802490234375,5.83251562602527e-07
870,0.0,181.71585083007812,16.043861389160156,53.721343994140625,0.00015306608111131936
870,7.313117027282715,186.2081298828125,21.454608917236328,51.15521240234375,0.00017261005996260792
870,600.567626953125,360.10296630859375,39.932373046875,120.39703369140625,2.72077659246861e-06
900,610.8681030273438,0.0,29.63189697265625,59.659019470214844,1.942729113579844e-06
900,595.5237426757812,0.0,44.97625732421875,120.7040786743164,2.9616835490742233e-06
900,576.76220703125,0.0,63.73779296875,170.47959899902344,2.3604150101164123e-06
900,400.732666015625,145.5047607421875,21.7823486328125,51.154327392578125,4.000452008767752e-06
900,482.5442810058594,150.05162048339844,22.10491943359375,53.05572509765625,5.904244972043671e-06
900,545.8306274414062,152.78404235839844,22.70361328125,53.11273193359375,8.393767529923934e-07
900,1.7562952041625977,172.6725616455078,22.143489837646484,52.374298095703125,2.3482196411350742e-05
900,487.9161682128906,157.99362182617188,21.3846435546875,51.065155029296875,2.3620632418897003e-06
900,627.53173828125,170.9407958984375,12.96826171875,51.11859130859375,5.036451057094382e-06
900,0.0,177.4012451171875,15.036689758300781,51.3984375,7.373301923507825e-05
900,0.0,99.31063842773438,61.390228271484375,311.89593505859375,1.0763442332972772e-05
900,5.399068832397461,172.66156005859375,28.005510330200195,65.78533935546875,1.8053895018965704e-06
900,610.6248779296875,408.736083984375,29.8751220703125,71.763916015625,3.036171165149426e-06
900,599.8541259765625,361.291259765625,40.6458740234375,119.208740234375,4.887192972091725e-06
930,416.0002746582031,128.25633239746094,26.49932861328125,61.5599365234375,0.0034674019552767277
930,498.322021484375,148.4482879638672,24.2325439453125,56.958282470703125,0.0001529553410364315
930,409.4140930175781,137.45877075195312,25.558349609375,60.03314208984375,3.672027014545165e-05
930,519.344970703125,156.59799194335938,22.527099609375,54.4486083984375,7.116777851479128e-06
930,508.3221435546875,109.44775390625,131.27685546875,285.5037841796875,3.567866997400415e-06
930,582.9139404296875,150.68006896972656,24.052734375,57.338470458984375,3.910826853825711e-05
930,420.5610656738281,139.3179473876953,26.842041015625,64.844970703125,1.0093173841596581e-05
930,492.26483154296875,156.42791748046875,20.8634033203125,52.131988525390625,1.1716890185198281e-05
930,442.2844543457031,118.59162902832031,131.03689575195312,282.1883544921875,3.023959379788721e-06
930,527.9879760742188,152.30062866210938,20.6873779296875,51.422515869140625,4.181197255093139e-06
930,537.2440795898438,153.69776916503906,20.888427734375,51.24859619140625,1.4073193597141653e-05
930,545.9622192382812,154.29266357421875,20.729736328125,50.91375732421875,2.6659088234737283e-06
930,557.3746948242188,154.15589904785156,21.768310546875,52.44305419921875,1.6420259271399118e-05
930,563.7684326171875,152.14248657226562,21.650390625,51.308380126953125,0.0026297911535948515
930,567.3432006835938,150.638427734375,27.534912109375,66.24005126953125,0.12912923097610474
930,598.9297485351562,154.24082946777344,20.9254150390625,51.85223388671875,3.051102112294757e-06
930,25.28626251220703,170.73526000976562,22.396026611328125,54.5587158203125,4.432612058735685e-06
930,32.91849136352539,170.8277130126953,22.787315368652344,54.836395263671875,2.68944822892081e-05
930,502.93463134765625,154.27001953125,26.3607177734375,62.803131103515625,0.9997398257255554
930,511.16326904296875,156.73426818847656,23.2017822265625,53.759613037109375,0.0005360671202652156
930,524.372314453125,147.355224609375,31.0712890625,72.91903686523438,1.2599990668604732e-06
930,543.5858764648438,148.12026977539062,30.23486328125,71.19610595703125,4.014759156234504e-07
930,588.0057983398438,154.279541015625,28.36962890625,65.96719360351562,9.286213025916368e-05
930,588.9848022460938,145.18751525878906,38.4573974609375,94.88449096679688,2.655287289599073e-06
930,19.401226043701172,175.65576171875,21.632266998291016,51.412750244140625,8.727862450541579e-07
930,48.30382537841797,173.37364196777344,21.10449981689453,51.0823974609375,1.2046733900206164e-05
930,56.32143783569336,172.87570190429688,20.925067901611328,50.73602294921875,2.911613046308048e-05
930,553.3543090820312,149.56735229492188,31.89892578125,76.5645751953125,5.558494740398601e-05
930,576.5199584960938,151.96682739257812,33.0509033203125,83.65716552734375,0.000824388989713043
930,596.1594848632812,161.85165405273438,27.361083984375,62.910430908203125,4.758071736432612e-05
930,0.0,177.15679931640625,14.407780647277832,53.633056640625,5.930932729825145e-06
930,40.39085006713867,177.16421508789062,20.74822235107422,51.0634765625,3.07062036881689e-05
930,572.407470703125,139.2373504638672,49.2568359375,114.5045166015625,1.7560405467520468e-06
930,494.92791748046875,161.09364318847656,29.50531005859375,69.71768188476562,1.203129068017006e-05
930,501.8348388671875,147.82977294921875,37.73388671875,88.31427001953125,4.579590677167289e-05
930,561.3021240234375,142.28314208984375,41.803466796875,98.52462768554688,0.0027813997585326433
930,627.51611328125,185.67063903808594,12.98388671875,51.578643798828125,2.9238533443276538e-06
930,537.2894287109375,113.04525756835938,81.7628173828125,198.61688232421875,1.8512916994950501e-06
930,610.1114501953125,407.02825927734375,30.3885498046875,73.47174072265625,3.037891701751505e-06
930,601.3157958984375,357.73992919921875,39.1842041015625,122.76007080078125,9.985446013160981e-06
960,585.7706298828125,154.362060546875,22.11181640625,51.6981201171875,0.8162714838981628
960,478.5655212402344,93.69368743896484,92.87429809570312,240.37237548828125,2.7568917175813112e-06
960,523.2490234375,124.54876708984375,117.2509765625,278.5137939453125,1.9600195173552493e-06
960,628.11865234375,153.5021209716797,12.38134765625,51.24273681640625,4.656033979699714e-06
960,507.19464111328125,161.0660400390625,21.4140625,53.563446044921875,7.750412578388932e-07
960,507.5091247558594,136.107666015625,46.433074951171875,98.28347778320312,5.115920771459059e-07
960,458.32928466796875,132.6277313232422,126.6004638671875,280.0650634765625,6.6779571170627605e-06
960,529.2520141601562,155.52601623535156,25.694091796875,61.0814208984375,0.00017604680033400655
960,571.446044921875,160.34188842773438,23.896728515625,57.027679443359375,1.2561094990815036e-06
960,596.2320556640625,154.33865356445312,26.3812255859375,63.21551513671875,1.955430207090103e-06
960,606.4835815429688,155.89630126953125,26.706298828125,60.527069091796875,2.5189151529048104e-06
960,23.542251586914062,180.0185089111328,21.97412872314453,53.104949951171875,9.180205961456522e-05
960,520.793212890625,156.63795471191406,26.8468017578125,63.8280029296875,0.9999572038650513
960,579.2601318359375,160.7062530517578,22.0650634765625,50.533172607421875,2.7056394173996523e-06
960,626.828125,167.88351440429688,13.671875,54.60284423828125,4.8108099690580275e-06
960,580.6578369140625,152.9247589111328,32.9346923828125,78.81536865234375,0.004640339873731136
960,512.4224853515625,162.1096649169922,28.50732421875,70.42398071289062,1.4792780120842508e-06
960,572.89794921875,142.03602600097656,49.3309326171875,111.31509399414062,2.865742999347276e-06
960,610.3565063476562,408.4288635253906,30.14349365234375,72.07113647460938,4.209765393170528e-06
960,600.2493286132812,360.056396484375,40.25067138671875,120.443603515625,6.999778179306304e-06
990,424.1134033203125,146.20169067382812,24.20025634765625,56.1031494140625,3.8739341107429937e-05
990,608.5001831054688,158.46466064453125,20.9453125,51.103302001953125,3.966308577219024e-05
990,615.9061279296875,156.61886596679688,21.6162109375,51.615386962890625,5.501317446032772e-06
990,187.0051727294922,173.55606079101562,20.679168701171875,51.427154541015625,0.0002574927930254489
990,408.8954772949219,162.1107635498047,22.56048583984375,53.808074951171875,8.423337931162678e-06
990,415.7481689453125,161.22434997558594,22.42706298828125,51.26336669921875,3.7174386307015084e-06
990,524.3914794921875,165.1686553955078,23.875732421875,52.959075927734375,0.0006701451493427157
990,537.7381591796875,160.8954620361328,27.38037109375,64.26116943359375,3.167346221744083e-05
990,627.4304809570312,161.6215057373047,13.06951904296875,53.1646728515625,3.479644874460064e-06
990,501.89752197265625,165.69046020507812,26.2762451171875,62.026763916015625,2.472998312441632e-05
990,511.24200439453125,164.68345642089844,26.773193359375,62.50225830078125,3.3505784813314676e-07
990,528.2254028320312,160.94171142578125,28.17626953125,67.36639404296875,0.9999997615814209
990,470.0487365722656,142.7506561279297,120.42807006835938,274.5830078125,4.216411070956383e-06
990,522.2846069335938,146.55918884277344,43.338623046875,101.42996215820312,1.976712610485265e-06
990,602.1530151367188,164.6943359375,24.7249755859375,57.3035888671875,2.903114818764152e-06
990,23.63962173461914,188.37974548339844,21.82677459716797,52.36822509765625,0.00101336685474962
990,30.873558044433594,186.92127990722656,21.940155029296875,52.252105712890625,8.26568157208385e-06
990,11.581330299377441,190.1024932861328,20.397281646728516,50.703857421875,1.259152213606285e-06
990,0.0,96.97453308105469,93.4693603515625,303.37908935546875,2.3900684027466923e-06
990,600.9730224609375,357.3008117675781,39.5269775390625,123.19918823242188,4.087863544555148e-06
1020,627.0126342773438,149.36439514160156,13.48736572265625,52.444366455078125,5.7767606449488085e-06
1020,423.7977600097656,150.02410888671875,25.03466796875,57.55633544921875,9.811661584535614e-05
1020,617.0712280273438,159.45843505859375,21.9085693359375,51.673248291015625,5.199649876885815e-06
1020,429.54669189453125,155.97994995117188,25.98443603515625,60.252349853515625,1.062502633430995e-05
1020,167.2338409423828,183.1630859375,20.753662109375,50.78363037109375,6.607535851799184e-07
1020,505.3287353515625,169.7073516845703,21.4393310546875,52.9046630859375,1.5289349903468974e-05
1020,511.31390380859375,148.78689575195312,45.1466064453125,102.22161865234375,6.932269798198831e-07
1020,466.1955261230469,125.46098327636719,125.94772338867188,290.5565185546875,6.287605629040627e-06
1020,538.9530029296875,165.74024963378906,25.3297119140625,59.58831787109375,8.0743620856083e-06
1020,625.4219970703125,170.09356689453125,15.0780029296875,58.906158447265625,4.878394611296244e-05
1020,23.277057647705078,186.72108459472656,22.392486572265625,55.1802978515625,7.27210726836347e-06
1020,498.3682556152344,174.31118774414062,20.901763916015625,50.7196044921875,4.6631216719106305e-06
1020,513.3587646484375,170.7408447265625,27.18017578125,62.711639404296875,2.754116792402783e-07
1020,526.7603149414062,166.7483367919922,26.990966796875,64.12179565429688,0.9999961853027344
1020,618.5343627929688,152.10723876953125,21.96563720703125,98.18856811523438,4.800961323780939e-05
1020,519.0853881835938,176.32351684570312,28.7669677734375,69.67022705078125,5.183482585380261e-07
1020,623.0839233398438,185.14817810058594,17.41607666015625,77.65797424316406,6.14579130342463e-06
1050,595.2786254882812,0.0,45.22137451171875,115.50048828125,1.885579422378214e-06
1050,624.6640014648438,142.10968017578125,15.83599853515625,66.25299072265625,1.7102340279961936e-05
1050,618.4774780273438,131.0444793701172,22.02252197265625,100.0269775390625,1.526360574644059e-05
1050,423.8006896972656,151.41481018066406,24.923095703125,57.762847900390625,3.1598312489222735e-05
1050,529.744140625,164.94667053222656,21.022216796875,50.760833740234375,0.00031966710230335593
1050,541.2363891601562,168.940185546875,25.0618896484375,60.253387451171875,4.5131693582334265e-07
1050,593.693603515625,108.66663360595703,46.806396484375,230.27621459960938,4.836081643588841e-06
1050,503.4789123535156,171.60614013671875,25.371307373046875,60.367767333984375,2.734607369347941e-05
1050,511.5225830078125,151.56451416015625,45.93798828125,101.78836059570312,1.264700017600262e-06
1050,467.1754150390625,121.56784057617188,128.0294189453125,292.35137939453125,3.4837589737435337e-06
1050,533.6068725585938,171.23516845703125,24.6513671875,56.294158935546875,0.00011928148887818679
1050,624.8125610351562,163.45578002929688,15.68743896484375,68.53561401367188,0.021126817911863327
1050,513.7662353515625,170.37033081054688,27.7913818359375,65.19754028320312,2.147220766346436e-05
1050,524.887451171875,169.12054443359375,28.018310546875,67.08743286132812,0.9999958276748657
1050,498.60211181640625,180.4825897216797,21.60394287109375,54.29058837890625,7.587935397168621e-05
1050,617.10791015625,162.97879028320312,23.39208984375,99.56216430664062,0.0006888285861350596
1050,624.2916870117188,187.4559326171875,16.20831298828125,69.6365966796875,3.294115231256001e-05
1050,0.0,252.08763122558594,25.45320701599121,112.06343078613281,8.052461453189608e-06
1080,595.9473266601562,0.0,44.55267333984375,116.92743682861328,1.476836587244179e-06
1080,516.118896484375,171.14785766601562,24.4619140625,57.707000732421875,3.105825089733116e-05
1080,506.478271484375,172.71961975097656,20.952880859375,52.06854248046875,1.1087550774391275e-05
1080,484.2242126464844,116.38188934326172,86.95455932617188,226.9078369140625,1.5524965419899672e-06
1080,464.40118408203125,132.35853576660156,127.046142578125,283.91107177734375,6.7045161813439336e-06
1080,543.6754760742188,172.15443420410156,21.084228515625,51.101959228515625,1.3077000176053843e-06
1080,498.10345458984375,172.4375762939453,24.635009765625,58.73101806640625,4.431029765328276e-07
1080,521.009765625,169.2364501953125,29.108642578125,69.09228515625,0.9999034404754639
1080,513.8533935546875,154.36703491210938,43.65625,101.98712158203125,6.433605449274182e-06
1080,531.4054565429688,172.0207977294922,25.65673828125,59.999908447265625,0.00017871738236863166
1080,153.30873107910156,191.70431518554688,21.7999267578125,51.41680908203125,4.03160493078758e-06
1080,161.49070739746094,191.58985900878906,20.98565673828125,51.814788818359375,6.010312063153833e-06
1080,169.85391235351562,191.51995849609375,20.6636962890625,50.59417724609375,6.741714742020122e-07
1080,505.2467346191406,173.7720184326172,30.663665771484375,71.7186279296875,1.941142357964054e-07
1080,601.6661987304688,359.6332702636719,38.83380126953125,120.86672973632812,3.2012742394726956e-06
1110,595.8504028320312,0.0,44.64959716796875,118.00033569335938,2.347443796679727e-06
1110,418.40203857421875,153.06170654296875,21.92095947265625,52.236053466796875,3.885607293341309e-05
1110,423.7601623535156,149.69520568847656,25.49383544921875,58.75701904296875,0.0008566750329919159
1110,506.2601013183594,163.90823364257812,23.025115966796875,54.58148193359375,4.193836502963677e-05
1110,519.7650146484375,167.3145294189453,23.0206298828125,54.374359130859375,0.00022146219271235168
1110,489.8473205566406,169.87046813964844,25.660675048828125,58.543792724609375,1.7386353192705428e-06
1110,499.35040283203125,157.84828186035156,44.0130615234375,101.32746887207031,4.231872026139172e-06
1110,532.7078247070312,171.68096923828125,24.114990234375,56.244049072265625,3.847444077109685e-06
1110,497.8703308105469,172.2574920654297,27.834136962890625,66.050048828125,0.0002073545183520764
1110,507.9679870605469,168.36962890625,28.776824951171875,68.27734375,0.37468063831329346
1110,524.178466796875,171.98843383789062,25.3775634765625,60.7490234375,0.00011760600318666548
1110,18.029741287231445,193.45448303222656,21.930646896362305,52.50360107421875,1.7606989786145277e-06
1110,515.2179565429688,175.9600830078125,30.8665771484375,71.88821411132812,3.765105475395103e-06
1110,601.451416015625,360.5050048828125,39.048583984375,119.9949951171875,4.819171408598777e-06
1140,596.0257568359375,0.0,44.4742431640625,117.87905883789062,1.5946358189466991e-06
1140,422.9526062011719,142.24559020996094,27.9798583984375,65.809814453125,0.13460227847099304
1140,431.52734375,144.63699340820312,32.18756103515625,79.22702026367188,2.586111122582224e-06
1140,502.8362121582031,174.41258239746094,24.151641845703125,59.0216064453125,5.980653440929018e-06
1140,416.40869140625,159.06130981445312,27.29473876953125,63.6993408203125,1.2529638297564816e-05
1140,534.7244873046875,176.59669494628906,22.4058837890625,52.554931640625,5.672281986335292e-07
1140,416.8049621582031,143.40194702148438,38.19207763671875,94.93734741210938,1.870989649432886e-06
1140,492.549560546875,182.777587890625,21.529052734375,51.72650146484375,0.000720422831363976
1140,17.986648559570312,195.10443115234375,22.254989624023438,53.540191650390625,8.679853635840118e-06
1140,498.24176025390625,185.4285888671875,22.81817626953125,54.568572998046875,0.3879251182079315
1140,509.47113037109375,186.33433532714844,21.6973876953125,51.95025634765625,0.0001336476852884516
1140,527.9815673828125,181.78839111328125,23.43408203125,54.873504638671875,7.686648132221308e-06
1140,10.984308242797852,199.7161407470703,20.456451416015625,50.884033203125,4.24142308474984e-06
1140,518.8862915039062,183.76719665527344,24.7501220703125,57.721405029296875,5.84542874548788e-07
1140,491.9189147949219,175.6007537841797,33.252471923828125,76.98944091796875,3.90601962863002e-06
1140,491.12811279296875,197.35287475585938,21.23602294921875,53.37847900390625,2.11533802030317e-06
1140,502.7159118652344,194.40811157226562,23.496734619140625,56.519989013671875,1.0152679351449478e-05
1140,600.6137084960938,361.1956481933594,39.88629150390625,119.30435180664062,4.832683771383017e-06
1170,595.8365478515625,0.0,44.6634521484375,117.83403778076172,1.2097052604076453e-06
1170,423.90020751953125,144.69482421875,27.84735107421875,64.6851806640625,0.008924010209739208
1170,432.45208740234375,145.09054565429688,31.9644775390625,77.71575927734375,2.9585980882984586e-06
1170,418.05889892578125,163.88035583496094,21.406982421875,52.812255859375,2.002818655455485e-05
1170,503.5330505371094,174.16993713378906,22.504669189453125,52.812225341796875,3.4604938718985068e-06
1170,529.9981079101562,176.552490234375,21.592041015625,50.902252197265625,2.0033944565511774e-06
1170,421.4673767089844,164.8542022705078,26.75152587890625,63.064453125,5.30496436113026e-06
1170,417.79571533203125,146.97979736328125,37.88916015625,93.92437744140625,5.027338374929968e-06
1170,17.802303314208984,197.94094848632812,22.748512268066406,55.065032958984375,0.00016752279771026224
1170,496.3265380859375,183.190673828125,22.90875244140625,54.392333984375,0.00037658007931895554
1170,534.7560424804688,180.50059509277344,23.1190185546875,54.656524658203125,8.868291274666262e-07
1170,0.0,194.74769592285156,15.975370407104492,56.738067626953125,9.881891855911817e-07
1170,490.1144104003906,187.73794555664062,21.09576416015625,50.587860107421875,9.00964550965e-06
1170,0.0,128.50550842285156,88.24076843261719,295.8115234375,4.231880211591488e-06
1170,0.0,215.47055053710938,14.262052536010742,50.608795166015625,7.46096975490218e-06
1170,11.007040977478027,212.87289428710938,21.527835845947266,52.67852783203125,2.3022421373752877e-05
1170,22.97445297241211,208.98939514160156,21.276901245117188,51.47422790527344,7.2736460424494e-05
1170,15.545121192932129,212.16082763671875,24.978378295898438,61.132659912109375,0.00012436960241757333
1200,423.6546325683594,146.64857482910156,26.927978515625,62.166839599609375,0.009033715352416039
1200,419.07489013671875,155.49085998535156,22.96636962890625,55.5667724609375,7.15865417078021e-06
1200,429.9561767578125,159.1233673095703,24.1478271484375,57.419525146484375,3.417185325815808e-06
1200,421.074951171875,141.57858276367188,37.1121826171875,91.09326171875,3.010309228557162e-05
1200,535.54443359375,174.45718383789062,22.001953125,52.6937255859375,1.9490760223561665e-06
1200,422.2245178222656,166.38272094726562,26.0115966796875,61.38134765625,3.1774641229276313e-06
1200,144.1478271484375,194.11941528320312,22.469879150390625,52.400634765625,3.7927036373730516e-06
1200,136.1077117919922,199.2817840576172,23.366790771484375,54.985626220703125,1.2609855730261188e-05
1200,608.668212890625,206.29054260253906,21.1597900390625,50.62968444824219,1.5973511153788422e-06
1200,627.4822998046875,208.64285278320312,13.0177001953125,52.210723876953125,3.923735221178504e-06
1200,600.3423461914062,362.3409729003906,40.15765380859375,118.15902709960938,3.3968844945775345e-06
1230,424.4866638183594,146.01063537597656,27.255859375,62.834320068359375,0.016800163313746452
1230,436.4579162597656,147.0161895751953,26.19622802734375,61.144683837890625,1.6542653611395508e-06
1230,417.8774108886719,154.16256713867188,26.97686767578125,63.082305908203125,1.3668313840753399e-05
1230,511.6565246582031,170.1580352783203,23.438934326171875,55.718017578125,1.3546969057642855e-06
1230,422.7691955566406,140.85958862304688,37.52789306640625,91.5220947265625,2.1229905541986227e-05
1230,520.6481323242188,173.1906280517578,21.023681640625,50.8602294921875,2.7597984626481775e-06
1230,535.292724609375,174.31646728515625,21.8392333984375,52.841064453125,5.52009187231306e-05
1230,0.0,177.41835021972656,15.494340896606445,57.56982421875,2.6526754481892567e-06
1230,424.519775390625,171.12161254882812,21.4381103515625,52.361907958984375,2.6254790554958163e-06
1230,506.6756896972656,177.75778198242188,21.791778564453125,51.342041015625,5.3264102461980656e-05
1230,0.2499837875366211,196.00079345703125,22.750797271728516,53.792938232421875,7.846313565096352e-06
1230,399.8302917480469,189.3249969482422,23.23114013671875,55.15826416015625,3.993072823504917e-06
1230,408.7345886230469,190.21194458007812,20.13238525390625,50.545318603515625,4.196293048153166e-06
1230,527.9131469726562,180.2052764892578,26.16796875,60.902801513671875,4.456815531739267e-06
1230,52.56773376464844,197.9776611328125,21.28545379638672,50.842010498046875,9.310783207183704e-05
1260,0.0,0.0,59.84648895263672,163.7451934814453,2.9475047540472588e-06
1260,595.7862548828125,0.0,44.7137451171875,120.0846939086914,2.9666362024727277e-06
1260,575.8701171875,0.0,64.6298828125,166.95468139648438,2.4592109184595756e-06
1260,425.2611389160156,147.10470581054688,27.8355712890625,63.748626708984375,0.016664406284689903
1260,435.271728515625,147.8686981201172,26.094970703125,62.180145263671875,1.2960991625732277e-05
1260,419.00555419921875,159.31072998046875,22.4803466796875,53.26947021484375,4.449247626325814e-06
1260,627.8096923828125,174.87890625,12.6903076171875,50.80975341796875,3.1813635814614827e-06
1260,422.5740051269531,166.36587524414062,24.80340576171875,59.543853759765625,2.0344237782410346e-05
1260,422.6746520996094,144.43942260742188,37.961669921875,94.70944213867188,2.6978559617418796e-05
1260,535.777099609375,180.34512329101562,22.345458984375,53.081207275390625,1.986812276300043e-05
1260,627.5857543945312,194.16598510742188,12.91424560546875,51.818756103515625,0.0001014579611364752
1260,620.0099487304688,175.08792114257812,20.49005126953125,93.25994873046875,1.6435251382063143e-06
1260,0.0,161.65858459472656,34.705352783203125,148.1464080810547,1.542271547805285e-06
1260,0.0,111.03787231445312,69.34616088867188,306.6103515625,1.9310991774545982e-06
1260,625.8513793945312,210.74671936035156,14.64862060546875,61.04527282714844,7.0784944909974e-06
1260,0.0,156.61257934570312,48.81679153442383,214.00372314453125,5.2614333981182426e-05
1260,0.0,230.33819580078125,24.70940399169922,100.997802734375,6.925564230186865e-05
1260,0.0,215.52542114257812,36.14639663696289,140.629638671875,0.001551082474179566
1260,0.0,272.9764709472656,19.907949447631836,73.823486328125,1.2404349035932682e-05
1260,0.0,259.2281494140625,26.679243087768555,116.76251220703125,0.00012457839329726994
1260,0.0,225.918701171875,43.00640869140625,210.5428466796875,8.923753193812445e-05
1260,0.0,311.78125,18.3801326751709,62.76654052734375,2.5669854949228466e-05
1290,0.0,0.0,48.23107147216797,114.18778228759766,5.51612129129353e-06
1290,596.1790771484375,0.0,44.3209228515625,121.6691665649414,2.785558081086492e-06
1290,0.0,146.5367431640625,13.85647964477539,50.74273681640625,2.146929318769253e-06
1290,0.10679054260253906,151.32919311523438,24.30292320251465,57.051422119140625,5.144589522387832e-06
1290,539.28369140625,185.55392456054688,21.2542724609375,50.5181884765625,0.0029897186905145645
1290,627.7803955078125,180.90220642089844,12.7196044921875,51.53582763671875,1.6285949868688476e-06
1290,550.8319091796875,183.67669677734375,20.73828125,51.019866943359375,2.2614972294832114e-06
1290,395.02783203125,189.52130126953125,21.68084716796875,51.19036865234375,2.1311848286131863e-06
1290,531.354248046875,187.7592315673828,22.863525390625,54.840728759765625,2.1730984371970408e-06
1290,544.2030639648438,193.2034454345703,22.079345703125,51.040618896484375,2.735896487138234e-06
1290,627.9471435546875,202.17691040039062,12.5528564453125,51.264739990234375,9.917268471326679e-06
1290,532.4739990234375,181.196533203125,31.5450439453125,74.65130615234375,1.850492481025867e-05
1320,432.6971435546875,147.6156768798828,22.1500244140625,51.870391845703125,3.6752996948052896e-06
1320,401.236572265625,172.6028594970703,22.253173828125,55.768798828125,1.0947377404590952e-06
1320,429.5636901855469,158.30853271484375,27.1573486328125,62.819366455078125,0.00016901400522328913
1320,626.5646362304688,161.83212280273438,13.93536376953125,59.103729248046875,7.805409040884115e-06
1320,0.0,166.60923767089844,16.7730770111084,60.8304443359375,5.674572093994357e-06
1320,0.0,139.1763916015625,23.4327392578125,105.74917602539062,1.148157116404036e-05
1320,14.353811264038086,167.48583984375,29.248262405395508,65.51138305664062,3.90160812457907e-06
1320,7.028022766113281,147.2738037109375,41.58449935913086,102.35040283203125,3.474153345450759e-05
1320,417.55902099609375,171.68637084960938,22.7412109375,53.4224853515625,7.033725637484167e-07
1320,437.38360595703125,165.2156524658203,25.6370849609375,60.91998291015625,3.05334287986625e-05
1320,618.1220092773438,172.34774780273438,21.1053466796875,50.566497802734375,6.189270152390236e-06
1320,424.6769714355469,176.4394073486328,22.72357177734375,54.526397705078125,0.00012326205614954233
1320,0.0,115.20613861083984,48.724952697753906,225.73348999023438,3.849679615086643e-06
1320,0.7073650360107422,187.37973022460938,21.339008331298828,51.77984619140625,4.258527042111382e-06
1320,431.2740173339844,179.68096923828125,23.00067138671875,56.081207275390625,1.772066025296226e-05
1320,551.9221801757812,188.5124053955078,21.44775390625,50.60577392578125,8.108114343485795e-06
1320,627.8013916015625,183.63336181640625,12.6986083984375,51.17694091796875,1.945306394190993e-05
1320,0.0,194.71746826171875,14.548345565795898,51.2586669921875,2.4506758563802578e-05
1320,387.95416259765625,191.79966735839844,21.471435546875,52.1754150390625,2.1193756083448534e-07
1320,394.8930358886719,188.22265625,21.4093017578125,50.72161865234375,2.072219103865791e-05
1320,545.0905151367188,189.93283081054688,22.2674560546875,53.410247802734375,7.096176091181405e-07
1320,559.3463745117188,190.8031768798828,21.1690673828125,51.673187255859375,2.0725337890326045e-06
1320,8.90247631072998,196.83412170410156,22.403602600097656,54.075531005859375,1.6243650406977395e-06
1320,15.804510116577148,191.97039794921875,26.319704055786133,62.283416748046875,1.273304133064812e-05
1320,548.2031860351562,184.71051025390625,30.5614013671875,72.24386596679688,4.7342376774395234e-07
1320,0.0,193.065185546875,19.583967208862305,76.82391357421875,2.590013900771737e-05
1320,0.0,164.71209716796875,29.43129539489746,126.09963989257812,4.253761744621443e-06
1320,3.584840774536133,189.81320190429688,33.547080993652344,79.79083251953125,1.5554054698441178e-05
1320,18.04190444946289,186.03892517089844,34.31993865966797,84.13786315917969,1.0497551556909457e-06
1320,0.0,220.7920684814453,13.878393173217773,53.03428649902344,2.9371535674727056e-06
1320,599.8627319335938,361.17425537109375,40.63726806640625,119.32574462890625,3.630812443589093e-06
1350,59.7158317565918,193.8981170654297,21.07785415649414,50.912750244140625,3.6881331197946565e-06
1350,69.2389907836914,194.99871826171875,23.20953369140625,54.346282958984375,2.652928515090025e-06
1350,627.9457397460938,194.6837921142578,12.55426025390625,50.532623291015625,1.3066070096101612e-05
1350,0.0,208.79498291015625,16.086729049682617,55.388763427734375,6.4532505348324776e-06
1350,8.486957550048828,209.8975830078125,22.16024398803711,52.0333251953125,5.161898116057273e-06
1350,17.02800750732422,209.07652282714844,22.391647338867188,52.26344299316406,6.3704087551741395e-06
1350,64.47388458251953,205.683837890625,21.828887939453125,50.9759521484375,0.0006623210501857102
1350,42.06992721557617,209.15821838378906,22.207412719726562,53.08119201660156,8.46660987008363e-06
1350,601.4501342773438,359.0415954589844,39.04986572265625,121.45840454101562,3.0681248972541653e-06
1380,596.46826171875,0.0,44.03173828125,119.24028015136719,2.9659856863872847e-06
1380,578.2501831054688,0.0,62.24981689453125,169.39938354492188,1.3313662066138932e-06
1380,570.900634765625,75.02176666259766,21.927734375,51.078887939453125,1.5745594282634556e-05
1380,578.2892456054688,73.19190979003906,22.3590087890625,51.82386779785156,6.412663060473278e-05
1380,585.0396728515625,78.00613403320312,21.997802734375,52.258392333984375,0.0001963883260032162
1380,592.970703125,76.0296630859375,21.013427734375,51.202239990234375,1.8647851902642287e-05
1380,600.5096435546875,75.71269989013672,20.437744140625,50.66184997558594,4.135891231271671e-06
1380,575.2839965820312,77.80142211914062,29.2706298828125,68.89263916015625,1.4164360209178994e-06
1380,119.47595977783203,168.12271118164062,23.67823028564453,56.720672607421875,8.588841410528403e-06
1380,433.930419921875,177.6942138671875,21.51617431640625,51.558502197265625,2.044217944785487e-05
1380,111.58059692382812,173.0440673828125,25.89990234375,59.92669677734375,6.740344815625576e-07
1380,448.4836730957031,178.39219665527344,21.98681640625,52.411163330078125,0.00014975927479099482
1380,456.4872131347656,177.2511749267578,22.32952880859375,52.341522216796875,4.401109254104085e-05
1380,440.01715087890625,183.0662384033203,22.06072998046875,52.255706787109375,1.7212505554198287e-05
1380,401.4268493652344,189.16281127929688,21.482177734375,51.606781005859375,2.94181631943502e-07
1380,0.0,182.00709533691406,23.0116024017334,103.48887634277344,3.3389658256055554e-06
1380,627.150634765625,217.31439208984375,13.349365234375,51.76544189453125,3.2796376672195038e-06
1410,15.634860038757324,47.77519226074219,23.574432373046875,56.701995849609375,5.315591624821536e-05
1410,616.01416015625,55.468048095703125,24.48583984375,59.80488586425781,3.671446393127553e-06
1410,11.348921775817871,56.67955780029297,31.60653305053711,77.70172882080078,0.000656583346426487
1410,610.042236328125,66.18756866455078,21.8609619140625,54.00025939941406,3.433162419241853e-05
1410,623.8606567382812,65.53092193603516,16.63934326171875,64.48897552490234,0.00014696521975565702
1410,602.8258666992188,72.19125366210938,26.5225830078125,60.888580322265625,6.935311489542073e-07
1410,613.85205078125,68.23516845703125,26.64794921875,76.73577880859375,0.00028823246248066425
1410,0.0,40.24378967285156,33.05659484863281,135.6138916015625,3.685682258947054e-06
1410,0.0,20.93500518798828,48.32706832885742,221.7159423828125,5.854712526343064e-06
1410,623.2867431640625,88.22804260253906,17.2132568359375,69.75527954101562,2.200878589064814e-05
1410,608.7306518554688,56.67527770996094,31.76934814453125,133.06088256835938,3.653438398032449e-05
1410,594.0745239257812,35.49348449707031,46.42547607421875,225.6632537841797,3.514889249345288e-05
1410,446.6922302246094,131.14990234375,24.31256103515625,56.33837890625,0.00022431369870901108
1410,455.33880615234375,132.7003173828125,22.56085205078125,51.388671875,5.756566679337993e-06
1410,443.82855224609375,133.25369262695312,33.9884033203125,78.42938232421875,0.48146262764930725
1410,459.86480712890625,135.3067626953125,27.39837646484375,64.40603637695312,7.5947627919958904e-06
1410,434.0677185058594,165.8651123046875,22.454345703125,54.3134765625,6.400122742888925e-07
1410,436.85296630859375,150.94564819335938,32.62396240234375,80.2049560546875,0.0006961466860957444
1410,450.2161560058594,157.40277099609375,21.0941162109375,50.993194580078125,8.978699952422176e-06
1410,463.0841064453125,159.95809936523438,21.24566650390625,51.803497314453125,6.865528848720714e-05
1410,440.74224853515625,172.09954833984375,21.628662109375,51.053314208984375,0.0003293438348919153
1410,430.3796691894531,124.09585571289062,48.71478271484375,115.14962768554688,1.1263709893682972e-05
1410,448.9161682128906,149.7294158935547,33.60211181640625,80.68331909179688,4.205651566735469e-05
1410,398.582275390625,93.27024841308594,107.4415283203125,246.7025909423828,3.0835337838652777e-06
1410,457.5076904296875,173.39244079589844,21.45989990234375,52.2357177734375,9.116180081036873e-06
1410,458.3060607910156,161.39822387695312,31.38970947265625,74.83853149414062,1.113323719437176e-06
1410,627.59619140625,180.8585968017578,12.90380859375,51.05621337890625,8.82517997524701e-06
1410,445.7738952636719,178.10150146484375,24.0377197265625,56.566192626953125,1.6239273463725112e-05
1410,463.98529052734375,180.43637084960938,21.62872314453125,50.916748046875,1.0582655704638455e-05
1410,400.9767761230469,189.24501037597656,21.90411376953125,53.221588134765625,6.573288828803925e-07
1410,435.55218505859375,184.4202423095703,21.956787109375,51.828948974609375,0.00010516589100006968
1410,626.0400390625,198.92962646484375,14.4599609375,56.49920654296875,2.5808982172748074e-05
1410,627.1276245117188,222.76768493652344,13.37237548828125,51.65916442871094,4.460335730982479e-06
1440,0.0,160.2971649169922,15.442395210266113,57.464813232421875,5.590683940681629e-06
1440,468.50299072265625,168.5588836669922,28.2191162109375,66.35418701171875,7.4891781878250185e-06
1440,487.38555908203125,163.4875030517578,23.28814697265625,53.70770263671875,1.578006413183175e-05
1440,458.31951904296875,178.73471069335938,24.10546875,57.38568115234375,0.00020936621876899153
1440,480.2784118652344,174.8706817626953,21.9490966796875,51.136444091796875,2.7425072403275408e-05
1440,120.83653259277344,188.48085021972656,23.568206787109375,54.245391845703125,1.3471200873027556e-05
1440,129.0929412841797,188.42481994628906,22.61358642578125,54.715179443359375,4.3507538066478446e-05
1440,441.8685607910156,180.98463439941406,22.44573974609375,52.910247802734375,7.901995559222996e-05
1440,449.794921875,183.5699005126953,23.85888671875,56.931854248046875,1.8652742710401071e-06
1440,462.8840026855469,182.7199249267578,27.37359619140625,65.50244140625,0.9999964237213135
1440,403.82244873046875,156.7241668701172,126.91839599609375,282.131103515625,1.6113937135742162e-06
1440,474.6308288574219,182.5850372314453,26.2559814453125,63.403350830078125,0.00011054833885282278
1440,627.539794921875,186.4727325439453,12.960205078125,52.22589111328125,3.208995394743397e-06
1440,399.5812072753906,183.8192901611328,28.544677734375,67.10174560546875,5.65009395359084e-06
1440,409.58502197265625,186.31190490722656,22.44000244140625,54.08319091796875,0.00017048789595719427
1440,416.0083923339844,192.74850463867188,21.5537109375,52.820343017578125,1.1415363587730099e-05
1440,466.963623046875,190.90048217773438,30.3951416015625,73.77194213867188,1.593032152413798e-06
1440,454.6236572265625,177.96527099609375,41.17254638671875,101.02313232421875,1.2441714716260321e-05
1440,0.0,345.8255615234375,62.15807342529297,134.6744384765625,1.1951424312428571e-05
1440,601.1563110351562,358.0042724609375,39.34368896484375,122.4957275390625,4.260143668943783e-06
1470,628.1329956054688,130.86776733398438,12.36700439453125,51.061920166015625,2.9807079044985585e-06
1470,446.2232971191406,116.47573852539062,88.18356323242188,204.87466430664062,5.808945502394636e-07
1470,480.2985534667969,144.06509399414062,40.336700439453125,95.6380615234375,0.000466174358734861
1470,494.6658630371094,155.1503143310547,22.200836181640625,52.5345458984375,0.0005414235056377947
1470,447.0428161621094,135.0756378173828,43.2283935546875,106.0806884765625,7.675294182263315e-05
1470,457.15277099609375,131.70773315429688,51.88043212890625,126.810791015625,3.80263441002171e-06
1470,460.36944580078125,152.71148681640625,30.25689697265625,72.50933837890625,4.60961655335268e-06
1470,482.68212890625,166.57894897460938,21.97576904296875,51.28790283203125,0.0006351298070512712
1470,491.5174255371094,163.23609924316406,28.348907470703125,67.70523071289062,0.048420872539281845
1470,501.6714782714844,165.36538696289062,22.938018798828125,53.212005615234375,4.079151767655276e-05
1470,512.2144165039062,162.8970184326172,21.357666015625,51.151458740234375,8.699163117853459e-06
1470,417.81683349609375,171.09019470214844,22.7568359375,53.648712158203125,1.0414257303636987e-05
1470,470.6399841308594,158.6136474609375,32.58697509765625,79.93814086914062,0.0004773738037329167
1470,411.9870910644531,177.01856994628906,22.48272705078125,53.84478759765625,1.4138139704300556e-05
1470,484.5898132324219,172.14572143554688,28.983062744140625,68.7958984375,0.7799984216690063
1470,432.15374755859375,149.9343719482422,125.8389892578125,274.59295654296875,9.486163889960153e-07
1470,418.088134765625,189.0084686279297,21.7296142578125,50.955352783203125,0.0008919435204006732
1470,495.0762023925781,171.96331787109375,33.031402587890625,79.30096435546875,6.1695864133071154e-06
1470,410.29913330078125,192.64822387695312,21.82568359375,52.86126708984375,1.8215810996480286e-05
1470,423.4060974121094,195.30856323242188,21.212890625,50.821380615234375,3.3536547562107444e-05
1470,473.2933349609375,165.68472290039062,41.16815185546875,97.84027099609375,0.0008760013151913881
1470,599.4925537109375,360.901123046875,41.0074462890625,119.598876953125,4.8852448344405275e-06
1500,449.88970947265625,120.19661712646484,34.1173095703125,79.63556671142578,1.4661001159765874e-06
1500,627.9921875,122.59776306152344,12.5078125,51.1859130859375,9.308638254879043e-06
1500,489.7589416503906,150.39620971679688,21.18365478515625,50.774993896484375,0.00010269696940667927
1500,496.66571044921875,153.43736267089844,21.95916748046875,51.518646240234375,0.00022722611902281642
1500,503.5628662109375,161.57266235351562,21.9852294921875,51.498046875,0.0014131388161331415
1500,448.364501953125,135.54217529296875,41.4017333984375,102.91909790039062,3.921531970263459e-06
1500,476.0007629394531,152.03501892089844,32.97998046875,75.63665771484375,3.4428535400365945e-06
1500,487.90325927734375,160.66635131835938,27.23272705078125,62.989013671875,0.00023919511295389384
1500,481.565673828125,168.9768524169922,21.1024169921875,52.41162109375,1.3789893273497e-05
1500,483.8361511230469,149.40927124023438,38.081329345703125,90.27651977539062,4.4267348130233586e-05
1500,496.7374267578125,170.18174743652344,26.2227783203125,62.799560546875,0.18545298278331757
1500,507.8932800292969,167.81922912597656,25.799407958984375,58.947998046875,7.248000474646688e-05
1500,441.8280029296875,176.5159912109375,21.52252197265625,50.96075439453125,1.0690573617466725e-05
1500,0.0,188.8521728515625,16.103303909301758,60.623687744140625,2.306237547600176e-06
1500,0.0,160.75270080566406,23.257463455200195,105.01237487792969,5.5156956477731e-06
1500,417.4947814941406,188.7664794921875,22.4967041015625,52.903564453125,3.330961044412106e-05
1500,492.409423828125,182.35914611816406,28.187744140625,69.8209228515625,4.3628064304357395e-05
1500,0.0,348.71075439453125,63.1070671081543,131.78924560546875,5.6111043704731856e-06
1530,410.0160827636719,130.38458251953125,21.514404296875,51.015869140625,3.9113874663598835e-06
1530,413.93634033203125,127.32513427734375,26.76031494140625,62.937652587890625,3.602840661187656e-05
1530,412.2373046875,135.48707580566406,34.0009765625,80.64566040039062,4.156389422860229e-06
1530,445.8457336425781,126.22254943847656,42.48748779296875,106.65200805664062,5.084764779894613e-06
1530,505.13885498046875,159.79315185546875,22.230712890625,52.183563232421875,7.893296424299479e-05
1530,495.43682861328125,159.3467559814453,27.80401611328125,67.01446533203125,4.438071118784137e-05
1530,517.2225952148438,162.1237030029297,24.1007080078125,57.295684814453125,5.695406798622571e-06
1530,447.1830139160156,159.79531860351562,22.44970703125,54.522705078125,6.819890586484689e-06
1530,441.93914794921875,148.98626708984375,32.78863525390625,78.41427612304688,6.2065232668828685e-06
1530,489.7442321777344,168.12120056152344,21.96844482421875,53.572265625,1.9166569472872652e-05
1530,484.2383117675781,149.653076171875,36.588531494140625,88.36325073242188,5.82309485253063e-06
1530,460.27978515625,114.91503143310547,89.6318359375,221.23556518554688,8.329169531862135e-07
1530,509.96759033203125,166.71490478515625,23.9893798828125,57.52960205078125,0.7023943066596985
1530,475.591552734375,167.80572509765625,20.12774658203125,51.247711181640625,4.61303807242075e-06
1530,449.7005310058594,140.9361572265625,123.72189331054688,278.3670654296875,5.6398707783955615e-06
1530,441.6770935058594,171.393310546875,23.0150146484375,53.616455078125,0.00990739930421114
1530,480.874755859375,175.5338592529297,24.19818115234375,57.206939697265625,6.777929229428992e-05
1530,501.4652099609375,170.62205505371094,29.071533203125,69.31680297851562,0.6792754530906677
1530,525.7531127929688,170.91104125976562,25.3770751953125,58.9158935546875,5.847954298587865e-07
1530,491.5882263183594,180.33389282226562,24.671783447265625,58.480072021484375,0.0005295584560371935
1530,511.8180236816406,170.40447998046875,30.985748291015625,74.37222290039062,0.0006033155950717628
1530,491.2791442871094,176.89376831054688,34.731964111328125,83.6370849609375,0.0018972252728417516
1530,497.2158203125,159.56655883789062,43.04443359375,105.53091430664062,0.0002027384180109948
1530,0.0,343.18951416015625,63.70092010498047,137.31048583984375,3.374395873834146e-06
1530,599.8512573242188,362.0989990234375,40.64874267578125,118.4010009765625,5.174935722607188e-06
1560,511.42327880859375,161.84539794921875,22.3157958984375,51.55267333984375,2.6219629944534972e-05
1560,481.5897216796875,170.44668579101562,24.22711181640625,56.906646728515625,6.032177680026507e-06
1560,499.1676940917969,174.6591033935547,22.599151611328125,51.5140380859375,0.0002227030199719593
1560,448.4803771972656,152.84149169921875,123.17355346679688,270.5018310546875,2.3136792606237577e-06
1560,513.4354248046875,167.333984375,27.4854736328125,65.63589477539062,0.00198405422270298
1560,490.3022155761719,175.16079711914062,26.174346923828125,62.08721923828125,8.792723383521661e-05
1560,504.0147705078125,169.56179809570312,29.423583984375,70.29833984375,0.7814531922340393
1560,524.723876953125,175.32992553710938,26.6826171875,61.112701416015625,6.466730155807454e-06
1560,0.0,194.01991271972656,15.556976318359375,56.788543701171875,1.6845096979523078e-05
1560,7.860893249511719,202.18325805664062,22.87763214111328,54.092529296875,9.366894119011704e-06
1560,495.1671142578125,174.159912109375,31.79364013671875,76.37661743164062,0.0010841824114322662
1560,0.0,182.48812866210938,23.456016540527344,100.98190307617188,5.66974131288589e-06
1560,498.35028076171875,161.98358154296875,42.0399169921875,100.21292114257812,0.00026757593150250614
1560,0.0,213.09278869628906,15.847131729125977,58.66368103027344,6.836736702098278e-06
1560,0.0,343.4593505859375,64.14014434814453,137.0406494140625,6.591030341951409e-06
1590,454.0584716796875,121.98381042480469,22.791259765625,53.236175537109375,7.179303906923451e-07
1590,448.58587646484375,117.79039001464844,34.3309326171875,81.4552001953125,4.9159509217133746e-05
1590,448.01116943359375,133.85006713867188,42.41204833984375,104.99551391601562,1.0216121154371649e-05
1590,503.09918212890625,161.35821533203125,26.354736328125,62.84967041015625,5.17214102728758e-05
1590,490.5224304199219,168.95867919921875,20.8555908203125,50.68603515625,1.2680862710112706e-05
1590,517.6412963867188,169.65802001953125,22.2479248046875,52.794036865234375,0.0008550887578167021
1590,473.9315185546875,168.64682006835938,25.1273193359375,57.60687255859375,7.243002983159386e-06
1590,456.0627136230469,125.5330810546875,126.69052124023438,285.12054443359375,1.2516524293459952e-05
1590,0.0,179.7734375,13.068709373474121,50.569427490234375,3.3105498005170375e-06
1590,484.48455810546875,160.230712890625,37.17755126953125,86.34201049804688,3.360855998835177e-06
1590,508.8519592285156,172.32403564453125,27.415008544921875,65.05477905273438,0.6557359099388123
1590,523.99951171875,174.2183074951172,25.5943603515625,60.82684326171875,0.00012435679673217237
1590,433.89227294921875,185.16038513183594,21.27020263671875,50.624481201171875,8.369868010049686e-05
1590,440.79486083984375,182.38243103027344,22.05908203125,51.898956298828125,3.681080670503434e-06
1590,481.6844787597656,182.9199981689453,22.77606201171875,54.223480224609375,0.00026192746008746326
1590,491.5008544921875,182.55870056152344,21.999267578125,52.495574951171875,0.0013530123978853226
1590,496.914306640625,178.83847045898438,27.8155517578125,66.6002197265625,0.05498303845524788
1590,533.7901000976562,179.8536376953125,25.0955810546875,57.78399658203125,1.9214787698729197e-06
1590,513.7393798828125,179.96890258789062,31.0301513671875,71.26922607421875,6.188025145092979e-05
1590,498.3582763671875,167.87591552734375,40.6029052734375,96.70941162109375,0.0002777019690256566
1590,0.0,346.39385986328125,63.818504333496094,134.10614013671875,5.6047883845167235e-06
1620,450.3644104003906,120.51986694335938,23.2611083984375,54.527374267578125,0.00012021623115288094
1620,459.9462585449219,120.30170440673828,25.0123291015625,57.925010681152344,1.977061401703395e-05
1620,450.7386779785156,117.68753814697266,35.2313232421875,82.76573944091797,0.0010186561848968267
1620,447.0960693359375,124.21778869628906,48.25408935546875,113.361572265625,0.00010664860747056082
1620,505.91949462890625,159.93453979492188,24.1422119140625,56.71337890625,7.210188050521538e-05
1620,506.3790283203125,158.1072998046875,34.7606201171875,80.10626220703125,0.00011685826757457107
1620,432.2763671875,78.29057312011719,90.5948486328125,227.1817169189453,2.7273933937976835e-06
1620,469.9142761230469,165.68743896484375,29.62939453125,71.44110107421875,5.414540282799862e-06
1620,498.8194580078125,142.11135864257812,50.236572265625,112.04403686523438,2.3082286588760326e-06
1620,450.0810241699219,114.54670715332031,134.77969360351562,287.625,6.219932402018458e-06
1620,447.97747802734375,176.1192626953125,23.33953857421875,54.359039306640625,5.80393952986924e-06
1620,400.89984130859375,81.34010314941406,142.02069091796875,308.70550537109375,8.647539289086126e-06
1620,480.15362548828125,179.62594604492188,21.67449951171875,51.290740966796875,0.0013083291705697775
1620,512.8084716796875,172.66162109375,23.3076171875,55.43731689453125,0.9906125068664551
1620,526.60009765625,172.62757873535156,22.7655029296875,54.0672607421875,0.0001373205886920914
1620,443.1841125488281,186.75527954101562,21.41522216796875,51.28045654296875,9.138592758972663e-06
1620,487.83245849609375,180.55764770507812,21.9681396484375,52.482574462890625,1.2509173757280223e-05
1620,497.3902587890625,179.27670288085938,23.93804931640625,56.1142578125,4.5353470341069624e-05
1620,116.38300323486328,192.03768920898438,21.58812713623047,51.08831787109375,8.240573151852004e-06
1620,126.52645874023438,190.00575256347656,23.013397216796875,55.24591064453125,1.3925086022936739e-05
1620,504.71502685546875,177.92514038085938,25.6676025390625,62.554168701171875,0.0009229994029738009
1620,517.6754150390625,178.27320861816406,25.8048095703125,60.54541015625,0.0001241779827978462
1620,519.16845703125,166.57778930664062,35.638671875,86.33209228515625,5.206140031077666e-06
1620,473.5605773925781,191.1469268798828,21.59161376953125,52.5240478515625,8.725916814000811e-06
1620,0.0,347.62994384765625,61.972530364990234,132.87005615234375,4.712705958809238e-06
1650,507.05938720703125,161.12294006347656,23.648193359375,55.73773193359375,1.6504551240359433e-05
1650,487.61798095703125,175.11419677734375,22.46600341796875,52.8076171875,0.00021240964997559786
1650,446.33001708984375,117.6737060546875,132.12445068359375,276.5516052246094,7.534683845733525e-06
1650,519.750244140625,169.27349853515625,23.2681884765625,55.584716796875,0.9919175505638123
1650,534.2847290039062,169.15196228027344,21.051513671875,50.90142822265625,9.44999119383283e-05
1650,442.24017333984375,185.43849182128906,21.58843994140625,50.655426025390625,7.758364517940208e-06
1650,481.7686767578125,180.25753784179688,21.8555908203125,50.9041748046875,0.005193386692553759
1650,498.2827453613281,178.08273315429688,20.946014404296875,52.126708984375,7.580298188258894e-06
1650,512.548583984375,173.508544921875,25.312255859375,60.993316650390625,0.07468281686306
1650,525.0926513671875,171.68191528320312,25.8541259765625,60.151641845703125,0.000734338304027915
1650,504.88983154296875,177.2449951171875,26.2080078125,62.928985595703125,1.1282103514531627e-05
1650,529.7425537109375,171.85946655273438,31.9305419921875,77.74853515625,1.5426394384121522e-05
1650,0.0,200.45883178710938,15.623466491699219,54.609344482421875,4.21022286900552e-06
1650,510.8165588378906,162.19171142578125,36.240447998046875,86.72146606445312,0.0006527825607918203
1680,513.2935791015625,167.26467895507812,20.9195556640625,51.043914794921875,1.6831736502354033e-05
1680,413.6695251464844,157.02346801757812,32.0955810546875,76.32696533203125,9.354789654025808e-06
1680,529.693603515625,170.81097412109375,21.3531494140625,50.660736083984375,0.0019055197481065989
1680,419.2068176269531,175.3096923828125,21.1832275390625,50.524322509765625,0.00026007412816397846
1680,594.7942504882812,84.2129135131836,45.70574951171875,240.75616455078125,7.057934908516472e-06
1680,448.1034240722656,182.43699645996094,21.63232421875,51.638763427734375,1.1713517778844107e-05
1680,500.4316101074219,178.24400329589844,20.541168212890625,50.684814453125,0.00033323524985462427
1680,516.1472778320312,179.23397827148438,22.175537109375,51.2532958984375,0.019748762249946594
1680,519.9373168945312,175.550537109375,26.5791015625,63.72515869140625,0.9994854927062988
1680,457.2718200683594,140.6654815673828,127.76937866210938,281.34161376953125,1.8799337340169586e-05
1680,534.4360961914062,175.81285095214844,22.7576904296875,53.9044189453125,0.20089900493621826
1680,541.9468383789062,175.0686798095703,21.2254638671875,50.874237060546875,0.00521748187020421
1680,551.0693969726562,174.1011962890625,20.9940185546875,50.88671875,8.056547812884673e-06
1680,506.4584655761719,180.08944702148438,21.138946533203125,51.0926513671875,0.0015675320755690336
1680,508.20965576171875,155.12969970703125,46.6339111328125,102.87603759765625,5.8958389672625344e-06
1680,155.53579711914062,195.81777954101562,21.496978759765625,51.40533447265625,1.6866562191353296e-06
1680,410.52252197265625,189.41250610351562,21.67657470703125,52.180938720703125,5.297334064380266e-05
1680,423.9706115722656,190.0687255859375,21.7431640625,50.99407958984375,0.00726721715182066
1680,432.1636657714844,192.5883026123047,21.53765869140625,51.603973388671875,3.7051711387903197e-06
1680,414.6370544433594,187.06729125976562,29.17108154296875,67.12469482421875,6.737036164849997e-05
1680,503.2095642089844,177.13453674316406,31.405303955078125,76.2503662109375,1.834568934100389e-06
1680,529.0782470703125,178.25100708007812,31.138671875,75.806396484375,0.0009726685821078718
1680,539.8568115234375,185.6180877685547,28.694580078125,62.10296630859375,3.862616722472012e-06
1680,161.8861541748047,200.38925170898438,21.4683837890625,51.057952880859375,4.3981719500152394e-05
1680,167.5128936767578,201.12677001953125,23.50189208984375,55.394287109375,1.0690603630791884e-05
1680,521.0576171875,197.30792236328125,22.1748046875,53.709625244140625,1.0808824299601838e-05
1680,513.5792236328125,185.38992309570312,35.09814453125,82.99752807617188,4.329373496148037e-06
1710,520.014404296875,173.6967010498047,29.3253173828125,73.65664672851562,1.7368542103213258e-05
1710,535.8140869140625,175.3438262939453,22.780517578125,54.11279296875,1.5974905181792565e-05
1710,484.12481689453125,183.50747680664062,21.997802734375,52.20660400390625,5.909793799219187e-06
1710,495.9410095214844,183.25491333007812,23.192169189453125,55.54425048828125,9.566389780957252e-05
1710,507.3596496582031,181.83395385742188,20.651580810546875,50.870635986328125,3.582256977097131e-05
1710,563.127685546875,179.7489471435547,23.1474609375,55.42626953125,0.00011501055269036442
1710,591.08984375,99.10488891601562,49.41015625,234.0987548828125,1.4561408534063958e-05
1710,90.38050842285156,190.51727294921875,22.223312377929688,51.325225830078125,9.35229218157474e-06
1710,510.24029541015625,179.09034729003906,28.7774658203125,67.36700439453125,1.2448970210243715e-06
1710,526.4300537109375,175.62303161621094,35.969970703125,86.64802551269531,0.9999932050704956
1710,547.2869262695312,185.2578887939453,22.6021728515625,51.0323486328125,2.4493313048878917e-06
1710,538.5768432617188,177.53689575195312,32.463623046875,76.6787109375,0.0001231425703736022
1710,554.2164306640625,179.28927612304688,26.5224609375,64.00637817382812,0.9957169890403748
1710,626.85888671875,185.68934631347656,13.64111328125,53.927001953125,3.035684812857653e-06
1710,621.5800170898438,174.8723602294922,18.91998291015625,79.47366333007812,3.321143367429613e-06
1710,610.6799926757812,131.2352294921875,29.82000732421875,139.13693237304688,1.7379939890815876e-05
1710,97.674560546875,195.49974060058594,22.028976440429688,51.477935791015625,4.6844917960697785e-05
1710,110.52181243896484,193.83067321777344,23.12464141845703,53.3424072265625,1.3616927390103228e-06
1710,420.55438232421875,192.01010131835938,21.295654296875,51.00115966796875,0.989982545375824
1710,412.3257141113281,177.26760864257812,34.40484619140625,75.3095703125,4.436840754351579e-06
1710,354.2724609375,151.6263427734375,133.7015380859375,270.70379638671875,5.573717771767406e-06
1710,427.7661437988281,191.03480529785156,21.9554443359375,52.533477783203125,0.0010539998766034842
1710,489.4605712890625,191.19851684570312,22.23101806640625,51.812957763671875,0.0022585121914744377
1710,530.55615234375,185.3468475341797,24.3048095703125,58.24658203125,4.939842619933188e-05
1710,104.26416778564453,197.66482543945312,22.278335571289062,52.9698486328125,4.279976201360114e-05
1710,412.86358642578125,197.8293914794922,21.4971923828125,51.4522705078125,0.00010996313358191401
1710,555.38818359375,170.3720703125,36.3419189453125,88.99945068359375,1.9147404600516893e-05
1710,535.1372680664062,197.11935424804688,23.28564453125,56.57232666015625,1.319181319558993e-05
1710,416.5980224609375,200.82110595703125,25.99212646484375,64.4049072265625,1.9659892132040113e-05
1710,544.4491577148438,189.21987915039062,34.93408203125,82.97512817382812,1.5646310203010216e-05
1710,501.7658386230469,143.90769958496094,83.18252563476562,200.20008850097656,2.1389937501226086e-06
1710,516.7447509765625,169.8780517578125,52.87890625,122.035400390625,5.524860625882866e-06
1710,0.0,347.7192077636719,64.59088897705078,132.78079223632812,7.016299150564009e-06
1740,548.1617431640625,174.42349243164062,41.5616455078125,99.65093994140625,0.9999988079071045
1740,592.2088623046875,172.02023315429688,34.881103515625,83.15972900390625,0.9995865225791931
1740,503.7284240722656,186.37234497070312,21.867706298828125,51.95794677734375,0.2874335050582886
1740,585.7407836914062,164.29876708984375,49.788330078125,115.99188232421875,0.0005210575764067471
1740,582.913818359375,177.06936645507812,32.697998046875,76.815673828125,0.00023013165628071874
1740,590.4270629882812,160.626953125,50.07293701171875,223.69879150390625,0.0003155743470415473
1740,603.84130859375,197.4186553955078,36.65869140625,141.45408630371094,0.00013911272981204093
1740,598.994140625,181.5687713623047,24.7447509765625,57.983978271484375,0.012918052263557911
1740,510.19256591796875,184.11312866210938,23.158935546875,55.400054931640625,0.0028602336533367634
1740,568.4366455078125,176.6824951171875,35.320556640625,84.38449096679688,0.00012810135376639664
1740,543.1458740234375,173.1929931640625,32.870361328125,82.27444458007812,0.00025733403163030744
1740,531.3533935546875,181.4355010986328,20.9593505859375,51.381683349609375,6.606966053368524e-05
1740,465.58941650390625,188.79417419433594,20.9940185546875,50.735260009765625,0.000288123672362417
1740,606.3627319335938,178.28440856933594,34.13726806640625,84.36643981933594,0.0001523997780168429
1740,25.845165252685547,216.55516052246094,21.1461181640625,50.92347717285156,0.00029833309235982597
1740,533.6159057617188,180.48776245117188,28.49755859375,67.43014526367188,6.1396344790409785e-06
1740,522.9306030273438,181.54721069335938,21.576416015625,51.5235595703125,4.8741534556029364e-05
1740,1.2569570541381836,216.05429077148438,21.358783721923828,51.306304931640625,6.245369877433404e-05
1740,8.966046333312988,220.20623779296875,21.721115112304688,51.412445068359375,4.269475175533444e-05
1740,471.8299865722656,187.01885986328125,21.66064453125,51.435516357421875,9.746330033522099e-05
1740,17.709457397460938,217.10888671875,23.623001098632812,56.568695068359375,1.0326120900572278e-05
1740,618.9190673828125,225.20220947265625,21.5809326171875,89.344482421875,9.806582966120914e-06
1740,0.0,186.0948028564453,23.726261138916016,102.48484802246094,1.7139562260126695e-05
1740,621.8643798828125,174.01571655273438,18.6356201171875,78.226806640625,3.347315578139387e-05
1740,554.5997314453125,184.77767944335938,21.4202880859375,52.94903564453125,1.1308318903502368e-07
1740,31.543624877929688,216.5438995361328,23.61614227294922,57.57511901855469,2.8910691980854608e-05
1740,526.0645751953125,134.00692749023438,78.55029296875,183.9166259765625,2.2954085579840466e-05
1740,625.588623046875,234.46022033691406,14.911376953125,55.35417175292969,8.100168997771107e-06
1740,587.19580078125,180.4105224609375,22.671142578125,52.284332275390625,3.421323071961524e-06
1740,606.509521484375,179.1934051513672,24.2578125,53.503448486328125,2.690015207917895e-05
1740,0.0,205.0389862060547,13.224815368652344,51.26165771484375,7.676429049752187e-06
1740,626.9609375,174.88232421875,13.5390625,52.124420166015625,1.019592491502408e-05
1740,575.6976928710938,183.2209014892578,23.84716796875,58.73822021484375,3.843323065666482e-05
1740,491.4994201660156,184.90081787109375,22.147003173828125,51.349578857421875,9.939140909409616e-06
1740,20.85142707824707,215.0220947265625,31.18580436706543,74.20156860351562,7.818004633008968e-06
1740,0.0,224.84603881835938,15.764644622802734,61.059234619140625,1.2720794984488748e-05
1740,623.4100952148438,211.2911834716797,17.08990478515625,65.36946105957031,8.235247150878422e-06
1740,561.7943725585938,184.6634063720703,30.421630859375,71.72146606445312,1.4973675206420012e-06
1740,0.0,123.06758117675781,96.46053314208984,298.566650390625,2.935229531431105e-05
1740,3.3138275146484375,214.74069213867188,32.478782653808594,78.75698852539062,1.232301883646869e-06
1740,0.0,142.85299682617188,47.98506164550781,221.78533935546875,3.18289608003397e-06
1740,498.11773681640625,196.71649169921875,21.538818359375,52.098388671875,7.368079877778655e-06
1740,598.6673583984375,198.6513214111328,26.9959716796875,63.45249938964844,2.3305370632442646e-05
1740,532.7160034179688,164.39874267578125,49.5946044921875,121.84689331054688,1.4852850654278882e-05
1740,595.4019165039062,170.02322387695312,20.8060302734375,52.526763916015625,8.485999387630727e-07
1770,627.0765991210938,153.44815063476562,13.42340087890625,51.912322998046875,4.537528639048105e-06
1770,616.1399536132812,137.1573028564453,24.36004638671875,105.08917236328125,7.70903625380015e-07
1770,604.7587890625,165.8975830078125,33.031982421875,79.35028076171875,8.984033047454432e-05
1770,622.2581787109375,166.24729919433594,18.2418212890625,70.6856689453125,5.433487331174547e-06
1770,580.3602294921875,134.05810546875,60.1397705078125,178.06039428710938,0.0003437141131144017
1770,449.8070983886719,108.89918518066406,141.46383666992188,294.82061767578125,3.7823047023266554e-06
1770,551.8389282226562,184.1382293701172,22.5244140625,54.009521484375,0.0006481813616119325
1770,562.1688232421875,180.98777770996094,21.29443359375,52.209564208984375,0.00010701860446715727
1770,576.504150390625,178.1357421875,22.0272216796875,52.1614990234375,0.001330106402747333
1770,585.5902709960938,181.2162628173828,20.427490234375,50.89703369140625,5.29285762240761e-06
1770,593.6710205078125,179.92697143554688,25.3836669921875,61.028778076171875,3.3206461012014188e-06
1770,569.6963500976562,156.56781005859375,70.80364990234375,247.0233154296875,3.182361979270354e-06
1770,544.9654541015625,185.96694946289062,22.2296142578125,53.120452880859375,0.004990836605429649
1770,570.7291259765625,183.21852111816406,21.8150634765625,51.277496337890625,0.0004205710138194263
1770,600.0957641601562,182.2689208984375,27.3428955078125,65.72201538085938,1.8452497897669673e-05
1770,431.8390197753906,193.70724487304688,21.345703125,51.28509521484375,2.873909807021846e-06
1770,488.6473083496094,193.09788513183594,21.7137451171875,51.858795166015625,1.3273676813696511e-05
1770,506.6969299316406,190.48580932617188,21.262359619140625,50.9820556640625,1.4756265954929404e-05
1770,522.2404174804688,184.3233184814453,21.8824462890625,51.934173583984375,0.9468364119529724
1770,534.6644287109375,186.2367401123047,24.01953125,56.544036865234375,0.02246682159602642
1770,538.0475463867188,175.20220947265625,34.0091552734375,81.7418212890625,3.190582219758653e-06
1770,574.199462890625,174.60687255859375,31.1248779296875,74.0458984375,3.365558086443343e-06
1770,615.2706298828125,176.507568359375,25.2293701171875,92.00411987304688,3.0752802558708936e-05
1770,414.18402099609375,189.89715576171875,29.54412841796875,69.06634521484375,1.0552823368925601e-05
1770,424.5075378417969,193.97389221191406,21.72235107421875,51.437835693359375,0.0005766681279055774
1770,514.1994018554688,187.87991333007812,25.034423828125,60.61004638671875,7.401042967103422e-05
1770,529.11962890625,190.69839477539062,21.2906494140625,50.566162109375,0.003300438867881894
1770,522.49609375,169.8875274658203,32.399658203125,80.08590698242188,3.1504621347266948e-06
1770,582.3870239257812,169.26486206054688,43.96337890625,102.88641357421875,0.0001251132634934038
1770,595.653564453125,167.6212158203125,44.846435546875,118.53427124023438,0.9999997615814209
1770,603.71044921875,192.98912048339844,30.53759765625,73.58457946777344,1.8796956737787696e-06
1770,616.0896606445312,206.376220703125,24.41033935546875,92.61721801757812,1.3704624507226981e-05
1770,599.97998046875,356.23175048828125,40.52001953125,124.26824951171875,2.8428260065993527e-06
