30,31.500751495361328,165.80288696289062,25.052139282226562,58.781982421875,9.307447726314422e-06
30,0.0,140.1912841796875,22.587549209594727,101.6907958984375,7.251911938510602e-06
30,1.2376737594604492,168.71975708007812,23.22451400756836,55.452301025390625,3.882392047671601e-05
30,23.201030731201172,170.20437622070312,25.793197631835938,60.23272705078125,0.0005094987573102117
30,391.23516845703125,172.89295959472656,24.62310791015625,58.776092529296875,8.444378181593493e-06
30,15.107406616210938,173.7203369140625,26.221813201904297,60.99798583984375,0.0010669712210074067
30,39.31398010253906,173.3486328125,23.34685516357422,55.23175048828125,2.488574136805255e-05
30,48.398502349853516,172.4755401611328,22.552570343017578,53.894073486328125,4.2665931687224656e-05
30,56.30259704589844,170.8638458251953,22.667877197265625,52.831024169921875,1.7067959561245516e-05
30,64.02743530273438,174.1871795654297,21.949607849121094,52.948486328125,1.1264654858678114e-05
30,207.48086547851562,169.29624938964844,22.815582275390625,52.926116943359375,5.7324455156049225e-06
30,0.0,176.94944763183594,17.742733001708984,60.649627685546875,3.137054591206834e-05
30,6.467848777770996,177.81454467773438,25.6456298828125,60.76300048828125,0.0010078959167003632
30,199.97332763671875,174.60345458984375,23.89532470703125,55.307220458984375,1.6867006706888787e-05
30,380.8251647949219,183.37881469726562,23.156494140625,53.732330322265625,3.421464134589769e-05
30,0.0,117.43142700195312,47.239620208740234,219.70367431640625,2.672994014574215e-06
30,0.0,161.81295776367188,36.613311767578125,87.52838134765625,0.00012457399861887097
30,16.46608543395996,159.91519165039062,36.27043914794922,87.27294921875,9.652936569182202e-06
30,192.75042724609375,180.81735229492188,23.910186767578125,56.143951416015625,9.365146524942247e-07
30,388.4667663574219,190.07798767089844,21.53289794921875,51.12188720703125,0.11264846473932266
30,395.70465087890625,184.1588134765625,25.4583740234375,60.843658447265625,1.9576114937081002e-05
30,405.9311218261719,185.0894775390625,25.0975341796875,59.267730712890625,1.4587222949558054e-06
30,384.3943176269531,178.57769775390625,33.65655517578125,78.04721069335938,5.230361784924753e-05
30,0.0,195.72940063476562,14.562198638916016,53.180389404296875,1.112821792048635e-05
30,0.24305057525634766,187.7934112548828,25.65576934814453,60.2901611328125,2.494452564860694e-05
60,0.0,160.93165588378906,15.143147468566895,53.768798828125,4.74642592962482e-06
60,0.0,168.46597290039062,25.683753967285156,61.351104736328125,0.000504010880831629
60,13.258722305297852,168.58059692382812,25.84443473815918,59.33416748046875,0.00013470642443280667
60,0.0,139.64511108398438,28.46971321105957,119.6085205078125,9.776795195648447e-06
60,0.0,112.39849853515625,43.169071197509766,222.64056396484375,5.405558113125153e-06
60,7.647612571716309,179.09141540527344,22.776996612548828,53.826080322265625,0.019700657576322556
60,0.0,180.6106414794922,17.250980377197266,58.939727783203125,0.00016329146455973387
60,9.184273719787598,182.32723999023438,28.95510482788086,69.7821044921875,5.511562903848244e-06
60,0.9240798950195312,188.13108825683594,25.23992347717285,61.191986083984375,1.1210257071070373e-05
90,408.8161926269531,163.0148162841797,22.380615234375,52.851776123046875,7.986536729731597e-06
90,441.671875,173.14234924316406,22.538330078125,55.71868896484375,2.867056173272431e-05
90,535.6893310546875,168.49966430664062,23.1185302734375,54.722076416015625,0.000148397171869874
90,16.669851303100586,178.80868530273438,22.96013069152832,54.420867919921875,2.1772764739580452e-05
90,359.4231872558594,78.441650390625,153.87124633789062,312.4124450683594,1.2100468666176312e-05
90,530.2896118164062,172.12289428710938,31.318603515625,73.00341796875,6.548738383571617e-06
90,0.0,194.01235961914062,13.772024154663086,50.692108154296875,1.1110763807664625e-05
90,8.238870620727539,189.90765380859375,24.340545654296875,57.047454833984375,1.7309941540588625e-05
90,22.66482162475586,187.30270385742188,23.503578186035156,55.577178955078125,2.251615342174773e-06
90,463.39593505859375,188.84979248046875,21.53057861328125,52.505218505859375,9.737607342685806e-07
90,0.35031700134277344,199.27532958984375,23.66124153137207,55.096832275390625,4.384497970022494e-06
90,456.62811279296875,192.85888671875,23.137451171875,54.359222412109375,6.31792602234782e-07
90,494.3348693847656,199.13304138183594,41.314239501953125,101.34211730957031,3.774910339870985e-07
120,449.7652893066406,172.31845092773438,23.3106689453125,55.956817626953125,2.072047664114507e-06
120,627.37109375,161.82559204101562,13.12890625,53.3101806640625,2.1637804366037017e-06
120,458.5332946777344,177.92970275878906,21.20623779296875,51.129058837890625,1.4506768820865545e-05
120,463.73419189453125,174.29928588867188,25.77105712890625,60.78326416015625,1.188490728054603e-06
120,398.7832946777344,85.37855529785156,148.42562866210938,315.167236328125,1.820856959966477e-05
120,493.7608947753906,180.0567626953125,21.139007568359375,52.045806884765625,1.4543618931384117e-07
120,480.2598876953125,177.26705932617188,27.30596923828125,65.9378662109375,5.749779575126013e-06
120,0.0,189.5918426513672,16.036672592163086,57.04510498046875,5.49101569049526e-05
120,0.0,174.69473266601562,21.874595642089844,94.31134033203125,6.823656804044731e-06
120,0.0,210.4783935546875,15.289634704589844,58.587890625,4.44761417384143e-06
150,385.83026123046875,165.54135131835938,23.06011962890625,56.23089599609375,2.5970601200242527e-05
150,465.9609680175781,175.24334716796875,21.50579833984375,51.970062255859375,4.434432412381284e-05
150,459.6767272949219,178.0576934814453,21.64666748046875,52.41986083984375,1.4516069313685875e-05
150,473.10992431640625,181.7615966796875,22.03173828125,52.368133544921875,0.3334466218948364
150,482.029296875,181.0661163330078,21.79071044921875,51.40399169921875,0.28411865234375
150,489.6358642578125,180.87289428710938,21.56011962890625,51.1353759765625,0.9768194556236267
150,481.23297119140625,160.8817596435547,34.2880859375,82.59259033203125,4.2681776335484756e-07
150,498.1374206542969,182.16357421875,21.770050048828125,51.7725830078125,0.8203693628311157
150,489.33880615234375,169.84913635253906,36.5848388671875,83.73873901367188,1.1686319112413912e-06
150,482.18646240234375,146.23660278320312,51.09625244140625,122.27481079101562,2.4916544134612195e-06
150,430.2599792480469,119.85713195800781,132.11514282226562,289.9981689453125,1.2312385479162913e-05
150,508.1566467285156,179.3329620361328,22.744964599609375,54.428253173828125,2.458495202972699e-07
180,0.0,0.0,46.307193756103516,115.68559265136719,1.501815290794184e-06
180,0.0,143.8415069580078,15.144039154052734,54.41455078125,3.958468369091861e-05
180,456.93511962890625,156.7856903076172,37.043701171875,86.87933349609375,8.152129339578096e-06
180,451.1968078613281,174.1269989013672,23.38323974609375,55.313690185546875,1.655696723901201e-05
180,464.9815673828125,168.61444091796875,24.02288818359375,55.743804931640625,1.943087045219727e-05
180,479.8798828125,167.86245727539062,25.6085205078125,59.88238525390625,0.00017633038805797696
180,498.98895263671875,170.64111328125,21.55401611328125,51.654754638671875,4.6637956984341145e-05
180,369.6930236816406,170.93307495117188,25.84979248046875,63.544097900390625,1.2277855603315402e-06
180,304.199462890625,85.94154357910156,145.407470703125,308.3590087890625,1.0939103049167898e-05
180,505.529296875,162.67471313476562,33.7508544921875,84.6751708984375,0.0001759487931849435
180,516.3237915039062,158.3097381591797,34.427978515625,88.21011352539062,1.6098545074783033e-06
180,391.84783935546875,171.02391052246094,21.41131591796875,51.463958740234375,0.0010198559612035751
180,399.0759582519531,169.7301788330078,21.1021728515625,51.008544921875,5.0998020014958456e-05
180,401.1325378417969,130.63771057128906,124.84817504882812,278.75244140625,7.047885901556583e-06
180,469.774169921875,168.3121337890625,28.2064208984375,68.08624267578125,0.021182112395763397
180,485.2352294921875,173.95932006835938,27.79840087890625,66.591552734375,0.9972847700119019
180,475.8339538574219,152.51866149902344,44.328582763671875,105.56587219238281,4.747738557853154e-07
180,501.0187683105469,172.87823486328125,27.782806396484375,66.38314819335938,0.9997527003288269
180,489.84063720703125,144.77847290039062,45.5972900390625,109.08868408203125,2.8289762212807545e-06
180,382.7550048828125,175.48110961914062,21.01080322265625,51.529876708984375,0.00011579890997381881
180,457.3719787597656,174.6005096435547,25.20599365234375,60.2823486328125,0.999945878982544
180,456.52996826171875,124.57647705078125,122.7626953125,283.2791748046875,7.850527254049666e-06
180,517.8248291015625,178.26315307617188,25.111328125,60.146759033203125,0.9999430179595947
180,525.806640625,184.40945434570312,23.3907470703125,55.85870361328125,0.001386534539051354
180,465.5122375488281,188.33839416503906,21.52716064453125,50.685699462890625,0.00010448916145833209
180,482.7863464355469,189.3383026123047,22.02020263671875,52.500274658203125,3.2671221561031416e-05
180,498.7915344238281,189.032470703125,21.511871337890625,51.7412109375,3.7255163078953046e-06
210,513.2764892578125,156.9696044921875,40.9293212890625,98.0953369140625,0.999481737613678
210,477.46221923828125,171.1744384765625,30.26025390625,72.89413452148438,0.9999580383300781
210,547.2901000976562,155.77182006835938,42.3671875,101.86398315429688,0.9999674558639526
210,577.4051513671875,170.7272491455078,33.7806396484375,81.21170043945312,0.9999397993087769
210,391.2117004394531,174.1133575439453,21.24981689453125,50.753143310546875,0.9962504506111145
210,523.12060546875,145.60281372070312,46.2315673828125,111.00921630859375,0.22416535019874573
210,502.9115905761719,165.38836669921875,33.358489990234375,80.88003540039062,0.9314420223236084
210,491.8410949707031,169.3754119873047,30.409515380859375,73.09814453125,0.009937703609466553
210,561.8780517578125,167.7616729736328,34.7779541015625,83.35769653320312,0.020435558632016182
210,475.22833251953125,176.37635803222656,23.53662109375,54.963897705078125,0.0015247130068019032
210,398.17974853515625,169.68341064453125,22.3663330078125,51.88885498046875,0.0018374535720795393
210,583.8201904296875,184.3539276123047,24.2294921875,56.854583740234375,0.004255542065948248
210,356.14654541015625,174.2000274658203,21.760498046875,50.974517822265625,0.23837360739707947
210,505.1253662109375,175.11087036132812,22.3424072265625,55.25994873046875,0.0004839645989704877
210,514.4593505859375,172.3677978515625,22.74853515625,55.89141845703125,0.00017084133287426084
210,568.976806640625,149.043701171875,49.3946533203125,117.39230346679688,7.2174493652710225e-06
210,487.41448974609375,174.50100708007812,24.0081787109375,55.642578125,7.625232683494687e-05
210,589.9432373046875,170.91421508789062,34.2203369140625,81.79180908203125,4.758100658364128e-06
210,540.2444458007812,152.6871337890625,35.4256591796875,88.42327880859375,7.198927778517827e-05
210,503.8825378417969,112.74060821533203,73.76583862304688,180.80087280273438,8.699444151716307e-06
210,578.7708129882812,178.40235900878906,22.858154296875,52.28765869140625,0.008436638861894608
210,521.0470581054688,176.2898406982422,22.7216796875,55.430633544921875,5.784306995337829e-05
210,560.2633056640625,178.365478515625,23.0589599609375,55.59320068359375,3.411309080547653e-05
210,525.9243774414062,133.31529235839844,76.427490234375,170.78785705566406,1.235764011653373e-05
210,366.0655517578125,174.15414428710938,20.64654541015625,50.8447265625,0.00948982685804367
210,380.5385437011719,173.61923217773438,20.69866943359375,50.759552001953125,0.00031820120057091117
210,554.09912109375,171.95962524414062,21.961181640625,52.930694580078125,1.1696472029143479e-05
210,549.9456787109375,178.86297607421875,29.5035400390625,70.85980224609375,4.758667728310684e-06
210,474.3020935058594,158.5132293701172,43.014251708984375,103.03282165527344,5.09043184138136e-06
210,569.3165283203125,181.25314331054688,22.230712890625,53.675018310546875,1.2429382877598982e-05
210,467.9385986328125,178.04954528808594,23.7657470703125,58.37420654296875,5.772393251390895e-06
210,590.5576171875,177.66180419921875,23.638916015625,54.634124755859375,4.0207913116319105e-05
210,183.86874389648438,159.64471435546875,20.87921142578125,51.100982666015625,1.0791829481604509e-05
210,407.0028991699219,167.24815368652344,22.66522216796875,54.1126708984375,1.6834947018651292e-05
210,560.8843383789062,134.26583862304688,79.61566162109375,216.7872314453125,2.066315028059762e-05
210,466.1653137207031,168.4508819580078,34.86773681640625,86.93630981445312,1.0079764251713641e-05
210,384.27593994140625,157.05169677734375,36.34014892578125,80.83203125,1.918254383781459e-06
210,528.1802368164062,172.1070556640625,22.402099609375,53.613311767578125,1.0528076927585062e-05
210,601.0466918945312,168.34214782714844,33.7789306640625,82.35690307617188,6.6284474087296985e-06
210,533.7567138671875,170.47769165039062,27.662353515625,67.176513671875,9.202347428072244e-06
240,549.343994140625,160.70233154296875,43.7911376953125,106.36370849609375,1.0
240,394.4175720214844,171.4133758544922,26.6239013671875,63.552398681640625,0.9999971389770508
240,438.82452392578125,171.40939331054688,24.5443115234375,58.438934326171875,0.9998230338096619
240,613.3673706054688,195.3645477294922,26.93701171875,63.70149230957031,0.015743661671876907
240,602.9523315429688,170.4464111328125,35.4678955078125,85.01986694335938,0.0013503411319106817
240,539.708740234375,165.3330841064453,39.183837890625,94.93382263183594,0.0008095723460428417
240,402.9146728515625,169.99502563476562,26.44927978515625,62.32110595703125,0.00039818265940994024
240,625.179443359375,211.6221466064453,15.320556640625,52.45289611816406,0.00029192474903538823
240,389.4166564941406,174.41148376464844,22.37615966796875,51.744842529296875,0.00139313202816993
240,567.949462890625,158.2797088623047,45.074462890625,106.49501037597656,2.0224884792696685e-05
240,583.5579223632812,155.1192169189453,41.3555908203125,102.74028015136719,2.10481903195614e-05
240,623.13671875,184.0889129638672,17.36328125,58.82562255859375,2.8622947866097093e-05
240,446.8908996582031,171.51742553710938,22.43133544921875,52.172821044921875,9.455977124162018e-05
240,556.0595703125,175.75775146484375,30.8193359375,74.80038452148438,3.824784016615013e-06
240,592.3889770507812,134.39334106445312,48.11102294921875,130.99285888671875,0.0002108776243403554
240,616.3175048828125,144.78648376464844,24.1824951171875,105.82366943359375,1.7317897800239734e-05
240,611.7506713867188,215.547607421875,20.765380859375,52.6422119140625,0.0002569775388110429
240,534.9802856445312,125.73896026611328,73.5958251953125,175.6710205078125,6.046034741302719e-06
240,600.9619750976562,185.045166015625,26.0147705078125,61.986114501953125,6.914469395269407e-06
240,427.1551208496094,169.5775146484375,24.15576171875,58.12908935546875,7.317179552046582e-06
240,416.9013977050781,171.28118896484375,21.04132080078125,51.658538818359375,5.573866292252205e-05
240,625.4874267578125,168.95484924316406,15.0125732421875,56.75689697265625,7.547427230747417e-06
240,572.9445190429688,122.47640228271484,67.55548095703125,217.07339477539062,3.888773426297121e-05
240,0.0,201.80906677246094,16.26559829711914,56.24223327636719,2.9114466087776236e-05
240,608.316162109375,169.67767333984375,24.717041015625,59.547027587890625,2.2280322809820063e-05
240,7.449343681335449,209.6773681640625,24.452484130859375,57.476348876953125,2.0386773030622862e-05
240,561.391357421875,180.98974609375,22.110595703125,51.931793212890625,5.07868435306591e-07
240,536.96240234375,173.33197021484375,26.4669189453125,64.686279296875,1.6721107840567129e-06
240,627.1943359375,147.40386962890625,13.3056640625,52.9549560546875,1.0401602594356518e-05
240,554.0077514648438,179.654296875,20.568115234375,51.5130615234375,2.0928270316744602e-07
240,0.0,189.2396697998047,22.29444122314453,102.10835266113281,1.0070848475152161e-05
240,546.7535400390625,140.7773895263672,93.7464599609375,279.83349609375,3.3762371458578855e-06
240,527.3497314453125,158.98809814453125,39.80859375,100.53219604492188,2.477480165907764e-06
240,622.4519653320312,136.88528442382812,18.04803466796875,79.2169189453125,7.396141882054508e-06
240,15.839353561401367,211.6246795654297,23.85429573059082,54.72212219238281,1.2926614544994663e-05
240,400.60455322265625,163.2281036376953,21.73126220703125,51.259796142578125,2.0946370113961166e-06
240,334.2993469238281,146.2014617919922,124.0230712890625,273.716064453125,4.712341706181178e-06
240,384.34002685546875,132.80319213867188,124.5255126953125,271.94256591796875,4.630549938156037e-06
240,626.2172241210938,228.6146240234375,14.28277587890625,53.051300048828125,8.30745466373628e-06
270,596.862060546875,0.0,43.637939453125,121.95369720458984,2.6880813948082505e-06
270,16.895435333251953,147.25173950195312,21.573444366455078,50.987884521484375,0.00011987899051746354
270,99.27820587158203,145.00079345703125,22.058380126953125,52.603302001953125,1.517936834716238e-05
270,519.7424926757812,144.9598388671875,52.53857421875,129.35064697265625,2.3376587705570273e-06
270,0.0,149.6262664794922,14.988177299499512,50.538421630859375,2.46231156779686e-05
270,23.61219024658203,152.0271453857422,21.427627563476562,51.54388427734375,0.00017466204008087516
270,431.4183349609375,124.60723114013672,76.06597900390625,182.53057861328125,2.9463467399182264e-06
270,7.497158050537109,152.7214813232422,23.063396453857422,55.46630859375,4.469799387152307e-05
270,29.635343551635742,154.869384765625,22.97294807434082,53.974273681640625,1.8139486201107502e-05
270,105.77241516113281,150.22434997558594,22.721847534179688,53.18902587890625,0.000183315176400356
270,338.83087158203125,149.83721923828125,21.38958740234375,50.75146484375,0.9821558594703674
270,434.5133361816406,158.43885803222656,23.5362548828125,55.348052978515625,2.0372855942696333e-05
270,0.0,118.71106719970703,30.544189453125,126.47148895263672,5.058043825556524e-06
270,0.0,157.59033203125,23.093551635742188,54.37786865234375,7.41495969123207e-05
270,349.34954833984375,154.6847381591797,24.17657470703125,57.455657958984375,2.944961488537956e-05
270,441.5630798339844,164.72193908691406,21.8515625,51.75933837890625,5.111155769554898e-05
270,437.4889831542969,146.0264434814453,48.3909912109375,120.01609802246094,2.198569518441218e-06
270,519.6679077148438,159.45550537109375,32.1312255859375,77.72940063476562,3.457330421952065e-06
270,548.7623901367188,164.89308166503906,24.7642822265625,59.24224853515625,4.2815149754460435e-06
270,0.0,165.76744079589844,14.508087158203125,51.967987060546875,1.2338478882156778e-05
270,17.669506072998047,159.9191436767578,23.470348358154297,55.572021484375,1.1212042409169953e-05
270,100.4267578125,151.59750366210938,31.173049926757812,74.86724853515625,3.4876447898568586e-06
270,330.23565673828125,157.75335693359375,23.8558349609375,57.926177978515625,5.579684966505738e-06
270,334.3178405761719,152.4206085205078,29.21697998046875,70.19088745117188,0.00475713238120079
270,437.9214172363281,156.48529052734375,33.9700927734375,83.02053833007812,0.00018879691197071224
270,452.46514892578125,156.15113830566406,39.0430908203125,93.47280883789062,0.9999997615814209
270,467.78948974609375,155.353271484375,37.022705078125,88.26589965820312,4.6374398152693175e-06
270,509.5364074707031,165.57159423828125,28.779083251953125,67.3553466796875,4.144252159221651e-07
270,530.592041015625,167.33404541015625,23.21484375,54.118743896484375,1.7173886135424254e-06
270,527.7880249023438,158.84597778320312,37.18994140625,89.50796508789062,1.0
270,540.4544677734375,159.87281799316406,35.462158203125,86.1214599609375,3.407914482522756e-05
270,457.6271667480469,169.67819213867188,23.78125,55.905792236328125,3.447782000876032e-05
270,535.8116455078125,172.72853088378906,23.957275390625,57.883514404296875,2.2583704776479863e-05
270,448.1416931152344,168.22438049316406,30.28857421875,74.82797241210938,3.318942617624998e-06
270,602.1797485351562,191.0368194580078,23.0107421875,54.334625244140625,4.9574928198126145e-06
270,627.7756958007812,187.26171875,12.72430419921875,51.5452880859375,1.6391612007282674e-05
270,463.5372619628906,180.00021362304688,23.7994384765625,57.56201171875,1.7366269275953528e-06
270,501.53118896484375,131.3768310546875,83.5206298828125,190.89901733398438,8.615088518126868e-07
270,608.4361572265625,199.2738494873047,21.54736328125,51.676666259765625,5.2906045311829075e-05
270,616.4778442382812,199.39405822753906,22.1339111328125,52.429962158203125,5.654185315506766e-06
270,624.1283569335938,190.0788116455078,16.37164306640625,75.24638366699219,1.995861566683743e-05
270,604.546875,197.44935607910156,31.3836669921875,72.15394592285156,1.655335108807776e-05
300,626.38916015625,104.91663360595703,14.11083984375,58.481101989746094,8.526692909072153e-06
300,607.8377685546875,70.62837219238281,32.6622314453125,143.98858642578125,3.1979022878658725e-06
300,0.0,132.98391723632812,24.265369415283203,59.210296630859375,4.686085048888344e-06
300,505.2527770996094,145.73780822753906,21.714447021484375,50.8060302734375,5.172651071916334e-06
300,0.0,146.88832092285156,14.851179122924805,52.292755126953125,1.0628371455823071e-05
300,6.680929183959961,146.67398071289062,21.816307067871094,52.302581787109375,4.611270014720503e-06
300,90.62588500976562,151.73617553710938,22.503204345703125,53.79449462890625,2.4462265173497144e-06
300,510.0168151855469,147.78973388671875,24.388397216796875,57.79302978515625,6.844766176072881e-07
300,99.30786895751953,157.18235778808594,21.566925048828125,51.2410888671875,3.425731847528368e-05
300,109.66954803466797,152.51040649414062,22.659202575683594,54.309173583984375,7.385258868453093e-06
300,0.07883071899414062,157.32998657226562,23.45944595336914,54.182586669921875,2.3417611373588443e-05
300,480.4562683105469,161.43194580078125,21.28326416015625,50.709259033203125,0.00013125012628734112
300,487.6225280761719,159.715087890625,22.38043212890625,53.0562744140625,1.4956271115806885e-05
300,502.02142333984375,154.18890380859375,26.837158203125,63.199249267578125,0.000517779029905796
300,559.9686279296875,111.67974853515625,80.5313720703125,219.91220092773438,0.0028914858121424913
300,600.22509765625,118.87257385253906,40.27490234375,161.3811492919922,0.0006447886698879302
300,474.8916931152344,168.5550537109375,21.160400390625,50.829498291015625,1.1476470717752818e-05
300,476.7293395996094,156.55328369140625,30.798095703125,73.35586547851562,2.996458533743862e-05
300,491.45001220703125,151.1119842529297,32.6512451171875,78.02459716796875,5.820651949761668e-06
300,626.2278442382812,172.7049560546875,14.27215576171875,52.24346923828125,7.664044460398145e-06
300,0.0,175.14923095703125,13.694791793823242,50.614532470703125,3.6849301068286877e-06
300,612.7769165039062,153.3018798828125,27.72308349609375,110.92666625976562,5.352490461518755e-06
300,603.3125,181.37881469726562,32.44384765625,79.1947021484375,7.875401024648454e-06
300,624.8008422851562,188.8992462158203,15.69915771484375,52.21258544921875,2.3024287656880915e-05
300,579.6873779296875,151.9329833984375,57.7523193359375,138.00729370117188,0.9759781360626221
300,573.5371704101562,188.25775146484375,32.5484619140625,74.710205078125,5.185553959563549e-07
300,570.111083984375,160.21510314941406,47.771484375,116.32060241699219,0.00016491251881234348
300,591.2255859375,199.65594482421875,26.291748046875,65.67477416992188,4.583164263749495e-05
300,624.08642578125,205.5479736328125,16.41357421875,56.74688720703125,9.981713446904905e-06
300,618.2230834960938,190.03211975097656,22.27691650390625,86.13475036621094,2.8958402253920212e-05
300,583.7747802734375,208.62171936035156,26.10302734375,65.80168151855469,0.0001448788243578747
300,598.1932983398438,207.6290283203125,27.9404296875,65.49508666992188,2.5726318199303932e-05
300,608.687255859375,212.31610107421875,22.3603515625,52.122161865234375,6.736175419064239e-05
300,592.7532348632812,188.2217254638672,40.534423828125,97.20735168457031,0.06146683916449547
300,580.6220703125,197.00436401367188,38.5980224609375,90.8326416015625,0.008514574728906155
300,606.39501953125,202.71539306640625,34.10498046875,89.05722045898438,0.000305009976727888
300,622.6317138671875,219.81930541992188,17.8682861328125,68.2764892578125,1.0533691238379106e-05
300,0.0,246.85842895507812,16.063661575317383,58.62432861328125,7.2540979090263136e-06
300,591.8790893554688,153.87664794921875,48.62091064453125,234.580078125,3.783628471865086e-06
300,0.0,343.818115234375,62.033931732177734,136.681884765625,6.453293735830812e-06
330,70.22068786621094,153.1598663330078,22.411148071289062,52.377716064453125,0.0001124604677897878
330,33.86681365966797,160.9374542236328,22.67548370361328,53.240692138671875,7.057880429783836e-05
330,48.722129821777344,157.18434143066406,22.73973846435547,55.348388671875,7.171160518737452e-07
330,64.74666595458984,159.8928680419922,22.43719482421875,51.825653076171875,9.836318349698558e-05
330,464.1481628417969,160.7786407470703,23.21478271484375,52.71405029296875,2.358860547246877e-05
330,39.780303955078125,166.0126953125,22.333656311035156,53.9586181640625,2.3659687940380536e-05
330,528.5613403320312,187.11663818359375,22.6761474609375,54.26953125,6.826840035500936e-06
330,529.8312377929688,151.07186889648438,49.408447265625,112.7724609375,3.7354919868448633e-07
330,544.4183349609375,168.51498413085938,33.3228759765625,81.51296997070312,8.631103810330387e-06
330,531.9146728515625,183.1295166015625,32.5699462890625,76.92843627929688,5.2197534387232736e-05
330,542.1595458984375,198.36045837402344,23.58349609375,57.357269287109375,1.216973214468453e-05
330,530.1666259765625,205.63917541503906,22.0447998046875,53.23896789550781,3.452082091826014e-05
330,537.5134887695312,211.68765258789062,21.8720703125,52.58013916015625,1.2821261407225393e-05
330,0.0,253.742919921875,15.44717025756836,58.263671875,3.1730612590763485e-06
360,30.564220428466797,132.86593627929688,23.46282958984375,54.0242919921875,2.2446245566243306e-05
360,9.975123405456543,131.23719787597656,21.85567855834961,52.594390869140625,1.5081307537911925e-05
360,16.91350555419922,132.38189697265625,22.579608917236328,55.096954345703125,5.910701020184206e-06
360,8.82699203491211,143.2563018798828,26.285594940185547,60.928375244140625,1.2576900189742446e-05
360,22.942033767700195,137.5865936279297,31.11458396911621,73.9599609375,0.0034106404054909945
360,34.699005126953125,137.9361114501953,27.388290405273438,64.6923828125,0.00010075126920128241
360,15.836639404296875,148.36810302734375,27.06344223022461,63.19952392578125,0.0001083090974134393
360,11.312536239624023,133.23460388183594,36.77936553955078,92.49514770507812,1.8900982468039729e-06
360,28.353511810302734,124.28400421142578,38.2332649230957,95.3381576538086,9.603681974112988e-05
360,0.0,169.2208251953125,12.808100700378418,50.5068359375,9.796122867555823e-06
360,200.8441162109375,169.3791046142578,22.68609619140625,53.19390869140625,1.5986883227014914e-05
360,494.5890808105469,175.84959411621094,22.581939697265625,54.129302978515625,3.7078648347232956e-06
360,535.2357788085938,179.5173797607422,26.2518310546875,60.5552978515625,4.027677277917974e-06
360,552.9443359375,181.03469848632812,21.3779296875,50.974700927734375,8.691317816555966e-06
360,559.466064453125,180.52198791503906,24.67333984375,57.5150146484375,2.1254286366456654e-06
360,0.0,181.28909301757812,15.259661674499512,56.894744873046875,5.595810307568172e-06
360,489.56121826171875,183.56198120117188,21.6380615234375,51.100067138671875,1.1806094335042872e-05
360,527.441162109375,154.08352661132812,97.890380859375,231.54345703125,8.140670615830459e-06
390,569.961669921875,168.0406494140625,21.368408203125,50.65936279296875,8.833212632453069e-06
390,105.67051696777344,160.25318908691406,23.002365112304688,55.666015625,5.409012828749837e-06
390,112.07498931884766,158.80184936523438,26.105491638183594,63.42877197265625,5.531758870347403e-05
390,474.38311767578125,174.51271057128906,21.95428466796875,50.84393310546875,4.116762738703983e-06
390,584.7156372070312,174.47427368164062,21.5384521484375,51.62994384765625,0.0001320217124884948
390,599.230224609375,173.8189239501953,21.9066162109375,52.00323486328125,4.023558176413644e-06
390,104.15509796142578,145.28997802734375,37.31432342529297,92.22830200195312,9.227147529600188e-06
390,564.4861450195312,174.54324340820312,22.654296875,53.16278076171875,1.8930924852611497e-05
390,576.2203369140625,175.7208709716797,21.9967041015625,52.083038330078125,0.0018442184664309025
390,591.8441772460938,175.76609802246094,21.54248046875,50.94476318359375,3.532494156388566e-05
390,628.1196899414062,178.00473022460938,12.38031005859375,50.889007568359375,1.8290571688339696e-06
390,568.1200561523438,177.61129760742188,27.07763671875,63.0992431640625,2.015103200392332e-05
390,601.2368774414062,361.5327453613281,39.26312255859375,118.96725463867188,7.653694410691969e-06
420,96.72968292236328,163.71755981445312,22.332687377929688,52.888153076171875,0.0001389060780638829
420,101.65921020507812,164.47653198242188,26.574188232421875,61.942108154296875,9.886737188935513e-07
420,575.6118774414062,175.96896362304688,22.1153564453125,51.918853759765625,1.0900874258368276e-05
420,0.0,178.39962768554688,12.78505802154541,50.5732421875,2.9837910915375687e-06
420,91.33753204345703,162.8506317138672,31.356597900390625,77.27420043945312,8.207922655856237e-05
420,567.4996337890625,184.93392944335938,26.1153564453125,60.854278564453125,0.0016780042788013816
420,592.6610107421875,188.04959106445312,21.337646484375,51.57684326171875,8.666088433528785e-07
420,608.4666137695312,183.65061950683594,23.38330078125,53.464080810546875,1.2945743037562352e-06
420,78.20014190673828,155.55035400390625,40.48841857910156,98.98388671875,3.991074208897771e-06
420,582.5242309570312,191.27423095703125,23.349609375,55.5086669921875,1.9063065337832086e-05
420,586.62548828125,184.06871032714844,30.370361328125,75.24296569824219,5.6595367823319975e-06
420,601.6068115234375,191.41160583496094,20.99951171875,50.9840087890625,1.0448271723362268e-06
420,563.0582885742188,194.57711791992188,22.566162109375,55.610748291015625,6.4507381466683e-05
420,574.6573486328125,193.8439483642578,24.62451171875,58.470794677734375,0.0018883590819314122
420,566.8916015625,181.5560760498047,36.5755615234375,87.76417541503906,7.157528307288885e-05
420,601.048828125,360.2921142578125,39.451171875,120.2078857421875,3.885285423166351e-06
450,580.97802734375,0.0,59.52197265625,223.19622802734375,4.1141129258903675e-06
450,485.56689453125,0.0,129.8580322265625,276.24920654296875,2.6750442430056864e-06
450,606.235107421875,16.51567840576172,34.264892578125,146.13409423828125,6.531579856527969e-06
450,86.69933319091797,172.66323852539062,23.797119140625,57.245758056640625,4.711731162387878e-05
450,80.51131439208984,186.83843994140625,23.674591064453125,56.18621826171875,0.0002912417403422296
450,53.395118713378906,184.8481903076172,30.181884765625,71.87445068359375,6.018462954671122e-07
450,63.94195556640625,188.06915283203125,25.150222778320312,61.3096923828125,2.6546899789536837e-06
450,72.71382141113281,187.18057250976562,24.515274047851562,59.041900634765625,5.660865281242877e-05
450,87.55868530273438,197.60357666015625,21.272918701171875,51.1181640625,7.999938679859042e-05
480,480.370361328125,0.0,133.5283203125,258.95318603515625,2.821555608534254e-05
480,0.0,166.7966766357422,16.749473571777344,61.4927978515625,2.490953374945093e-05
480,0.0,148.53399658203125,22.50851821899414,100.02322387695312,2.1199315597186796e-05
480,4.9319868087768555,173.315185546875,26.17330551147461,62.967071533203125,1.8419514162815176e-05
480,111.79611206054688,180.11434936523438,24.047332763671875,58.172760009765625,2.144030077033676e-06
480,374.0607604980469,112.27943420410156,140.75143432617188,289.9600830078125,2.6353102384746308e-06
480,2.145313262939453,190.96896362304688,22.983129501342773,54.027862548828125,0.000804272887762636
480,449.09466552734375,178.3450927734375,22.48211669921875,52.8336181640625,0.7142700552940369
480,442.7413635253906,172.37680053710938,34.22381591796875,82.28158569335938,4.8589140533294994e-06
480,453.4740905761719,181.29913330078125,25.5908203125,61.62689208984375,7.404262578347698e-05
480,0.0,199.01690673828125,16.638957977294922,56.284515380859375,5.707083619199693e-05
480,6.568390846252441,201.45272827148438,23.714069366455078,57.421722412109375,0.0012009438360109925
480,15.127375602722168,203.08372497558594,23.36457061767578,56.92521667480469,0.00044472445733845234
480,23.842395782470703,206.5042266845703,23.12726593017578,55.30274963378906,4.307562448957469e-06
480,627.0684204101562,206.63494873046875,13.43157958984375,57.0396728515625,3.076677785429638e-06
480,0.0,184.6163330078125,23.557458877563477,102.822265625,6.6539332692627795e-06
510,509.3013610839844,23.88524627685547,101.82034301757812,235.338134765625,8.125562089844607e-06
510,0.0,139.9422149658203,18.831710815429688,61.675079345703125,1.187042289529927e-05
510,0.0,153.41293334960938,25.77984046936035,61.625885009765625,4.2230130929965526e-05
510,0.0,123.38972473144531,30.339038848876953,128.36782836914062,2.5108489353442565e-05
510,482.51617431640625,176.04270935058594,21.38348388671875,50.7459716796875,0.9999569654464722
510,0.0,174.8243865966797,14.55528450012207,54.400299072265625,2.2185124180396087e-05
510,0.0,163.8455047607422,20.33676528930664,80.25003051757812,6.961053441045806e-05
510,474.8501281738281,160.11776733398438,35.66436767578125,82.00677490234375,1.2572740160976537e-05
510,466.6336975097656,136.180419921875,52.791656494140625,115.18606567382812,4.757066278671118e-07
510,419.77996826171875,118.05325317382812,131.270751953125,281.83612060546875,2.6777832317748107e-05
510,494.04791259765625,174.7920379638672,21.8450927734375,51.97650146484375,9.97268725768663e-05
510,22.098491668701172,154.69500732421875,41.71919250488281,107.31982421875,1.4624218920289422e-06
510,0.0,190.5540008544922,16.43484878540039,61.3939208984375,1.3106767255521845e-05
510,475.533447265625,180.65847778320312,21.5067138671875,52.10498046875,3.6761270166607574e-05
510,0.0,142.01016235351562,44.73838424682617,213.00836181640625,1.190710099763237e-05
510,0.0,162.4500732421875,28.228931427001953,130.15374755859375,4.648810318030883e-06
510,0.0,215.02676391601562,13.808374404907227,53.920501708984375,4.5735309868177865e-06
510,0.0,200.28363037109375,19.248077392578125,81.00820922851562,9.205296919390094e-06
540,544.013916015625,139.8385009765625,49.8702392578125,121.43914794921875,2.0572919311234728e-05
540,574.2418823242188,154.6608123779297,24.821044921875,59.13330078125,3.2650972570991144e-05
540,450.2727966308594,160.4020538330078,21.94720458984375,51.666534423828125,7.249858299473999e-06
540,463.3001403808594,161.09983825683594,23.06842041015625,55.06317138671875,6.465747719630599e-05
540,562.3781127929688,158.48910522460938,22.056640625,53.550811767578125,3.999410637334222e-06
540,579.2076416015625,159.41102600097656,29.588134765625,68.06842041015625,0.0006117518059909344
540,554.2486572265625,165.1370391845703,21.7357177734375,54.144805908203125,4.8802652599988505e-05
540,589.6300048828125,164.32437133789062,23.6224365234375,54.812469482421875,0.00011035621719202027
540,599.3350219726562,163.62509155273438,20.955322265625,51.122406005859375,9.179656785818224e-07
540,457.347900390625,168.29574584960938,21.98504638671875,51.4283447265625,8.889536729839165e-06
540,471.89483642578125,166.71353149414062,21.38623046875,50.769500732421875,1.7720914911478758e-05
540,545.1980590820312,164.84909057617188,31.41650390625,75.28378295898438,0.6679120063781738
540,567.62451171875,167.72662353515625,23.7459716796875,55.684112548828125,0.0001423710200469941
540,537.4139404296875,171.42259216308594,28.357666015625,66.26123046875,2.1666257907781983e-06
540,548.2598266601562,175.01071166992188,22.016357421875,53.341339111328125,8.311932106153108e-06
540,559.711181640625,172.2682342529297,24.56298828125,58.199493408203125,0.0010015458101406693
540,553.3811645507812,161.98696899414062,34.5472412109375,83.32986450195312,0.9999849796295166
540,568.5507202148438,159.26234436035156,34.2376708984375,83.53668212890625,0.10176409035921097
540,596.1258544921875,170.96348571777344,27.57275390625,63.466064453125,5.076916522739339e-07
540,576.84521484375,174.52188110351562,22.670654296875,55.41937255859375,2.107325599354226e-05
540,582.3719482421875,167.9281463623047,35.141845703125,83.33425903320312,5.8485587942413986e-05
540,89.43785095214844,193.64666748046875,22.288970947265625,53.0404052734375,3.358138565090485e-05
540,97.39183044433594,195.13446044921875,21.744583129882812,52.14251708984375,7.060041752993129e-06
540,563.1358032226562,161.14651489257812,47.9873046875,115.75140380859375,1.0535930414334871e-05
540,588.0526123046875,198.34542846679688,30.4927978515625,69.64657592773438,8.037730367504992e-06
540,576.2998657226562,174.3741455078125,48.05810546875,113.9373779296875,9.396366294822656e-06
570,627.6220092773438,146.68212890625,12.87799072265625,51.795989990234375,1.7045342701749178e-06
570,0.0,155.68167114257812,13.425039291381836,51.97088623046875,4.5020196921541356e-06
570,0.0,151.24606323242188,18.761993408203125,75.57077026367188,4.3325570004526526e-05
570,118.07232666015625,168.57138061523438,26.620452880859375,62.54669189453125,0.02109520696103573
570,512.3095092773438,164.56468200683594,22.713623046875,54.088836669921875,0.0003364244766999036
570,0.0,174.59371948242188,12.97395133972168,52.220245361328125,4.272651040082565e-06
570,497.070556640625,170.80691528320312,23.29034423828125,56.850921630859375,1.2217818948556669e-05
570,506.6610412597656,172.93458557128906,21.685699462890625,51.7916259765625,3.627795376814902e-05
570,518.9064331054688,169.02581787109375,24.3974609375,58.283416748046875,0.000142234523082152
570,526.9700317382812,172.2574920654297,24.131103515625,56.01348876953125,2.6169293050770648e-05
570,535.5081787109375,175.55311584472656,23.70068359375,54.771575927734375,9.60252873483114e-06
570,0.0,164.59852600097656,22.282169342041016,104.70893859863281,1.5897343246251694e-06
570,125.14783477783203,176.88108825683594,25.75279998779297,60.35467529296875,3.9612896785001794e-07
570,0.0,212.7474822998047,15.391345977783203,57.33763122558594,4.755800546263345e-06
570,0.0,425.5182189941406,22.888845443725586,54.981781005859375,2.7266235065326327e-06
570,0.0,341.9073181152344,62.57543182373047,138.59268188476562,3.5547773222788237e-06
600,0.0,133.40725708007812,29.624710083007812,133.8126220703125,7.2378725235466845e-06
600,512.8609619140625,182.21133422851562,21.7958984375,51.279144287109375,1.2800541298929602e-05
600,536.6731567382812,183.49716186523438,22.4296875,53.567535400390625,7.71324266679585e-05
600,529.6396484375,189.15110778808594,20.9873046875,51.038330078125,1.6279550436593127e-06
600,551.6344604492188,186.56857299804688,22.0184326171875,52.935394287109375,5.022009645472281e-06
600,0.0,197.33839416503906,15.6627197265625,62.14360046386719,7.148919394239783e-05
600,0.0,172.83058166503906,21.683040618896484,104.43034362792969,7.532959443778964e-06
600,9.478108406066895,196.8917694091797,22.114238739013672,51.32708740234375,7.359484243352199e-06
600,3.410562515258789,190.3503875732422,31.892385482788086,76.58369445800781,8.277009328594431e-06
600,23.365310668945312,192.81886291503906,24.384246826171875,57.877716064453125,8.281224836537149e-06
600,32.40958023071289,196.025634765625,23.101661682128906,54.078094482421875,9.467606105317827e-06
600,40.48432159423828,195.05262756347656,22.35474395751953,52.432037353515625,2.5305878352810396e-06
600,48.876869201660156,196.4968719482422,21.914901733398438,51.85797119140625,6.650964223808842e-06
600,17.448171615600586,202.65478515625,20.931703567504883,50.6431884765625,4.238075234752614e-06
600,521.4011840820312,195.6241455078125,23.8387451171875,55.780426025390625,0.00018398514657747
600,0.0,212.7694854736328,17.655885696411133,68.95915222167969,5.86027636018116e-06
600,627.4483642578125,224.3991241455078,13.0516357421875,62.14207458496094,1.5417302847708925e-06
600,617.88623046875,195.8468475341797,22.61376953125,99.97544860839844,3.449538553468301e-06
600,0.0,183.93092346191406,30.27146339416504,142.66331481933594,8.064146095421165e-05
600,0.0,166.5368194580078,45.72077178955078,210.07774353027344,5.525979577214457e-05
600,0.0,220.84979248046875,21.552997589111328,93.178466796875,4.237655048200395e-06
600,0.0,232.07861328125,34.399139404296875,137.0396728515625,5.2490240705083124e-06
600,0.0,423.66705322265625,22.766855239868164,56.83294677734375,4.574713329930091e-06
600,0.0,342.893310546875,63.23054122924805,137.606689453125,5.544109626498539e-06
630,0.0,0.0,46.35792541503906,105.29550170898438,1.457759935874492e-06
630,594.1376953125,0.0,46.3623046875,121.88506317138672,1.0103142358275363e-06
630,625.94873046875,128.143310546875,14.55126953125,61.836212158203125,7.3943642746598925e-06
630,619.685791015625,117.78494262695312,20.814208984375,102.81387329101562,6.952383500902215e-06
630,626.6405029296875,153.7097625732422,13.8594970703125,56.29241943359375,2.2918893591850065e-05
630,612.8934936523438,129.6282501220703,27.60650634765625,127.27854919433594,2.236022919532843e-05
630,622.4990844726562,166.0633087158203,18.00091552734375,75.03488159179688,5.908941602683626e-05
630,590.4463500976562,110.69706726074219,50.05364990234375,245.34584045410156,4.2381579987704754e-05
630,626.7781982421875,192.46194458007812,13.7218017578125,52.07122802734375,0.002228256082162261
630,395.8145751953125,194.37936401367188,21.09429931640625,51.814422607421875,2.0056061202922137e-06
630,120.3594741821289,205.5957794189453,23.63294219970703,56.48051452636719,1.0743915481725708e-05
630,618.6115112304688,180.3619384765625,21.88848876953125,92.71087646484375,0.00032111184555105865
630,625.1046752929688,208.37069702148438,15.39532470703125,57.935546875,9.910763765219599e-06
630,0.0,345.7232971191406,62.14190673828125,134.77670288085938,5.193108336243313e-06
660,0.0,0.0,28.86286735534668,65.80948638916016,1.860935299191624e-06
660,0.0,0.0,47.03894805908203,106.91438293457031,2.162521695936448e-06
660,594.0222778320312,0.0,46.47772216796875,121.80844116210938,1.063773538589885e-06
660,0.0,164.1070098876953,15.480202674865723,58.798583984375,4.3105255826958455e-06
660,1.8064556121826172,170.02871704101562,23.765310287475586,56.4219970703125,5.3331737035478e-06
660,418.52618408203125,189.214599609375,21.54925537109375,52.13739013671875,2.7883011171070393e-06
660,0.0,186.48094177246094,15.735274314880371,51.049713134765625,9.910680091707036e-05
660,8.363985061645508,186.19607543945312,21.619911193847656,50.59906005859375,0.04678860679268837
660,0.7125301361083984,190.25665283203125,25.31248664855957,58.356170654296875,0.00019980322394985706
660,12.300602912902832,187.8765869140625,25.935047149658203,62.77032470703125,3.6841738619841635e-05
660,0.0,199.11834716796875,16.483642578125,63.3475341796875,1.9207518562325276e-05
660,1.6316890716552734,189.13861083984375,34.21820831298828,81.5382080078125,3.483625187072903e-05
660,0.0,170.8099365234375,28.600868225097656,133.80838012695312,9.582203347235918e-06
660,0.0,155.10446166992188,48.59111404418945,220.088134765625,4.921649633615743e-06
690,595.0029907226562,0.0,45.49700927734375,121.06976318359375,7.786561582179274e-06
690,617.0715942382812,187.20529174804688,21.79345703125,51.6690673828125,0.00022150146833155304
690,604.9993896484375,190.4336395263672,21.1763916015625,51.092559814453125,1.5511852780036861e-06
690,625.7323608398438,191.9233856201172,14.76763916015625,51.6002197265625,0.0002758634218480438
690,560.7863159179688,87.20478820800781,79.71368408203125,310.47894287109375,2.670341473276494e-06
690,209.3311767578125,200.81832885742188,22.41424560546875,51.88775634765625,1.4610807284043403e-06
690,216.6774444580078,201.0131378173828,22.283233642578125,52.222900390625,3.2673692658136133e-06
690,610.5452880859375,199.96336364746094,23.1409912109375,54.90557861328125,3.791852941503748e-05
690,0.0,216.44818115234375,14.81566047668457,55.07427978515625,1.489506394136697e-05
690,627.2324829101562,213.4377899169922,13.26751708984375,50.71311950683594,2.7650726224237587e-06
720,504.8991394042969,89.11564636230469,33.798431396484375,79.8818359375,1.8994953165929473e-07
720,0.0,83.18707275390625,52.20606231689453,226.96307373046875,1.6720532585168257e-06
720,0.0,141.77789306640625,23.49626922607422,108.0491943359375,1.8302507669432089e-06
720,8.559309959411621,181.31573486328125,21.40481185913086,50.8424072265625,7.50662593418383e-06
720,549.9894409179688,181.5247344970703,23.3023681640625,55.60137939453125,2.6257296212861547e-06
720,625.5804443359375,177.18553161621094,14.9195556640625,57.45684814453125,3.3157916732307058e-06
720,0.0,186.785400390625,15.52939510345459,56.856475830078125,2.1422136342152953e-05
720,544.337646484375,189.9674835205078,22.6934814453125,53.680999755859375,3.900313095073216e-05
720,617.308837890625,190.48451232910156,22.32421875,51.943878173828125,8.574862476962153e-06
720,0.0,153.92445373535156,45.686885833740234,211.3226776123047,9.328554369858466e-06
720,6.26041316986084,196.70823669433594,25.316242218017578,63.06864929199219,3.704738264787011e-05
720,13.758139610290527,195.69871520996094,25.215328216552734,59.29791259765625,0.00011630940571194515
720,627.0162963867188,196.42564392089844,13.48370361328125,57.372772216796875,1.1153972081956454e-05
720,0.0,191.87265014648438,20.879962921142578,80.55596923828125,0.00011646634811768308
720,0.0,167.6142120361328,28.8255615234375,122.63227844238281,7.47545664125937e-06
720,0.0,219.30599975585938,14.467154502868652,54.756866455078125,9.802890417631716e-06
750,218.2212371826172,176.99166870117188,23.12579345703125,54.720458984375,1.8543097439760459e-06
750,225.88623046875,177.65553283691406,21.61273193359375,51.415557861328125,1.0749696230050176e-05
750,0.0,195.94432067871094,14.00354290008545,50.8460693359375,7.842887498554774e-06
750,0.0,184.90792846679688,18.482473373413086,76.6171875,8.064365829341114e-06
750,0.0,150.58221435546875,27.508628845214844,134.7095947265625,3.556330284482101e-06
750,0.0,130.3968048095703,45.897132873535156,226.6354217529297,1.962035412361729e-06
750,47.55310821533203,195.33056640625,23.310012817382812,55.44769287109375,9.464572940487415e-06
750,628.1921997070312,203.35922241210938,12.30780029296875,50.8302001953125,1.5350007060987991e-06
780,627.4578857421875,180.77743530273438,13.0421142578125,50.838287353515625,6.088192094466649e-06
780,110.49417114257812,177.1866455078125,25.925491333007812,62.89093017578125,6.547482189489529e-05
780,119.16792297363281,179.20126342773438,23.223724365234375,56.392303466796875,7.021225883363513e-06
780,16.200096130371094,198.74012756347656,22.017375946044922,51.80767822265625,4.01380430048448e-06
780,104.31752014160156,184.2163543701172,23.0302734375,56.012420654296875,9.072277862287592e-06
780,104.8826904296875,168.40943908691406,37.62767028808594,90.73588562011719,3.1665740607422777e-06
780,0.0,203.00637817382812,14.017922401428223,50.54058837890625,4.6495997594320215e-06
780,8.255623817443848,201.59503173828125,22.60791778564453,54.16656494140625,9.344109912490239e-07
780,627.3949584960938,200.3284149169922,13.10504150390625,50.893890380859375,1.7793923916542553e-06
810,595.9190063476562,0.0,44.58099365234375,119.23558807373047,3.2856892175914254e-06
810,401.5282287597656,179.8778839111328,21.04443359375,50.875091552734375,1.2285527191124856e-06
810,65.07859802246094,177.43283081054688,21.477813720703125,51.8609619140625,2.158553797926288e-05
810,60.685020446777344,173.1644287109375,31.252685546875,74.02813720703125,1.3844373825122602e-06
810,70.70782470703125,179.17369079589844,25.214630126953125,59.83392333984375,3.451821976341307e-05
810,38.94544982910156,190.39796447753906,24.524734497070312,57.90338134765625,7.382575859082863e-06
810,0.0,204.1708526611328,13.541845321655273,51.30706787109375,9.10571816348238e-06
810,611.0376586914062,203.16802978515625,23.18603515625,54.472625732421875,1.7658817341725808e-06
810,616.2831420898438,195.93150329589844,24.21685791015625,69.15794372558594,5.319854608387686e-06
810,626.6661987304688,203.02752685546875,13.83380126953125,53.272003173828125,0.00027002542628906667
810,626.5881958007812,221.98049926757812,13.91180419921875,52.048187255859375,6.511608717119088e-06
810,620.320068359375,427.5301208496094,20.179931640625,52.969879150390625,7.202907454484375e-06
810,609.3526611328125,407.0482482910156,31.1473388671875,73.45175170898438,1.4813752386544365e-05
810,597.6865234375,357.87286376953125,42.8134765625,122.62713623046875,1.806495856726542e-05
840,0.0,168.5196533203125,15.678210258483887,56.95404052734375,7.505973826482659e-06
840,456.3790588378906,183.9076385498047,21.20855712890625,52.401947021484375,3.3977037219301565e-06
840,0.0,192.7042236328125,13.273163795471191,50.738067626953125,1.368715629723738e-06
840,351.671630859375,193.0000762939453,22.88714599609375,54.6597900390625,4.42917234977358e-06
870,489.0066833496094,181.7058563232422,22.6407470703125,55.011932373046875,0.0006668366841040552
870,0.0,187.4884033203125,15.410157203674316,51.086944580078125,1.572937071614433e-05
870,552.6468505859375,190.28408813476562,23.5521240234375,54.22735595703125,9.312092515756376e-06
870,0.6716766357421875,183.08883666992188,33.30506134033203,77.29193115234375,3.604826997616328e-05
870,0.0,133.18020629882812,82.86200714111328,291.73028564453125,3.0090925520198653e-06
870,0.0,197.94476318359375,19.174219131469727,58.93914794921875,0.005595656111836433
870,5.509313583374023,196.31387329101562,23.101497650146484,54.73077392578125,0.8205640316009521
870,11.876523971557617,197.33460998535156,24.44828987121582,58.102569580078125,0.002506651682779193
870,0.0,214.96603393554688,15.500020980834961,56.86181640625,8.7133939814521e-06
900,594.6744384765625,0.0,45.8255615234375,118.43415832519531,3.2159616694116266e-06
900,466.3866882324219,175.45164489746094,23.810791015625,54.724822998046875,2.471813786542043e-06
900,489.03070068359375,177.796142578125,21.21844482421875,51.000732421875,0.006245998200029135
900,473.3663635253906,181.07586669921875,23.688232421875,57.248626708984375,0.00011438123328844085
900,482.2590026855469,181.16549682617188,21.3782958984375,51.34442138671875,0.0007208356400951743
900,495.5205078125,179.7139892578125,21.20965576171875,52.30462646484375,0.00022606915445066988
900,523.3336791992188,188.19918823242188,22.4716796875,53.220458984375,6.78217111271806e-05
900,529.899658203125,192.43704223632812,21.770751953125,52.292022705078125,0.0006710439920425415
900,0.0,191.151611328125,14.976171493530273,55.633209228515625,2.5322633518953808e-06
900,543.6934204101562,198.2103271484375,20.2900390625,51.7215576171875,1.9010062715096865e-06
900,476.85595703125,177.8465576171875,31.21429443359375,74.46591186523438,4.5336100811255164e-06
900,626.9183959960938,208.02517700195312,13.58160400390625,57.942779541015625,8.190315566025674e-05
930,458.5492858886719,84.92607116699219,20.5777587890625,50.68121337890625,5.896496531931916e-06
930,465.831298828125,86.35369873046875,22.030517578125,52.57264709472656,5.176074046175927e-05
930,470.87664794921875,84.8993911743164,26.2384033203125,63.82166290283203,0.0003404564340598881
930,463.9089050292969,82.43812561035156,37.94732666015625,90.0814208984375,6.922321335878223e-05
930,529.2758178710938,160.19151306152344,22.21240234375,53.03631591796875,0.00010677234968170524
930,627.2526245117188,153.5558319091797,13.24737548828125,52.192047119140625,7.040496257104678e-06
930,525.71484375,159.04647827148438,35.9493408203125,86.18035888671875,6.2842186707712244e-06
930,625.658447265625,166.00387573242188,14.841552734375,61.47412109375,6.9999646257201675e-06
930,544.5961303710938,174.48211669921875,22.092041015625,50.667999267578125,3.615234527387656e-05
930,559.8754272460938,174.8218231201172,20.90380859375,51.08233642578125,8.125357999233529e-05
930,496.43914794921875,187.56451416015625,21.7392578125,51.3189697265625,2.173094344470883e-06
930,530.275634765625,176.93531799316406,22.896484375,55.0633544921875,1.4107944480201695e-05
930,535.8245239257812,173.7581024169922,26.633544921875,60.421539306640625,0.000571946264244616
930,549.1698608398438,175.55902099609375,26.41552734375,61.0537109375,0.0003027340571861714
930,16.361900329589844,193.51565551757812,23.177196502685547,54.236236572265625,2.080777812807355e-05
930,627.2521362304688,235.0960693359375,13.24786376953125,51.03515625,4.954019004799193e-06
930,607.5463256835938,235.49838256835938,24.06884765625,56.51763916015625,0.00016689083713572472
960,497.17352294921875,0.0,93.8653564453125,130.1786651611328,6.274609063439129e-07
960,515.4609375,0.0,125.0390625,199.02166748046875,3.681512680486776e-06
960,607.8868408203125,0.0,32.6131591796875,78.106689453125,2.6567008717393037e-06
960,594.0691528320312,0.0,46.43084716796875,127.68135070800781,6.465928436227841e-06
960,573.0014038085938,0.0,67.49859619140625,181.19100952148438,9.705144293548074e-06
960,548.8564453125,16.15814971923828,42.3868408203125,105.50321960449219,1.3689864317711908e-05
960,542.9935913085938,41.36736297607422,56.4755859375,131.9931640625,0.0016498961485922337
960,617.431640625,134.97747802734375,20.810302734375,50.695281982421875,6.281434616539627e-05
960,625.1937866210938,137.048095703125,15.30621337890625,60.5584716796875,1.2756365322275087e-05
960,608.4064331054688,143.37538146972656,26.6988525390625,62.342529296875,2.7212901841267012e-05
960,594.0584716796875,96.44446563720703,46.4415283203125,228.33071899414062,7.494372312066844e-06
960,604.7779541015625,132.24183654785156,35.7220458984375,124.79991149902344,4.151306711719371e-06
960,624.3641967773438,161.18869018554688,16.13580322265625,62.3287353515625,3.243931132601574e-05
960,618.06298828125,144.29324340820312,22.43701171875,98.8961181640625,3.6343706597108394e-05
960,391.03131103515625,188.08856201171875,22.52294921875,53.8201904296875,0.00031981279607862234
960,626.3062133789062,184.3672332763672,14.19378662109375,53.888671875,5.2634950407082215e-05
960,283.154541015625,188.17816162109375,21.49462890625,50.990692138671875,5.3958387979946565e-06
960,617.8792114257812,191.8934326171875,21.84130859375,51.651458740234375,2.079678961308673e-05
960,0.0,205.20184326171875,15.734854698181152,54.7088623046875,1.0558108442637604e-05
960,8.7160005569458,206.34829711914062,21.715251922607422,52.333953857421875,1.1724514479283243e-05
960,440.1113586425781,205.65660095214844,22.01812744140625,52.77857971191406,2.1335692508728243e-05
960,1.5475730895996094,214.48402404785156,21.601009368896484,52.00215148925781,1.7162725271191448e-05
960,626.9880981445312,206.482666015625,13.51190185546875,51.9044189453125,7.589694632770261e-06
990,48.409584045410156,116.64781188964844,22.64276885986328,54.090179443359375,5.063699063612148e-05
990,41.693519592285156,120.53638458251953,23.738502502441406,56.604270935058594,0.0023420623037964106
990,54.42767333984375,119.20807647705078,24.396743774414062,56.44245147705078,2.0055671484442428e-05
990,17.660573959350586,124.08055114746094,21.279176712036133,53.433441162109375,7.345587164309109e-06
990,44.8048095703125,119.10099792480469,31.906532287597656,78.64834594726562,0.02780570089817047
990,3.6041831970214844,90.26612854003906,112.98731994628906,260.52178955078125,1.3444684554997366e-05
990,31.909412384033203,123.30015563964844,32.36766815185547,77.24591064453125,4.3808082409668714e-05
990,60.376312255859375,123.60691833496094,29.158660888671875,70.24697875976562,5.070479346613865e-06
990,48.70298767089844,115.61712646484375,44.14060974121094,105.203369140625,5.21930523973424e-05
990,13.78693962097168,122.33168029785156,34.72797393798828,82.65322875976562,2.8578472210938344e-06
990,17.97947883605957,114.35259246826172,45.69384002685547,117.4334487915039,0.00013903780200053006
990,32.84405517578125,113.05741882324219,46.35234832763672,112.90170288085938,0.9762585759162903
990,23.315303802490234,91.45442199707031,75.12173461914062,185.2227020263672,6.836781540187076e-05
990,415.6669921875,181.6973876953125,23.32000732421875,55.14959716796875,1.6231871995842084e-05
990,280.16461181640625,183.7068328857422,22.053466796875,51.769317626953125,3.8822890928713605e-06
990,394.5263977050781,185.20538330078125,20.84075927734375,50.822418212890625,9.320169169768633e-07
990,399.742919921875,181.6156768798828,26.30126953125,63.3709716796875,2.2656704459222965e-05
990,407.3735046386719,183.88043212890625,26.64202880859375,66.12387084960938,0.0005284909857437015
990,420.1951904296875,192.58865356445312,25.84228515625,59.419464111328125,2.7278226752969204e-06
990,496.9086608886719,193.064208984375,20.590850830078125,51.274200439453125,7.135956821002765e-06
990,413.97308349609375,203.98934936523438,22.613525390625,52.93414306640625,0.00744976568967104
1020,596.0113525390625,0.0,44.4886474609375,120.29393005371094,2.283097956023994e-06
1020,409.13482666015625,172.1275177001953,23.59149169921875,56.144256591796875,8.48107083584182e-05
1020,422.373046875,173.7445831298828,21.69989013671875,51.65985107421875,5.67490205867216e-05
1020,51.90867614746094,179.3251953125,21.512619018554688,51.9669189453125,1.4777038813917898e-05
1020,62.4744873046875,178.71990966796875,21.978485107421875,52.71087646484375,0.07588773965835571
1020,69.65806579589844,176.6192626953125,21.746536254882812,52.790496826171875,5.109694029670209e-05
1020,415.58172607421875,177.78260803222656,23.860595703125,56.608978271484375,7.356341666309163e-05
1020,0.0,188.06024169921875,13.74184799194336,50.9769287109375,1.1873683433805127e-05
1020,56.2916259765625,167.67312622070312,35.49406433105469,82.4205322265625,2.4593806301709265e-05
1020,0.0,184.791748046875,18.54974937438965,75.03887939453125,2.2365870790963527e-06
1020,24.835735321044922,188.64405822753906,21.456764221191406,51.74468994140625,1.742975291563198e-05
1020,57.60185623168945,190.1669921875,21.74325180053711,53.03887939453125,4.6857916458975524e-05
1020,479.5809326171875,178.28826904296875,57.18084716796875,139.31622314453125,0.0004296960250940174
1020,464.688232421875,157.08999633789062,89.9874267578125,203.70733642578125,3.0202849302440882e-05
1020,606.4810791015625,143.4512939453125,34.0189208984375,146.65695190429688,2.6188168703811243e-05
1020,591.98828125,115.8567123413086,48.51171875,233.89788818359375,9.692334060673602e-06
1020,506.17388916015625,196.41896057128906,44.0316162109375,106.75141906738281,2.6142681235796772e-05
1020,476.5364990234375,206.93296813964844,41.05560302734375,99.85688781738281,0.00012702267849817872
1020,489.8125,212.94264221191406,39.76458740234375,97.60527038574219,0.15680243074893951
1020,504.5927429199219,240.06051635742188,22.740814208984375,54.7757568359375,1.3048426808381919e-05
1020,494.60858154296875,235.20562744140625,27.737548828125,67.93365478515625,7.66653010941809e-06
1020,503.36090087890625,225.27078247070312,34.444580078125,85.14569091796875,0.11832638829946518
1050,1.2045230865478516,132.5466766357422,23.582998275756836,55.910400390625,2.3210473045764957e-06
1050,22.889394760131836,135.37664794921875,21.835023880004883,51.435150146484375,0.003464700886979699
1050,0.0,145.78277587890625,13.297849655151367,50.93829345703125,2.203245458076708e-05
1050,8.476393699645996,151.43826293945312,21.42375946044922,51.207061767578125,1.3951937035017181e-05
1050,21.960845947265625,146.3934326171875,25.64154815673828,60.86761474609375,7.251429633470252e-05
1050,0.0,133.87344360351562,23.27960777282715,104.59359741210938,1.0199766620644368e-05
1050,15.8699951171875,140.37765502929688,38.52393341064453,92.89987182617188,5.402107854024507e-05
1050,0.0,168.46267700195312,13.279170989990234,51.709716796875,6.162453701108461e-06
1050,0.0,101.65093994140625,46.59275436401367,220.58749389648438,5.41949975740863e-06
1050,496.81549072265625,185.12132263183594,23.125732421875,54.6395263671875,6.528920039272634e-06
1050,504.7275390625,183.02288818359375,20.5201416015625,50.50921630859375,1.736314152367413e-05
1050,511.8064270019531,182.78163146972656,23.820220947265625,54.549285888671875,1.0493527042854112e-06
1050,487.6590270996094,192.09878540039062,23.78076171875,56.199310302734375,5.863060869160108e-05
1080,603.9968872070312,46.78150939941406,21.35791015625,51.65618896484375,0.00011411520972615108
1080,610.742919921875,46.88799285888672,22.1966552734375,52.727813720703125,0.0006884676404297352
1080,623.3154296875,45.890106201171875,17.1845703125,61.40339660644531,7.99976332928054e-05
1080,599.6558837890625,49.56388473510742,32.2841796875,74.17320251464844,7.968817953951657e-06
1080,611.2623901367188,46.01715850830078,29.23760986328125,77.42149353027344,5.385554686654359e-05
1080,594.0494384765625,0.0,46.4505615234375,229.71530151367188,1.740511720527138e-06
1080,599.5402221679688,169.75848388671875,22.454833984375,53.10498046875,0.0003870364453177899
1080,0.0,169.29275512695312,15.144546508789062,55.302154541015625,3.288971583970124e-06
1080,593.0178833007812,172.20831298828125,22.611572265625,54.36383056640625,0.004371427930891514
1080,7.694815635681152,176.46246337890625,22.80115509033203,53.623748779296875,1.1924692444154061e-05
1080,585.963134765625,176.28341674804688,22.4771728515625,53.1783447265625,0.04437025263905525
1080,607.6670532226562,175.2394561767578,21.372314453125,51.559478759765625,4.175798312644474e-05
1080,627.1693725585938,176.39976501464844,13.33062744140625,51.7808837890625,1.0227233815385262e-06
1080,578.8843383789062,180.2549285888672,23.733154296875,54.779937744140625,9.684343240223825e-05
1080,593.914306640625,179.7537384033203,32.122802734375,74.55239868164062,3.9135204133344814e-05
1080,582.1251831054688,178.21194458007812,32.3819580078125,78.74163818359375,0.0003936847497243434
1080,0.0,427.2796630859375,22.65595054626465,53.2203369140625,2.491630539225298e-06
1080,0.0,339.8951721191406,64.47838592529297,140.60482788085938,7.855537660361733e-06
1110,0.0,183.51856994628906,15.640218734741211,57.544586181640625,8.323861948156264e-06
1110,487.6059265136719,192.49781799316406,23.56195068359375,56.867156982421875,2.7401815714256372e-06
1110,0.0,345.8733215332031,64.23535919189453,134.62667846679688,4.150930635660188e-06
1140,569.18212890625,174.1193389892578,21.983642578125,52.42291259765625,3.7867503124289215e-05
1140,578.4489135742188,171.14361572265625,21.296630859375,52.532989501953125,9.860834325081669e-06
1140,585.6248779296875,170.792724609375,21.8701171875,51.284576416015625,1.5673189409426413e-05
1140,592.007568359375,173.5911865234375,31.9881591796875,75.287109375,4.091864684596658e-05
1140,563.7444458007812,182.44287109375,26.0479736328125,61.714019775390625,0.00010025636584032327
1140,571.4116821289062,178.73739624023438,27.2098388671875,65.3966064453125,0.06177110970020294
1140,579.7620239257812,177.89451599121094,28.9642333984375,69.19525146484375,0.9005924463272095
1140,571.285400390625,159.94186401367188,42.4388427734375,99.96444702148438,8.134237759804819e-06
1140,589.7717895507812,186.9951171875,24.15380859375,56.629608154296875,0.00016180353122763336
1140,627.550048828125,201.93255615234375,12.949951171875,50.590850830078125,5.7286524679511786e-06
1140,579.248291015625,196.60433959960938,21.15087890625,52.051239013671875,5.86076348554343e-05
1140,584.3069458007812,200.7989044189453,22.4833984375,56.69770812988281,3.011475200764835e-06
1170,594.6083374023438,0.0,45.89166259765625,121.99007415771484,2.091359647238278e-06
1170,574.6419067382812,37.85549545288086,35.8377685546875,85.11131286621094,3.901336640410591e-06
1170,583.15673828125,57.065185546875,23.077880859375,53.887847900390625,8.41676228446886e-05
1170,590.1065673828125,54.020164489746094,22.0400390625,51.45985412597656,3.536171425366774e-05
1170,622.5300903320312,38.7168083190918,17.96990966796875,78.24354553222656,7.710933277849108e-05
1170,627.0017700195312,57.95811080932617,13.49822998046875,50.77003860473633,4.294179234420881e-05
1170,0.0,132.79830932617188,31.17474937438965,136.46707153320312,9.514010343991686e-06
1170,0.0,173.9315643310547,16.621309280395508,62.8724365234375,2.3782449716236442e-06
1170,7.631146430969238,191.25820922851562,21.8038330078125,51.32177734375,1.955077823367901e-05
1170,0.0,190.7662353515625,18.72098159790039,68.43988037109375,0.0003180513740517199
1170,4.576142311096191,196.44395446777344,27.398330688476562,69.40019226074219,1.4310893675428815e-05
1170,478.10595703125,205.269287109375,29.15863037109375,65.94766235351562,3.8532825783477165e-06
1170,0.0,186.3880615234375,26.01451873779297,103.18197631835938,0.0003784275031648576
1170,0.0,179.66636657714844,39.82914733886719,143.0724639892578,0.0005082127754576504
1170,0.0,172.401611328125,60.95549011230469,207.716552734375,3.5003070024686167e-06
1170,0.0,220.44287109375,18.969547271728516,69.35498046875,8.933022400015034e-06
1170,488.87060546875,224.1278533935547,30.295654296875,70.32579040527344,2.4213264623540454e-05
1170,481.8990783691406,227.2644805908203,25.8931884765625,62.15977478027344,0.00914914533495903
1170,0.0,238.85784912109375,32.14106369018555,149.613037109375,1.0335025763197336e-05
1170,0.0,225.41946411132812,47.60723876953125,217.3123779296875,3.7785152926517185e-06
1200,8.404129981994629,144.95101928710938,22.228599548339844,50.578277587890625,2.6761776098283008e-05
1200,0.0,156.15048217773438,15.795417785644531,54.75286865234375,2.3257171051227488e-05
1200,9.19878101348877,152.2357177734375,27.41921615600586,67.49566650390625,0.051229849457740784
1200,22.517047882080078,158.40240478515625,22.521942138671875,52.464080810546875,4.709296263172291e-05
1200,0.6580600738525391,157.004638671875,29.620222091674805,71.10800170898438,0.0009093575063161552
1200,15.196887016296387,160.6300048828125,31.497169494628906,77.48037719726562,0.00027714858879335225
1200,627.8765869140625,170.41944885253906,12.6234130859375,50.703033447265625,6.404460236808518e-06
1200,0.0,167.31568908691406,18.24054718017578,65.585205078125,4.1524250264046714e-05
1200,0.0,150.5099639892578,42.28955078125,101.66989135742188,0.0022941280622035265
1200,0.0,119.65538024902344,47.51327896118164,216.7913360595703,2.672933624126017e-05
1200,80.54940795898438,194.54998779296875,21.746994018554688,52.201080322265625,7.2236739470099565e-06
1200,0.0,194.9921875,17.727384567260742,62.66119384765625,4.866222752752947e-06
1200,0.0,166.4139862060547,25.49837875366211,109.95063781738281,2.1538489818340167e-05
1200,65.14398193359375,199.9574432373047,22.566909790039062,54.833587646484375,4.986778549209703e-06
1200,71.96197509765625,197.9453887939453,22.8984375,54.62469482421875,9.187510841002222e-06
1200,49.41841506958008,208.73138427734375,21.730213165283203,50.9266357421875,7.641069714736659e-06
1200,56.36695098876953,205.99038696289062,23.540252685546875,57.314788818359375,9.868887900665868e-06
1200,8.893932342529297,217.35055541992188,20.286624908447266,50.8255615234375,2.3304071419261163e-06
1200,0.0,221.9176788330078,15.9974365234375,57.03379821777344,1.069705012923805e-05
1200,0.0,204.68568420410156,24.69830322265625,102.53550720214844,3.6999028907303e-06
1200,0.0,244.05227661132812,15.639310836791992,60.0509033203125,4.8207480176643e-06
1200,0.0,341.9930419921875,62.424373626708984,138.5069580078125,7.1517902142659295e-06
1230,563.269775390625,173.39505004882812,22.2982177734375,52.32769775390625,0.0033902765717357397
1230,575.4698486328125,176.02354431152344,22.9921875,54.728912353515625,3.328585808048956e-05
1230,35.550113677978516,181.40748596191406,21.78429412841797,53.1873779296875,1.655939922784455e-05
1230,42.807098388671875,182.52261352539062,23.91375732421875,55.6871337890625,0.0011802584631368518
1230,53.67549133300781,183.2436981201172,24.191574096679688,57.29046630859375,0.0015850835479795933
1230,61.57759475708008,186.51119995117188,22.848072052001953,54.930267333984375,3.0115787012618966e-05
1230,553.542724609375,180.48313903808594,25.3365478515625,59.5338134765625,1.9523201899573905e-06
1230,567.9408569335938,177.75048828125,25.1898193359375,60.63812255859375,0.025326121598482132
1230,584.844482421875,182.21910095214844,21.760009765625,53.87060546875,1.2558886737679131e-05
1230,593.873046875,187.1864013671875,20.0869140625,50.54644775390625,6.636029183937353e-07
1230,44.08225631713867,183.69236755371094,33.54310989379883,80.47480773925781,0.059541795402765274
1230,389.8913879394531,191.4657745361328,20.630615234375,50.763214111328125,3.837496115011163e-05
1230,31.09429359436035,185.9353790283203,34.265708923339844,83.01399230957031,2.558143751230091e-05
1230,55.595542907714844,188.27011108398438,30.913314819335938,77.05218505859375,0.00015998573508113623
1230,562.4314575195312,173.14224243164062,35.390869140625,87.13986206054688,2.82857126876479e-05
1230,626.8861694335938,198.87283325195312,13.61383056640625,57.056976318359375,3.0052294732740847e-06
1230,48.90419006347656,197.19676208496094,22.71356201171875,54.912017822265625,3.557687250577146e-06
1230,69.77664947509766,201.2602081298828,25.42333984375,60.25559997558594,9.396042514708824e-06
1230,28.006439208984375,184.21319580078125,50.46470642089844,114.18539428710938,7.582597754662856e-05
1260,81.01110076904297,161.1712646484375,21.970550537109375,51.4306640625,2.6601475838106126e-05
1260,60.01169967651367,165.11412048339844,22.530132293701172,53.2015380859375,4.292770609026775e-05
1260,54.83771514892578,154.27993774414062,34.95674133300781,81.05752563476562,3.828371518466156e-06
1260,86.6498031616211,162.1865234375,25.187026977539062,60.065032958984375,2.571243567217607e-05
1260,66.38489532470703,166.96136474609375,25.977920532226562,63.6805419921875,0.043719615787267685
1260,74.9177474975586,169.54098510742188,28.083328247070312,68.67935180664062,0.0017501283437013626
1260,81.39073181152344,174.6104278564453,33.14208984375,80.20266723632812,0.00012093966506654397
1260,406.82745361328125,179.22378540039062,33.195556640625,79.15841674804688,3.1557785860059084e-06
1260,504.7099304199219,187.08792114257812,22.858245849609375,54.62200927734375,1.323970627709059e-05
1260,62.472900390625,164.61439514160156,38.85157775878906,94.97673034667969,0.0008265776559710503
1260,403.8971252441406,196.65707397460938,22.8157958984375,52.50146484375,7.561137408629293e-06
1260,533.1696166992188,198.03997802734375,21.6875,51.29949951171875,0.0013521930668503046
1260,52.50665283203125,176.6549530029297,36.3853759765625,90.61289978027344,9.222045264323242e-06
1260,69.3372573852539,185.7750701904297,26.639602661132812,63.923187255859375,2.5180092052323744e-05
1260,94.50587463378906,194.9683074951172,25.3857421875,59.5606689453125,4.928145426674746e-05
1260,412.52081298828125,197.61288452148438,22.392822265625,52.391326904296875,0.002335624536499381
1260,419.1862487792969,194.43533325195312,25.02496337890625,59.8668212890625,0.06537224352359772
1260,427.9917907714844,194.35240173339844,24.24224853515625,58.546539306640625,4.7102890675887465e-05
1260,42.335025787353516,160.6934356689453,55.57418441772461,128.22557067871094,4.1360632167197764e-05
1260,31.389568328857422,136.501708984375,85.790771484375,206.32861328125,5.897345999983372e-06
1260,75.61561584472656,193.59738159179688,30.195083618164062,68.8887939453125,4.0720892684475984e-06
1260,541.919189453125,199.78306579589844,21.8995361328125,52.749298095703125,0.0001780049642547965
1260,628.0667114257812,209.16053771972656,12.43328857421875,51.22309875488281,4.12711324315751e-06
1260,0.0,226.24436950683594,15.60457992553711,55.66780090332031,2.576068254711572e-06
1260,8.109626770019531,228.06851196289062,23.145687103271484,55.22564697265625,7.894696864241268e-06
1260,17.32569122314453,229.6259307861328,22.320045471191406,51.89460754394531,2.9007292141614016e-06
1290,481.6988830566406,69.24561309814453,22.47467041015625,53.87522888183594,1.5939873264869675e-05
1290,493.1610107421875,67.59164428710938,26.27880859375,59.44041442871094,2.846457573468797e-05
1290,457.36383056640625,76.94967651367188,21.509521484375,51.26448059082031,2.318813858437352e-05
1290,463.28167724609375,72.35482788085938,23.088134765625,54.01922607421875,8.220747076848056e-06
1290,473.0745544433594,73.38902282714844,20.54107666015625,50.94688415527344,3.392915232325322e-06
1290,487.3682861328125,75.44914245605469,24.366943359375,56.93663024902344,4.126474232180044e-05
1290,0.0,128.444580078125,15.048413276672363,56.144195556640625,4.394787538331002e-06
1290,63.55232620239258,209.2288055419922,25.35708999633789,57.14900207519531,4.2619706164259696e-07
1290,73.3758773803711,210.9859161376953,20.483367919921875,51.25254821777344,9.753745871421415e-06
1290,80.09236145019531,211.06076049804688,24.010009765625,55.1583251953125,7.778990038787015e-06
1290,120.94876861572266,210.25271606445312,22.169410705566406,52.720428466796875,3.6727699352923082e-06
1290,129.01004028320312,208.40487670898438,21.669677734375,53.056732177734375,7.366562385868747e-06
1290,135.70089721679688,206.63674926757812,21.631866455078125,52.912811279296875,1.5914347386569716e-06
1290,86.99810028076172,216.32815551757812,24.061386108398438,54.20172119140625,1.183761651191162e-05
1290,0.0,242.56333923339844,29.24570655822754,128.85914611816406,3.5409320844337344e-06
1290,0.0,295.32867431640625,14.076364517211914,52.50823974609375,1.6002197298803367e-05
1290,0.0,309.60888671875,15.724020957946777,56.17755126953125,0.00016966793918982148
1290,0.0,288.5403747558594,20.289825439453125,94.8489990234375,4.713555881608045e-06
1320,418.8117370605469,197.29745483398438,20.53857421875,50.90606689453125,1.2078218787792139e-05
1320,432.5773010253906,198.10140991210938,22.35650634765625,52.517730712890625,0.0010399260791018605
1320,447.1360168457031,197.27151489257812,22.44598388671875,51.953826904296875,0.00018897844711318612
1320,425.9866027832031,183.55133056640625,35.8558349609375,84.847900390625,4.897466624242952e-06
1320,441.0431213378906,200.35693359375,21.132080078125,50.7923583984375,0.003810837399214506
1320,452.1054992675781,199.73272705078125,25.2396240234375,59.00927734375,1.599344955138804e-06
1320,151.75115966796875,207.7694091796875,22.66668701171875,53.82891845703125,8.567922122892924e-06
1320,409.7176818847656,199.57211303710938,21.1805419921875,51.05377197265625,3.9452165765396785e-06
1320,127.51531982421875,217.8285675048828,22.928680419921875,54.21702575683594,8.581317160860635e-06
1320,55.619651794433594,229.46463012695312,22.851028442382812,52.9700927734375,2.3762136152072344e-06
1320,571.9324340820312,242.31475830078125,43.1712646484375,99.561279296875,3.05644903164648e-06
1350,595.8908081054688,99.33905029296875,31.4534912109375,73.42037963867188,0.00013091115397401154
1350,594.3888549804688,109.54740142822266,22.73095703125,53.339027404785156,2.2927813915885054e-05
1350,606.3216552734375,111.31068420410156,24.1717529296875,55.521697998046875,9.570915426593274e-05
1350,601.4202270507812,118.40971374511719,21.6392822265625,51.6358642578125,0.010490644723176956
1350,614.326416015625,114.26985931396484,25.278564453125,57.117530822753906,8.182982128346339e-06
1350,596.03271484375,125.19537353515625,22.8701171875,53.527587890625,0.00016743801825214177
1350,626.948486328125,121.49445343017578,13.551513671875,53.088951110839844,2.285261189172161e-06
1350,602.2892456054688,121.5238265991211,29.2265625,67.39691925048828,4.631393949239282e-06
1350,593.846435546875,130.23638916015625,32.3760986328125,76.23126220703125,1.577979128342122e-05
1350,581.3218383789062,126.37084197998047,44.151611328125,108.98120880126953,1.881679054349661e-05
1350,457.0926513671875,189.4388427734375,20.81109619140625,51.032867431640625,1.509667185928265e-06
1350,497.1099548339844,183.8993682861328,21.392608642578125,51.3416748046875,1.5041967344586737e-05
1350,501.7803649902344,180.74893188476562,25.997589111328125,59.140899658203125,1.3375754861044697e-05
1350,167.68650817871094,194.6085662841797,22.54437255859375,53.198333740234375,8.7081098172348e-06
1350,153.4280548095703,201.1589813232422,22.600006103515625,52.29437255859375,2.22991434384312e-06
1350,160.29681396484375,198.52430725097656,23.12506103515625,53.33636474609375,5.837604112457484e-05
1380,627.5125732421875,164.4010009765625,12.9874267578125,50.719482421875,0.00016880205657798797
1380,590.5697631835938,111.97367858886719,49.93023681640625,236.1842803955078,1.4704686464028782e-06
1380,585.9734497070312,182.07275390625,23.6795654296875,54.792144775390625,5.999093446007464e-06
1380,623.4354858398438,165.48687744140625,17.06451416015625,74.91363525390625,4.112198803341016e-05
1380,608.8733520507812,183.79412841796875,21.281494140625,51.41058349609375,5.8598348005034495e-06
1380,613.4920654296875,173.59249877929688,27.0079345703125,79.63479614257812,2.1399797333288006e-05
1380,591.1840209960938,191.62167358398438,24.2056884765625,55.096221923828125,1.4158566955302376e-05
1380,601.5504760742188,192.16932678222656,20.765380859375,50.946807861328125,1.2088659786968492e-05
1380,586.2772216796875,199.90713500976562,20.71337890625,50.76715087890625,2.2544712919625454e-05
1410,593.3560180664062,169.72235107421875,24.8856201171875,59.33197021484375,1.3172729040888953e-06
1410,586.5069580078125,181.47201538085938,23.9739990234375,55.08038330078125,1.9331666862854036e-06
1410,598.8058471679688,181.4556121826172,24.0987548828125,56.115203857421875,0.000524786883033812
1410,626.4842529296875,177.9754638671875,14.0157470703125,52.74627685546875,3.7639314541593194e-05
1410,233.84779357910156,182.03497314453125,22.77239990234375,54.655181884765625,3.3032534702215344e-05
1410,241.26585388183594,180.9794921875,22.449142456054688,53.94781494140625,8.890728349797428e-05
1410,608.3298950195312,183.8843536376953,21.6173095703125,52.73223876953125,8.2152291724924e-06
1410,616.0623168945312,181.51406860351562,24.43768310546875,60.660491943359375,3.4753258660202846e-05
1410,0.0,189.72406005859375,15.526398658752441,56.687408447265625,8.375085599254817e-06
1410,454.5477600097656,195.75601196289062,25.76214599609375,63.244720458984375,8.644759873277508e-06
1410,603.6297607421875,182.2963409423828,31.493896484375,73.60589599609375,1.2299464287934825e-05
1410,612.838623046875,151.98272705078125,27.661376953125,126.82958984375,1.9288868315925356e-06
1410,438.73248291015625,199.13980102539062,26.9267578125,63.114776611328125,1.2342247828200925e-06
1410,624.5585327148438,193.39138793945312,15.94146728515625,64.17254638671875,3.848842970910482e-05
1410,589.0537719726562,129.6046600341797,51.44622802734375,226.38746643066406,3.6054923384654103e-06
1410,443.79046630859375,196.93679809570312,33.18731689453125,80.58670043945312,0.0014880173839628696
1410,14.249002456665039,195.58718872070312,41.57109069824219,104.67263793945312,5.9135130868526176e-05
1440,34.309837341308594,184.71981811523438,21.2972412109375,51.40966796875,7.39934912417084e-05
1440,527.5213012695312,190.61781311035156,22.7918701171875,53.498443603515625,0.0003386525495443493
1440,0.0,191.32907104492188,15.554338455200195,56.072113037109375,1.6477626559208147e-05
1440,521.3525390625,195.81468200683594,23.31298828125,54.11962890625,0.0008406974375247955
1440,593.91943359375,202.51100158691406,22.162841796875,52.831756591796875,1.219465320900781e-05
1440,581.808837890625,169.2923583984375,50.092529296875,118.64431762695312,5.664130640070653e-07
1440,602.4982299804688,195.72158813476562,32.8341064453125,74.97982788085938,1.4209022083377931e-05
1440,9.70753002166748,198.45982360839844,22.321537017822266,53.58837890625,2.2889144020155072e-06
1440,18.037071228027344,197.11338806152344,21.68692398071289,51.8507080078125,4.248637196724303e-06
1440,25.969579696655273,198.68832397460938,21.222688674926758,51.53997802734375,1.581244941917248e-05
1440,46.69598388671875,198.2755126953125,21.532958984375,51.3863525390625,0.00042911170748993754
1440,585.2080078125,206.2654266357422,21.8114013671875,52.76496887207031,1.648070610826835e-05
1440,581.9024047851562,199.99899291992188,32.84521484375,76.71112060546875,7.2305870162381325e-06
1440,597.5631103515625,209.31907653808594,26.9462890625,65.02241516113281,0.07310692220926285
1440,606.0775756835938,208.29452514648438,22.8131103515625,53.288909912109375,7.828021625755355e-05
1440,39.343631744384766,201.64395141601562,23.713951110839844,57.334228515625,0.00016351348313037306
1440,625.5418701171875,214.51290893554688,14.9581298828125,61.451446533203125,1.462385080230888e-05
1440,616.5388793945312,195.81053161621094,23.96112060546875,103.54811096191406,9.257802048523445e-06
1440,586.0139770507812,205.08184814453125,47.373779296875,115.89654541015625,0.0005285912775434554
1440,565.9227905273438,171.77859497070312,74.57720947265625,197.5784912109375,2.6690515369409695e-05
1440,605.9135131835938,190.35531616210938,34.58648681640625,146.74786376953125,1.1696037290676031e-05
1470,200.72386169433594,178.9524688720703,22.28802490234375,51.957763671875,2.2510139388032258e-06
1470,208.55422973632812,183.05470275878906,22.97418212890625,52.600677490234375,2.832701738952892e-06
1470,478.2237243652344,185.2103271484375,21.565185546875,50.843170166015625,0.8421136140823364
1470,485.5835266113281,187.26065063476562,21.1190185546875,51.476348876953125,0.00031544413650408387
1470,593.3251342773438,214.13827514648438,21.7279052734375,50.823760986328125,1.0572375686024316e-05
1470,0.0,345.36553955078125,62.0579833984375,135.13446044921875,4.539831479632994e-06
1500,593.5515747070312,196.55810546875,22.8609619140625,53.548431396484375,0.00014331001148093492
1500,593.3648681640625,184.40274047851562,32.614501953125,81.84283447265625,1.5246599105012137e-05
1500,604.5975952148438,189.7406463623047,25.975830078125,60.96630859375,2.2341899239108898e-05
1500,601.1334228515625,201.63479614257812,21.7935791015625,52.734649658203125,0.004610791336745024
1500,0.0,202.09471130371094,14.057818412780762,50.638275146484375,1.3110841337038437e-06
1500,565.6134643554688,116.29410552978516,74.88653564453125,255.38372802734375,2.2941419501876226e-06
1500,518.9804077148438,121.755859375,121.51959228515625,304.7010498046875,4.906732556264615e-06
1530,224.86737060546875,176.99359130859375,23.578826904296875,55.677825927734375,3.864256086671958e-06
1530,233.02969360351562,176.77462768554688,22.5357666015625,53.8426513671875,4.121881374885561e-06
1530,0.0,194.02371215820312,15.851147651672363,51.835845947265625,5.9946491091977805e-05
1530,0.0,138.55950927734375,45.16126251220703,224.5047607421875,5.447916919365525e-06
1530,1.206064224243164,202.95986938476562,21.466556549072266,51.473602294921875,0.009970098733901978
1530,0.0,147.88075256347656,69.54376220703125,298.3607177734375,2.684346100068069e-06
1530,14.372151374816895,200.34344482421875,23.183116912841797,55.218719482421875,5.910549703003198e-07
1530,0.0,188.9695587158203,24.298439025878906,91.32453918457031,4.078996425960213e-05
1530,4.403467178344727,204.81983947753906,25.78942108154297,62.35057067871094,5.8661815273808315e-05
1530,0.0,212.8082733154297,17.295129776000977,62.06690979003906,2.350756221858319e-05
1530,96.92755126953125,196.98045349121094,39.75956726074219,99.67842102050781,2.0358289475552738e-05
1560,626.9351806640625,157.60037231445312,13.5648193359375,51.597991943359375,1.2766892723448109e-05
1560,607.3930053710938,164.06455993652344,24.7451171875,56.966094970703125,2.5532328436383978e-05
1560,621.3870849609375,158.38861083984375,19.1129150390625,77.982421875,4.0943243220681325e-05
1560,106.89405059814453,179.77838134765625,21.3662109375,51.175537109375,0.00012989822425879538
1560,50.149864196777344,120.57810974121094,121.32230377197266,282.2906494140625,1.6116478946059942e-05
1560,101.73568725585938,161.0851287841797,52.34674072265625,129.11927795410156,1.819316707951657e-06
1560,614.3185424804688,154.15943908691406,26.18145751953125,113.48899841308594,1.4204063518263865e-05
1560,97.5570297241211,186.77183532714844,22.876541137695312,53.752197265625,4.205972800264135e-06
1560,101.53924560546875,178.4302520751953,30.399002075195312,75.83889770507812,0.00021899786952417344
1560,74.02711486816406,141.7025146484375,83.77589416503906,202.385498046875,4.482165240915492e-05
1560,110.59302520751953,185.41061401367188,24.08472442626953,55.424041748046875,8.583867020206526e-05
1560,119.54242706298828,189.0626983642578,22.034706115722656,52.64105224609375,2.8812790333176963e-05
1560,607.3696899414062,181.3863525390625,29.0006103515625,65.88397216796875,1.8038501366390847e-05
1560,624.2315063476562,185.21963500976562,16.26849365234375,65.9583740234375,1.1721439477696549e-05
1560,64.72307586669922,192.17095947265625,23.136215209960938,54.851837158203125,1.02533385870629e-06
1560,89.74855041503906,192.7050018310547,22.43280029296875,53.7236328125,3.93141772292438e-06
1560,92.33430480957031,185.82852172851562,32.35017395019531,76.96939086914062,5.1682163757504895e-05
1560,109.38573455810547,183.283935546875,36.11377716064453,86.24700927734375,0.00026235287077724934
1560,125.77876281738281,191.219482421875,25.7659912109375,62.235870361328125,4.557273769023595e-06
1560,589.9956665039062,172.01150512695312,44.77587890625,108.4903564453125,5.4744273256801534e-06
1560,592.1510620117188,116.1104507446289,48.34893798828125,230.84674072265625,7.490463030990213e-05
1560,33.395530700683594,200.07876586914062,21.139816284179688,50.822998046875,1.042866074385529e-06
1560,79.49710083007812,167.4462127685547,50.055450439453125,118.71284484863281,2.8389727958710864e-05
1560,95.30176544189453,187.43975830078125,42.16216278076172,99.89520263671875,0.02261515147984028
1560,604.17138671875,162.33566284179688,36.32861328125,146.693603515625,6.633152952417731e-05
1560,86.64677429199219,201.88436889648438,31.529220581054688,71.75625610351562,9.419764865015168e-06
1560,101.00846862792969,208.07150268554688,29.267074584960938,70.5047607421875,7.744319191260729e-06
1590,227.6807403564453,169.40560913085938,21.728546142578125,50.800811767578125,7.789039386807417e-07
1590,0.0,170.88621520996094,15.649799346923828,57.689727783203125,4.403337698022369e-06
1590,0.42134761810302734,181.77197265625,22.948368072509766,54.65301513671875,3.16143245981948e-06
1590,0.0,144.2809600830078,29.32970428466797,128.2207489013672,9.797784059628611e-07
1590,7.431304931640625,187.8446502685547,23.017074584960938,54.8272705078125,7.170947355916724e-06
1590,231.6879119873047,180.00587463378906,22.370849609375,54.966094970703125,0.0016864206409081817
1590,240.51495361328125,182.6505126953125,21.276123046875,50.8226318359375,4.3374652705097105e-06
1590,0.0,192.0954132080078,15.764742851257324,56.77032470703125,5.0316117267357185e-05
1590,0.0,204.45761108398438,23.098697662353516,54.89764404296875,3.29993986269983e-06
1620,89.23703002929688,108.16114807128906,22.34783935546875,52.523712158203125,1.240217557096912e-06
1620,96.12588500976562,110.58353424072266,22.349349975585938,51.79650115966797,4.074730895808898e-06
1620,100.15478515625,111.32306671142578,26.61199951171875,63.53681182861328,1.0650145668478217e-05
1620,77.75212097167969,100.4172592163086,36.5059814453125,89.14472198486328,0.00012246047845110297
1620,89.62006378173828,111.63865661621094,32.08064270019531,75.64981079101562,0.0008862802060320973
1620,77.48381042480469,116.21095275878906,46.97172546386719,113.616943359375,5.857997894054279e-05
1620,60.16471862792969,90.35469055175781,82.90019226074219,201.29539489746094,1.033858779919683e-06
1620,2.3077354431152344,186.67626953125,23.046175003051758,55.081085205078125,3.2454688607685966e-06
1620,447.8368225097656,185.7754364013672,23.59869384765625,55.96856689453125,3.951749931729864e-06
1620,0.0,191.09536743164062,16.01812744140625,58.025421142578125,5.0069024837284815e-06
1620,8.727578163146973,193.02088928222656,22.145660400390625,52.695343017578125,1.2250217878317926e-05
1620,15.904919624328613,192.0395965576172,22.31009292602539,53.263092041015625,1.2649240488826763e-05
1650,43.55823516845703,103.56512451171875,39.45374298095703,98.03213500976562,9.334400601801462e-06
1650,84.223876953125,115.74102783203125,26.852752685546875,63.878662109375,0.0007126127020455897
1650,62.519222259521484,113.10322570800781,32.75236892700195,79.6236572265625,0.9943669438362122
1650,73.37944793701172,114.79811096191406,30.646041870117188,75.27316284179688,0.0027447412721812725
1650,65.24099731445312,128.7700653076172,22.865402221679688,55.161285400390625,4.5008870074525476e-05
1650,57.764984130859375,131.45822143554688,25.649765014648438,61.74420166015625,1.6844647689140402e-05
1650,31.627201080322266,82.4739761352539,86.98486328125,204.7510986328125,5.613973826257279e-06
1650,72.78886413574219,133.83999633789062,21.614913940429688,53.220672607421875,1.3935906508777407e-06
1650,51.46446990966797,102.31608581542969,48.81219482421875,116.98260498046875,0.0003062281757593155
1650,61.85042190551758,141.12615966796875,28.908687591552734,67.75985717773438,3.0887963475834113e-06
1650,592.7137451171875,212.57852172851562,22.2171630859375,52.860595703125,1.083428469428327e-05
1650,584.3204956054688,216.6655731201172,24.6939697265625,58.53828430175781,1.041675204760395e-06
1680,208.22225952148438,171.24038696289062,21.694427490234375,52.006256103515625,0.00028966221725568175
1680,194.09925842285156,176.98562622070312,24.181915283203125,57.880279541015625,9.838375262916088e-06
1680,201.86741638183594,176.90814208984375,22.574951171875,53.5289306640625,8.103027357719839e-05
1680,215.298095703125,176.36175537109375,22.698974609375,54.375640869140625,1.707736919343006e-05
1680,455.4470520019531,180.9437255859375,24.239501953125,58.67962646484375,8.368741077902087e-07
1680,206.3246612548828,183.0313720703125,25.812835693359375,60.432098388671875,5.023877747589722e-06
1710,547.8265380859375,167.03782653808594,32.2703857421875,79.51559448242188,2.197705725848209e-05
1740,563.214111328125,166.66302490234375,21.8753662109375,51.67828369140625,3.6279809592087986e-06
1740,569.892333984375,171.2804412841797,21.0870361328125,50.900482177734375,6.2065232668828685e-06
1770,248.13026428222656,176.4592742919922,22.529342651367188,53.76318359375,8.913509645935846e-07
1770,392.3644104003906,174.08392333984375,23.06146240234375,54.953948974609375,0.00010251459752907977
1770,0.0,192.95225524902344,13.845541000366211,50.677398681640625,2.7492487788549624e-06
1770,6.779414176940918,207.8876953125,21.112613677978516,51.333709716796875,5.9684101870516315e-05
1770,0.0,210.21165466308594,16.156829833984375,51.47520446777344,8.0393765529152e-05
1770,0.0,130.3731689453125,58.245079040527344,310.544677734375,4.304199137550313e-06
1800,110.47802734375,154.44198608398438,26.548812866210938,62.1129150390625,4.058934337081155e-06
1800,424.041748046875,161.3387451171875,24.93634033203125,59.13037109375,9.794049219635781e-06
1800,102.83372497558594,163.4868621826172,27.586013793945312,65.50094604492188,0.010793727822601795
1800,116.61003112792969,166.6678466796875,24.93304443359375,57.939422607421875,7.606743747601286e-05
1800,415.134521484375,164.73692321777344,26.92138671875,61.9967041015625,1.0355341828471865e-06
1800,427.4093933105469,163.00128173828125,31.0751953125,73.8489990234375,2.3416361727868207e-05
1800,96.22286987304688,170.94284057617188,26.663497924804688,63.72723388671875,1.9407962099649012e-05
1800,111.41255187988281,175.13783264160156,22.951873779296875,54.95556640625,0.0008597110863775015
1800,3.7838096618652344,203.69276428222656,21.444679260253906,51.658447265625,0.0011251196265220642
1800,0.0,116.2127685546875,79.7652816772461,311.42144775390625,2.4444868813588982e-06
1800,0.0,208.38677978515625,16.19790267944336,52.903472900390625,4.825923315365799e-05
1830,0.0,29.148033142089844,51.93010330200195,234.50570678710938,1.0644855137798004e-05
1830,0.0,117.55421447753906,25.961679458618164,110.40023803710938,7.583616934425663e-06
1830,7.143179893493652,147.03497314453125,27.836933135986328,68.11614990234375,4.610557425621664e-06
1830,13.670979499816895,161.0922393798828,31.009449005126953,75.7147216796875,8.373444870812818e-05
1830,0.0,168.42886352539062,18.118267059326172,69.0523681640625,2.2006164726917632e-05
1830,0.0,156.6551513671875,32.61705780029297,92.13616943359375,0.0005340853822417557
1830,5.415805816650391,149.37860107421875,43.50380325317383,108.5244140625,0.0004693615483120084
1830,19.316299438476562,165.38600158691406,36.36432647705078,89.21859741210938,0.0011886536376550794
1830,31.10334014892578,173.82470703125,33.02740478515625,78.1365966796875,2.8037400625180453e-05
1830,0.0,118.03386688232422,46.008941650390625,211.06341552734375,4.909171548206359e-05
1830,25.16050910949707,188.21371459960938,24.770597457885742,57.97137451171875,9.645349928177893e-05
1830,469.47845458984375,138.4720458984375,55.92425537109375,127.52096557617188,1.1396089576010127e-05
1830,17.411375045776367,193.18641662597656,23.98392677307129,57.7568359375,1.2621177120308857e-05
1830,33.976036071777344,199.68576049804688,21.148590087890625,51.373809814453125,0.007231349591165781
1830,0.0,126.3216781616211,82.95571899414062,224.52243041992188,8.469170097669121e-06
1830,0.0,206.5154266357422,14.085222244262695,52.47459411621094,1.6232954294537194e-05
1830,0.0,189.40203857421875,19.74541664123535,81.09942626953125,6.10528559263912e-06
1830,39.112518310546875,205.38018798828125,23.166046142578125,54.7381591796875,9.75221973931184e-06
