30,609.0598754882812,141.4505615234375,24.0518798828125,54.54461669921875,6.9488769440795295e-06
30,544.7767944335938,128.23260498046875,44.7220458984375,106.73397827148438,4.748612809635233e-06
30,507.76873779296875,95.72432708740234,88.448974609375,204.04183959960938,2.3866812625783496e-05
30,574.8964233398438,152.71514892578125,25.131103515625,57.14410400390625,1.7087730157072656e-05
30,477.1354064941406,176.22386169433594,32.47735595703125,76.96505737304688,3.410498902667314e-05
30,495.31427001953125,187.25155639648438,23.572021484375,56.70294189453125,1.8079781511914916e-05
30,491.3438720703125,174.97821044921875,33.107666015625,80.24362182617188,3.5662713344208896e-05
30,499.1304016113281,151.6202392578125,42.654693603515625,108.01327514648438,6.2850872382114176e-06
30,504.39959716796875,128.46414184570312,58.690185546875,141.61474609375,3.877123890561052e-05
30,524.994384765625,124.60029602050781,62.091552734375,145.7353973388672,0.0001596089277882129
30,472.3340148925781,189.5157928466797,21.26446533203125,51.304046630859375,0.0004236678360030055
30,481.5525817871094,191.8145751953125,22.01287841796875,53.24505615234375,0.021282605826854706
30,487.240234375,190.1851348876953,26.4403076171875,60.6907958984375,0.0005566881154663861
30,470.06280517578125,185.65838623046875,30.1527099609375,72.97970581054688,7.793099030095618e-06
30,626.089599609375,258.8271484375,14.410400390625,61.2030029296875,6.630850293731783e-06
30,619.222900390625,256.69342041015625,21.277099609375,93.26934814453125,3.0201954359654337e-06
30,627.0136108398438,280.6406555175781,13.48638916015625,56.66937255859375,0.00011910555622307584
30,625.8760375976562,298.6600341796875,14.62396240234375,62.1468505859375,1.7914355794346193e-06
60,627.2474365234375,154.88262939453125,13.2525634765625,53.12249755859375,1.0752710295491852e-05
60,120.41304779052734,169.54112243652344,23.322288513183594,54.76300048828125,4.477626134757884e-06
60,525.9647827148438,182.6693115234375,28.3175048828125,65.530029296875,3.8310372474370524e-06
60,524.441162109375,157.6174774169922,42.29248046875,105.01313781738281,8.829515536490362e-06
60,550.4192504882812,179.95896911621094,41.1905517578125,102.61012268066406,5.24501137988409e-06
60,561.377685546875,222.54913330078125,22.947998046875,54.29351806640625,4.592714049067581e-06
60,562.5829467773438,210.19583129882812,32.6060791015625,76.09356689453125,2.5261392693209928e-06
60,572.9033813476562,219.5777130126953,25.2237548828125,59.05949401855469,6.880736691528e-07
60,568.5330810546875,230.46998596191406,21.7420654296875,51.97407531738281,1.1253209777351003e-05
60,609.2435302734375,328.1531677246094,23.7135009765625,54.570068359375,9.444996976526454e-06
60,600.6385498046875,362.64410400390625,39.8614501953125,117.85589599609375,6.590382781723747e-06
90,580.1488037109375,165.1440887451172,29.819091796875,67.24591064453125,3.930514139938168e-06
90,87.56461334228516,170.38320922851562,23.372604370117188,54.09368896484375,3.17298763548024e-05
90,574.235107421875,174.03688049316406,26.06396484375,59.2271728515625,6.100879545556381e-06
90,562.3070068359375,150.66595458984375,43.3892822265625,101.62564086914062,0.0005192793905735016
90,80.88086700439453,177.5658416748047,23.075759887695312,52.259735107421875,7.414786068693502e-06
90,542.8201293945312,149.48890686035156,43.9169921875,108.28886413574219,7.616516086272895e-06
90,574.300537109375,173.24049377441406,38.901123046875,94.70033264160156,4.696840733231511e-06
90,592.74462890625,113.72384643554688,47.75537109375,236.9736328125,1.509574030933436e-05
90,587.4324340820312,165.569091796875,47.1044921875,111.26031494140625,3.4081244848493952e-06
90,548.0552368164062,114.44386291503906,82.5399169921875,207.16893005371094,2.7963485990767367e-05
90,565.294189453125,155.51870727539062,55.5028076171875,133.272705078125,2.309833507752046e-05
90,616.2625732421875,179.36587524414062,24.2374267578125,104.1585693359375,1.928051915456308e-06
90,625.175048828125,217.6448516845703,15.324951171875,64.10545349121094,6.040594143996714e-06
90,13.926633834838867,212.98403930664062,42.67334747314453,109.55157470703125,5.378022706281627e-06
90,601.2352905273438,356.9775085449219,39.26470947265625,123.52249145507812,2.1732353161496576e-06
120,627.6688842773438,138.87875366210938,12.83111572265625,51.650177001953125,7.507162536057876e-06
120,558.6262817382812,121.93543243408203,81.87371826171875,219.05831909179688,3.99029377149418e-05
120,599.0879516601562,147.7225799560547,27.2679443359375,66.71444702148438,1.6448987025796669e-06
120,609.381103515625,148.23388671875,21.289794921875,51.812164306640625,3.5781952192337485e-06
120,589.0411376953125,152.02105712890625,30.8499755859375,74.154296875,2.863786903617438e-06
120,610.0935668945312,108.8030776977539,30.40643310546875,138.588134765625,7.270362516464957e-07
120,600.3251342773438,152.29275512695312,35.708984375,86.97927856445312,5.7710618420969695e-05
120,626.4766235351562,170.67974853515625,14.02337646484375,52.603424072265625,3.354598902660655e-06
120,621.532470703125,156.91604614257812,18.967529296875,77.36663818359375,2.974403969346895e-06
120,534.8172607421875,115.00223541259766,81.8046875,200.0250244140625,3.998125066573266e-06
120,555.9087524414062,135.404052734375,56.2607421875,134.15179443359375,4.989815715816803e-05
120,576.2689208984375,150.68927001953125,46.15966796875,106.30767822265625,0.0012794074136763811
120,595.2147827148438,172.5454864501953,31.046875,71.11343383789062,7.552626630058512e-05
120,606.7418212890625,178.58778381347656,23.366455078125,55.637176513671875,6.96885308570927e-06
120,588.22900390625,130.984375,52.27099609375,129.71035766601562,4.051668292959221e-05
120,549.644775390625,153.72132873535156,44.70849609375,106.98497009277344,4.653459200198995e-06
120,587.8234252929688,182.12254333496094,31.7239990234375,72.89404296875,4.458303465071367e-06
120,625.41943359375,187.73716735839844,15.08056640625,62.38714599609375,1.2838545444537885e-06
120,546.4224243164062,181.56219482421875,35.7459716796875,85.12057495117188,2.6169846023549326e-06
120,599.4963989257812,181.02735900878906,37.2247314453125,87.64402770996094,9.825502274907194e-06
120,607.9400634765625,151.35812377929688,32.5599365234375,146.36453247070312,1.1246032727285638e-06
120,579.836669921875,166.15476989746094,55.3985595703125,131.68434143066406,3.0640421755379066e-05
120,590.366455078125,140.09335327148438,50.133544921875,247.17828369140625,7.669103979424108e-06
120,0.0,233.98109436035156,21.281740188598633,88.74708557128906,4.184983481536619e-06
120,0.0,200.53225708007812,30.322826385498047,138.309814453125,1.721935041132383e-05
120,0.0,189.77789306640625,43.594322204589844,209.1636962890625,4.870433713222155e-06
120,627.5299682617188,257.3879089355469,12.97003173828125,51.0155029296875,9.272549505112693e-06
120,610.7254638671875,402.84686279296875,29.7745361328125,77.65313720703125,2.6738530323200393e-06
120,601.0338134765625,359.5794372558594,39.4661865234375,120.92056274414062,2.7492908429849194e-06
120,580.1980590820312,322.93341064453125,60.30194091796875,157.56658935546875,2.8140773338236613e-06
150,627.2071533203125,154.6986083984375,13.2928466796875,52.32763671875,4.642878138838569e-06
150,617.421875,143.5249481201172,23.078125,104.4180908203125,1.5618373936376884e-06
150,72.14897918701172,177.31719970703125,23.87554931640625,55.282135009765625,1.9724720914382488e-05
150,335.900390625,98.57466125488281,97.12127685546875,234.45542907714844,1.1245452697039582e-05
150,625.1292114257812,175.90501403808594,15.37078857421875,60.21954345703125,8.009151315491181e-07
150,64.18549346923828,186.47923278808594,23.765731811523438,53.710235595703125,9.25646054383833e-06
150,565.0294799804688,140.40655517578125,54.906982421875,132.93881225585938,3.4210554531455273e-06
150,583.744873046875,156.30636596679688,45.9814453125,107.0836181640625,0.0001621133415028453
150,607.0185546875,185.2512969970703,23.8323974609375,55.732452392578125,5.8962550610885955e-06
150,599.291748046875,173.06475830078125,36.2254638671875,84.75531005859375,7.955502951517701e-05
150,56.934871673583984,190.14503479003906,24.418598175048828,56.267669677734375,2.506499640730908e-06
150,608.0263671875,138.28567504882812,32.4736328125,153.32046508789062,6.195057267177617e-06
150,578.28662109375,175.11489868164062,57.0072021484375,146.04730224609375,0.00011097682727267966
150,618.47265625,212.35418701171875,22.02734375,88.04656982421875,2.679714270925615e-06
150,561.326171875,104.41322326660156,79.173828125,296.2109375,8.786304533714429e-05
150,625.0647583007812,245.31637573242188,15.43524169921875,54.32196044921875,1.4854890650894959e-05
150,590.50244140625,159.71400451660156,49.99755859375,227.41539001464844,0.00031694534118287265
150,609.382568359375,253.96925354003906,27.81103515625,64.60243225097656,3.705644758156268e-06
150,605.7302856445312,206.33731079101562,34.76971435546875,137.1854248046875,0.00012339740351308137
150,623.407958984375,260.28192138671875,17.092041015625,69.01788330078125,0.00013784941984340549
150,617.1865234375,242.93792724609375,23.3134765625,106.38641357421875,0.0003139640321023762
150,599.4246215820312,360.67657470703125,41.07537841796875,119.82342529296875,6.090154784033075e-06
150,577.8125,318.5812683105469,62.6875,161.91873168945312,4.324042492953595e-06
180,595.169677734375,0.0,45.330322265625,122.01325225830078,1.4343822840601206e-06
180,465.0194091796875,185.382080078125,22.9677734375,53.403228759765625,4.83860503663891e-06
180,590.9374389648438,154.32550048828125,49.56256103515625,241.09765625,7.551704129582504e-06
180,600.1597900390625,360.9490966796875,40.3402099609375,119.5509033203125,1.4917980479367543e-05
180,578.5120239257812,319.59075927734375,61.98797607421875,160.90924072265625,4.843512215302326e-06
210,595.1712036132812,0.0,45.32879638671875,123.23473358154297,8.640011515126389e-07
210,627.673095703125,163.70046997070312,12.826904296875,51.415802001953125,4.838203949475428e-06
210,48.6452751159668,202.74476623535156,23.747272491455078,53.69281005859375,5.192784442442644e-07
210,574.1680908203125,142.75747680664062,60.2501220703125,149.49835205078125,1.2250380677869543e-05
210,599.9899291992188,190.99392700195312,38.1365966796875,87.58218383789062,5.944738404650707e-06
210,624.6161499023438,199.1087188720703,15.88385009765625,63.36317443847656,2.7214330202696146e-06
210,615.44091796875,170.05316162109375,25.05908203125,104.44775390625,1.0859822623388027e-06
210,588.0159301757812,115.34886932373047,52.48406982421875,234.62103271484375,6.920729902049061e-06
210,560.520263671875,170.3540802001953,60.2894287109375,144.1132049560547,1.3814540125167696e-06
210,605.921142578125,164.21823120117188,34.578857421875,153.921875,3.1788374599273084e-06
210,599.6307373046875,362.387451171875,40.8692626953125,118.112548828125,1.279021853406448e-05
210,577.63525390625,319.19647216796875,62.86474609375,161.30352783203125,4.069026545039378e-06
240,440.51861572265625,182.16555786132812,22.4326171875,53.503173828125,2.5916044705809327e-06
240,433.411376953125,184.8329620361328,22.77508544921875,54.480712890625,0.00022650542086921632
240,0.0,162.724853515625,30.118526458740234,148.16732788085938,1.443469386686047e-06
240,0.0,184.6090087890625,46.09994888305664,209.09423828125,1.3327240594662726e-05
240,0.0,246.03871154785156,23.147815704345703,87.45753479003906,3.6389999422681285e-06
240,0.0,214.61691284179688,33.5703239440918,138.4830322265625,1.6123120076372288e-05
240,597.7235107421875,362.7549743652344,42.7764892578125,117.74502563476562,1.1791680663009174e-05
240,576.9476318359375,320.2271728515625,63.5523681640625,160.2728271484375,1.867068363026192e-06
270,79.65557861328125,208.82472229003906,22.287734985351562,52.59346008300781,3.3725812045304338e-06
270,66.1781005859375,215.2301788330078,22.331954956054688,54.46482849121094,3.851636847684858e-06
270,74.32477569580078,215.83535766601562,21.843414306640625,52.04058837890625,4.1188231989508495e-05
300,80.48217010498047,204.7073974609375,22.102981567382812,54.096099853515625,5.992974365653936e-06
300,67.28260803222656,216.84910583496094,21.371871948242188,52.94371032714844,2.7138469249621266e-06
300,75.06387329101562,217.9029998779297,21.737060546875,52.91246032714844,6.229607242858037e-05
300,600.048583984375,360.0567321777344,40.451416015625,120.44326782226562,4.624076154868817e-06
330,598.4735717773438,361.71728515625,42.02642822265625,118.78271484375,3.589590505725937e-06
360,0.0,412.7633056640625,33.49018096923828,67.7366943359375,4.968625489709666e-06
360,0.0,335.75994873046875,63.48330307006836,144.74005126953125,1.732979217194952e-05
360,610.8132934570312,410.25286865234375,29.68670654296875,70.24713134765625,5.41880217497237e-06
360,597.798095703125,363.7638244628906,42.701904296875,116.73617553710938,3.972145805164473e-06
390,626.3245849609375,42.16532516479492,14.1754150390625,58.70903396606445,1.5569743254673085e-06
390,616.12158203125,64.306884765625,21.2750244140625,51.157684326171875,4.1346356738358736e-05
390,626.0537719726562,64.31625366210938,14.44622802734375,52.51715087890625,6.7598057285067625e-06
390,617.7496337890625,41.7821044921875,22.7503662109375,94.5692138671875,3.326075102449977e-06
390,610.428466796875,68.96025085449219,20.4307861328125,50.77183532714844,1.59923129103845e-05
390,627.8497314453125,79.9368896484375,12.6502685546875,51.77751159667969,1.171039002656471e-05
390,0.0,342.18096923828125,62.935123443603516,138.31903076171875,3.8971606954874005e-06
390,610.9163818359375,410.9952392578125,29.5836181640625,69.5047607421875,5.074059117760044e-06
390,597.6062622070312,368.83526611328125,42.89373779296875,111.66473388671875,3.6074320632906165e-06
390,576.1223754882812,328.33380126953125,64.37762451171875,152.16619873046875,4.010609245597152e-06
420,79.6322021484375,218.96923828125,21.458877563476562,51.68896484375,3.6646351873059757e-06
420,66.64665985107422,221.71566772460938,22.15185546875,54.339874267578125,6.242144991119858e-06
420,74.18443298339844,224.5048370361328,21.247146606445312,50.92500305175781,4.4233587686903775e-05
420,0.0,198.80438232421875,30.883953094482422,137.5379638671875,3.290894937890698e-06
420,0.0,341.9041748046875,62.68305206298828,138.5958251953125,6.394133833964588e-06
420,598.296142578125,368.53167724609375,42.203857421875,111.96832275390625,3.3270300718868384e-06
450,595.4909057617188,0.0,45.00909423828125,121.69147491455078,3.755355351131584e-07
450,0.0,191.6688995361328,46.650245666503906,217.9711151123047,4.920725586998742e-06
450,0.0,214.50241088867188,30.8365535736084,136.8121337890625,4.108632310817484e-06
450,0.0,344.43804931640625,62.740299224853516,136.06195068359375,6.068864877306623e-06
450,598.7246704101562,366.7605895996094,41.77532958984375,113.73941040039062,6.5248495957348496e-06
450,575.9259033203125,328.24627685546875,64.5740966796875,152.25372314453125,3.0549160783266416e-06
480,627.1476440429688,60.594444274902344,13.35235595703125,50.68182373046875,2.545279585319804e-06
480,438.736083984375,180.27191162109375,26.182861328125,60.251312255859375,4.51908408649615e-06
480,447.500244140625,179.34405517578125,26.17620849609375,60.4176025390625,2.3387305191135965e-05
480,80.67744445800781,228.87457275390625,21.059097290039062,51.0682373046875,1.0814164852490649e-05
480,75.20527648925781,233.99551391601562,21.039566040039062,50.67791748046875,3.5046072298428044e-05
480,598.8239135742188,361.04547119140625,41.67608642578125,119.45452880859375,8.647744834888726e-06
480,576.0682373046875,324.13800048828125,64.4317626953125,156.36199951171875,4.444103979039937e-06
510,0.0,173.78732299804688,31.358510971069336,136.27194213867188,5.168237748875981e-06
510,0.0,170.92074584960938,46.982025146484375,222.02001953125,1.6127189610415371e-06
510,0.0,223.4761962890625,30.10076332092285,135.17816162109375,1.7163571328637772e-06
510,595.5400390625,190.3912353515625,44.9599609375,236.512451171875,4.945462023897562e-06
510,599.1974487304688,360.9707336425781,41.30255126953125,119.52926635742188,8.498735041939653e-06
510,575.96630859375,325.0229797363281,64.53369140625,155.47702026367188,5.9712788242904935e-06
540,627.0760498046875,59.16001892089844,13.4239501953125,52.69354248046875,3.810272119153524e-06
540,593.8027954101562,185.55801391601562,21.116455078125,51.616455078125,4.044097295263782e-06
540,598.9971313476562,182.7015380859375,25.33203125,60.948516845703125,3.3264304875046946e-06
540,606.870849609375,183.245361328125,26.2371826171875,61.33221435546875,2.0565228624036536e-05
540,575.3954467773438,184.7444305419922,55.5831298828125,137.8985137939453,1.634531031413644e-06
540,609.9099731445312,403.70526123046875,30.59002685546875,76.79473876953125,4.129876742808847e-06
540,598.7249145507812,358.3557434082031,41.77508544921875,122.14425659179688,6.6820789470511954e-06
540,576.9199829101562,317.08441162109375,63.58001708984375,163.41558837890625,6.82100926496787e-06
570,628.113037109375,45.90067672729492,12.386962890625,50.75639724731445,6.455368747992907e-06
570,433.3078308105469,167.43264770507812,20.8619384765625,51.33917236328125,8.07400829216931e-06
570,449.8808288574219,165.8142852783203,21.16839599609375,51.890045166015625,3.555899820639752e-05
570,457.0068359375,166.40330505371094,21.705810546875,52.4429931640625,8.792070002527907e-05
570,441.0928955078125,174.78421020507812,21.44354248046875,51.3900146484375,2.0545312509057112e-05
570,0.0,214.35157775878906,15.646963119506836,56.48033142089844,2.7924204459850444e-06
570,49.97355651855469,220.77420043945312,22.08635711669922,51.80535888671875,6.294663421613222e-07
570,56.76388931274414,218.45631408691406,22.193599700927734,51.83363342285156,2.4619680516480003e-06
570,7.701511383056641,222.4153594970703,24.46634292602539,58.24375915527344,4.439736585482024e-06
570,16.240764617919922,224.12863159179688,23.111835479736328,55.391998291015625,2.091457281494513e-05
570,24.346206665039062,223.58102416992188,22.439865112304688,55.658050537109375,3.1950673928804463e-06
570,32.032127380371094,224.29644775390625,22.368743896484375,55.20904541015625,1.6077206055342685e-06
570,40.56614685058594,223.75613403320312,22.717430114746094,54.410675048828125,1.5363773400167702e-06
570,598.2069091796875,359.2052307128906,42.2930908203125,121.29476928710938,3.5226128147769487e-06
600,595.6630859375,0.0,44.8369140625,121.64286041259766,8.560944024793571e-07
600,575.8671264648438,0.0,64.63287353515625,176.13600158691406,3.027661705345963e-06
600,609.6212158203125,153.94667053222656,20.6524658203125,50.81683349609375,4.246907337801531e-06
600,433.2484130859375,179.50704956054688,22.51153564453125,53.554290771484375,1.648427428335708e-06
600,440.219970703125,174.96768188476562,23.3697509765625,54.66546630859375,3.0266144790402905e-07
600,425.9570617675781,181.55128479003906,23.32940673828125,55.34417724609375,4.4984626583755016e-05
600,2.4229049682617188,219.8148193359375,22.707841873168945,54.70697021484375,1.0079206731461454e-05
600,16.688865661621094,217.78135681152344,21.638031005859375,51.32936096191406,0.00012222984514664859
600,0.0,116.08601379394531,81.74490356445312,310.65960693359375,3.846618710667826e-06
600,0.0,227.5657958984375,14.865815162658691,51.722869873046875,2.94577921522432e-06
600,0.0,192.17701721191406,23.564022064208984,110.24223327636719,3.3395835998817347e-06
600,0.0,160.0018768310547,50.53818893432617,232.17762756347656,1.1739215551642701e-05
600,9.553329467773438,222.68075561523438,23.05208969116211,54.631561279296875,6.181436765473336e-05
600,23.365659713745117,218.9706268310547,23.7847843170166,57.31739807128906,7.996933163667563e-06
600,9.763692855834961,218.94212341308594,32.341819763183594,76.16615295410156,2.315572419320233e-05
600,0.0,347.12384033203125,62.515323638916016,133.37615966796875,8.717948730918579e-06
600,599.7849731445312,361.5458679199219,40.71502685546875,118.95413208007812,3.3638957575021777e-06
600,576.8243408203125,326.8375244140625,63.6756591796875,153.6624755859375,3.705581093527144e-06
630,592.9853515625,0.0,47.5146484375,125.3454360961914,4.145058198901097e-07
630,542.8346557617188,162.74705505371094,24.195556640625,54.77203369140625,1.1217486644454766e-05
630,65.52719116210938,169.64820861816406,21.045928955078125,51.10650634765625,2.4387588837271323e-06
660,611.9442749023438,0.0,28.55572509765625,62.399879455566406,1.4662552985100774e-06
660,591.9652709960938,0.0,48.53472900390625,121.84420776367188,2.259940629301127e-06
660,626.8576049804688,152.5079803466797,13.64239501953125,53.513214111328125,2.7585406314756256e-06
660,0.0,179.17071533203125,16.65049934387207,55.42095947265625,4.641103259928059e-06
660,0.40801429748535156,194.0851287841797,22.020849227905273,51.979156494140625,1.7294032659265213e-05
660,600.3975830078125,359.0829772949219,40.1024169921875,121.41702270507812,2.1932505660515744e-06
690,612.9574584960938,0.0,27.54254150390625,59.47239685058594,3.4080974842254363e-07
690,594.51708984375,0.0,45.98291015625,125.84406280517578,1.1945415963054984e-06
690,627.5858764648438,146.3366241455078,12.91412353515625,50.805816650390625,1.2879946780230966e-06
690,610.7002563476562,406.4710693359375,29.79974365234375,74.0289306640625,2.903316953961621e-06
690,600.2003173828125,361.5494079589844,40.2996826171875,118.95059204101562,6.390921498677926e-06
690,579.9796142578125,322.43829345703125,60.5203857421875,158.06170654296875,2.5954952889151173e-06
720,611.1588134765625,0.0,29.3411865234375,60.897499084472656,5.930978659307584e-07
720,593.355224609375,0.0,47.144775390625,126.84449005126953,1.3437356756185181e-06
720,627.774658203125,124.75008392333984,12.725341796875,50.79547882080078,2.608672275528079e-06
720,628.0460205078125,147.7048797607422,12.4539794921875,50.52740478515625,2.493332658559666e-06
720,0.0,191.45228576660156,15.16102123260498,56.3656005859375,9.04393436940154e-06
720,0.0,199.38357543945312,23.87735366821289,58.147491455078125,2.8760209715983365e-06
720,8.386714935302734,200.91001892089844,23.727928161621094,56.37730407714844,5.481427251652349e-06
720,15.901413917541504,200.31735229492188,23.39734649658203,54.472991943359375,2.3406002583215013e-05
750,618.0157470703125,0.0,22.4842529296875,51.73310852050781,1.4629408724431414e-06
750,592.4032592773438,0.0,48.09674072265625,124.74860382080078,3.6429166812013136e-06
750,627.56298828125,24.900707244873047,12.93701171875,50.53718948364258,2.883474508053041e-06
750,520.2955322265625,167.87379455566406,23.0426025390625,54.25115966796875,6.806790679547703e-06
750,496.8531799316406,173.67774963378906,21.964813232421875,53.22808837890625,1.2070513548678719e-06
750,505.1830139160156,174.35586547851562,21.598052978515625,52.1595458984375,5.963925559626659e-06
750,513.2426147460938,174.16595458984375,21.674072265625,51.9033203125,1.8032128537015524e-06
750,528.880615234375,174.44290161132812,21.34228515625,50.80633544921875,1.030719249683898e-05
750,17.28874397277832,200.05197143554688,21.143537521362305,50.71307373046875,4.1848197724903e-06
750,23.110431671142578,197.0862579345703,24.374656677246094,58.472503662109375,1.1906088275281945e-06
780,618.14111328125,0.0,22.35888671875,52.26451873779297,8.898637702259293e-07
780,593.7791137695312,0.0,46.72088623046875,128.46070861816406,2.812518687278498e-06
780,479.9093322753906,165.2277374267578,23.49371337890625,55.6224365234375,7.433782684529433e-06
780,14.761503219604492,210.13589477539062,24.277101516723633,57.48052978515625,1.7165551753350883e-06
780,0.0,222.58111572265625,15.388968467712402,55.943084716796875,4.058512331539532e-06
780,2.399216651916504,225.7775115966797,22.623062133789062,53.89115905761719,1.77642323251348e-05
780,11.673701286315918,227.03860473632812,21.917808532714844,51.49224853515625,0.0004802855255547911
780,600.0042114257812,361.57232666015625,40.49578857421875,118.92767333984375,4.361252649687231e-06
810,618.047607421875,0.0,22.452392578125,53.20511245727539,5.569704057961644e-07
810,593.803466796875,0.0,46.696533203125,127.64647674560547,2.914076958404621e-06
810,15.659017562866211,214.0636444091797,23.25621223449707,54.89271545410156,3.775482355194981e-06
810,9.049092292785645,220.49618530273438,23.18505859375,54.86517333984375,1.216365308209788e-05
810,0.0,345.344482421875,62.70870590209961,135.155517578125,5.413265171227977e-06
810,599.163818359375,363.04248046875,41.336181640625,117.45751953125,4.381121470942162e-06
840,618.0181884765625,0.0,22.4818115234375,53.363922119140625,7.656759066776431e-07
840,593.784912109375,0.0,46.715087890625,127.16136932373047,3.2110647225636058e-06
840,553.3792724609375,184.93087768554688,22.172119140625,51.62640380859375,2.220722490164917e-05
840,559.3724975585938,189.91664123535156,21.909912109375,51.89764404296875,6.805318844271824e-05
840,565.760986328125,186.3196258544922,22.527099609375,52.76666259765625,2.870847310987301e-06
840,57.63899612426758,201.97488403320312,21.334972381591797,50.72052001953125,1.8842147255782038e-05
840,8.174962043762207,224.89938354492188,23.152820587158203,52.65960693359375,3.4471440812922083e-06
840,0.0,345.00872802734375,62.2116584777832,135.49127197265625,4.689429260906763e-06
840,598.8429565429688,362.50677490234375,41.65704345703125,117.99322509765625,3.7717290979344398e-06
870,610.8265991210938,0.0,29.67340087890625,65.5365219116211,1.784472232202461e-07
870,593.8494262695312,0.0,46.65057373046875,126.03864288330078,3.210464683434111e-06
870,627.6134033203125,21.39636993408203,12.8865966796875,56.30689239501953,5.501622126757866e-06
870,0.0,179.87704467773438,14.716676712036133,55.49169921875,3.366995997566846e-06
870,0.0,198.1626739501953,15.919315338134766,58.386810302734375,1.878249349829275e-05
870,0.0,174.20445251464844,22.58795166015625,99.50849914550781,4.776176865561865e-06
870,7.217538833618164,198.69248962402344,24.58197021484375,56.856292724609375,2.941063257821952e-06
870,599.3268432617188,362.8083801269531,41.17315673828125,117.69161987304688,4.2927740651066415e-06
900,610.8368530273438,0.0,29.66314697265625,65.13143157958984,1.6424159809957928e-07
900,593.5396118164062,0.0,46.96038818359375,125.7115249633789,4.2351057345513254e-06
900,627.4574584960938,21.80573844909668,13.04254150390625,55.849708557128906,5.400178451964166e-06
900,496.8779602050781,174.30873107910156,21.691802978515625,51.792327880859375,7.377389010798652e-06
900,505.33294677734375,175.48391723632812,21.38330078125,50.845458984375,4.3967961573798675e-06
900,513.5049438476562,174.60052490234375,20.981689453125,50.922515869140625,1.2431245295374538e-06
900,521.6626586914062,174.11692810058594,21.16064453125,50.998565673828125,1.707737965261913e-06
900,529.0032348632812,175.3770294189453,21.385498046875,51.179107666015625,1.6359891787942615e-06
900,0.0,202.9381103515625,15.801554679870605,57.61474609375,8.02402246335987e-06
900,0.26477813720703125,213.05657958984375,23.83564567565918,55.740447998046875,1.04706414276734e-05
900,14.822181701660156,214.4575653076172,23.31207275390625,55.14164733886719,9.664828212407883e-06
900,8.600838661193848,219.45404052734375,22.98674774169922,55.143798828125,6.658000347670168e-05
900,0.0,227.7931365966797,15.485050201416016,56.63703918457031,2.6890377284871647e-06
900,598.9180908203125,361.78369140625,41.5819091796875,118.71630859375,4.4587623051484115e-06
930,610.5394287109375,0.0,29.9605712890625,65.91092681884766,2.7915260147892695e-07
930,593.1600952148438,0.0,47.33990478515625,127.5188980102539,2.4676849079696694e-06
930,627.8137817382812,21.969297409057617,12.68621826171875,56.07203674316406,5.242510724201566e-06
930,628.1228637695312,162.70968627929688,12.37713623046875,50.755828857421875,1.931590986714582e-06
930,0.0,202.80780029296875,14.762896537780762,54.5010986328125,4.596264261635952e-05
930,0.0,176.59640502929688,21.94084930419922,100.87750244140625,4.7004032239783555e-06
930,10.02695369720459,204.73973083496094,21.926025390625,52.64607238769531,5.06478227180196e-06
930,0.7584733963012695,209.44122314453125,22.629779815673828,54.010467529296875,6.34190746495733e-06
930,16.608715057373047,210.67897033691406,21.994953155517578,52.73014831542969,5.112618237035349e-05
930,23.363752365112305,209.34780883789062,22.756792068481445,54.15704345703125,1.7453272448619828e-05
930,0.0,221.37387084960938,13.432831764221191,52.32025146484375,3.531886932250927e-06
930,598.845703125,362.00250244140625,41.654296875,118.49749755859375,5.196387974137906e-06
960,610.3704833984375,0.0,30.1295166015625,66.21296691894531,1.5500997108119918e-07
960,593.3170776367188,0.0,47.18292236328125,126.94343566894531,3.6726403322973056e-06
960,627.48974609375,21.88727569580078,13.01025390625,56.14069366455078,6.93394940753933e-06
960,496.7355651855469,175.75656127929688,20.977508544921875,51.00604248046875,4.9852020310936496e-05
960,512.7359619140625,176.78497314453125,22.968017578125,54.841705322265625,4.2675283111748286e-06
960,521.0071411132812,177.7324676513672,22.4735107421875,52.852783203125,1.8996934159076773e-05
960,529.31005859375,179.0274658203125,21.8970947265625,53.01007080078125,2.6644838726497255e-05
960,576.91845703125,191.13499450683594,22.28564453125,52.439971923828125,1.6863587006810121e-06
960,0.0,209.71470642089844,15.675803184509277,55.76145935058594,1.209757465403527e-05
960,0.7267065048217773,217.62376403808594,23.985103607177734,55.66130065917969,4.85862210553023e-06
960,15.540756225585938,219.25216674804688,21.44007110595703,51.45166015625,5.835881893290207e-06
960,8.29932975769043,222.94606018066406,23.912975311279297,55.25697326660156,1.0368196853960399e-05
960,599.13134765625,362.4380798339844,41.36865234375,118.06192016601562,4.0758777686278336e-06
990,610.3419799804688,0.0,30.15802001953125,65.78649139404297,3.094336875619774e-07
990,593.2076416015625,0.0,47.2923583984375,127.5435791015625,3.2480727440997725e-06
990,627.17236328125,22.15220832824707,13.32763671875,55.60572052001953,9.621687240723986e-06
990,473.1920471191406,166.8973388671875,22.35455322265625,52.759002685546875,1.7391146229783772e-06
990,496.6576843261719,175.38673400878906,21.138458251953125,50.505767822265625,1.1661175449262373e-05
990,583.0502319335938,186.10887145996094,21.3023681640625,51.13201904296875,1.1775891834986396e-05
990,548.4238891601562,187.62733459472656,22.654541015625,54.29644775390625,8.754304303693061e-07
990,561.0035400390625,189.29632568359375,23.513427734375,56.556640625,0.00012055614206474274
990,576.2030029296875,190.70335388183594,21.907958984375,52.8587646484375,0.0018624939257279038
990,567.1395874023438,187.7223663330078,28.1358642578125,67.04766845703125,4.0594804886495695e-05
990,554.5299682617188,195.9364013671875,21.9576416015625,53.635223388671875,1.584910751262214e-05
990,146.95664978027344,212.29257202148438,32.912109375,78.2332763671875,2.1183632270549424e-05
990,134.23330688476562,201.17774963378906,41.504302978515625,101.44624328613281,3.509827138259425e-06
990,599.1284790039062,363.58673095703125,41.37152099609375,116.91326904296875,3.1344350190920522e-06
1020,610.7328491210938,0.0,29.76715087890625,65.38175964355469,1.5361268879132695e-07
1020,593.8972778320312,0.0,46.60272216796875,124.84321594238281,3.9630003811907955e-06
1020,627.6192016601562,22.086036682128906,12.88079833984375,56.427093505859375,6.3128281908575445e-06
1020,146.5713348388672,212.27972412109375,33.114990234375,78.03311157226562,1.020493346004514e-05
1020,134.4098663330078,198.94432067871094,41.763397216796875,103.32304382324219,3.350282668179716e-06
1020,599.25048828125,363.3409423828125,41.24951171875,117.1590576171875,3.5967213989351876e-06
1050,610.5889892578125,0.0,29.9110107421875,65.41629028320312,2.2678285915844754e-07
1050,593.412841796875,0.0,47.087158203125,126.57305908203125,4.072306637681322e-06
1050,627.5252075195312,22.617979049682617,12.97479248046875,55.565025329589844,6.75559795126901e-06
1050,512.4595947265625,176.8545684814453,22.4110107421875,54.576873779296875,3.2892946819629287e-06
1050,1.2340879440307617,190.99307250976562,21.720806121826172,52.374359130859375,3.2900256883294787e-06
1050,554.6397094726562,189.6683349609375,22.65185546875,55.1522216796875,2.4478846171405166e-05
1050,569.07275390625,191.11122131347656,22.7354736328125,54.9736328125,0.00012032323866151273
1050,0.0,198.2360382080078,15.370223045349121,55.922607421875,6.9395127866300754e-06
1050,8.498310089111328,199.48948669433594,22.617511749267578,54.2916259765625,3.334940174681833e-06
1050,15.803679466247559,200.1280517578125,23.273521423339844,54.641082763671875,2.7351529752195347e-06
1050,560.773193359375,195.3094940185547,22.3089599609375,54.242889404296875,1.982930007216055e-05
1050,576.4284057617188,196.89210510253906,21.6639404296875,52.24542236328125,2.0874520487268455e-05
1050,0.35079288482666016,205.77894592285156,23.738662719726562,57.47352600097656,1.140088556894625e-06
1050,599.2040405273438,362.10107421875,41.29595947265625,118.39892578125,5.198291546548717e-06
1080,610.8873901367188,0.0,29.61260986328125,64.8652572631836,1.8586354144645156e-07
1080,593.1307983398438,0.0,47.36920166015625,125.21060943603516,3.293400368420407e-06
1080,480.3598327636719,153.0052490234375,23.6243896484375,53.75146484375,5.512677489605267e-06
1080,627.911376953125,171.38226318359375,12.588623046875,50.69586181640625,4.4379030441632494e-06
1080,560.8241577148438,175.18011474609375,21.8741455078125,52.12939453125,2.7222040444030426e-06
1080,568.3173828125,175.30862426757812,21.509765625,50.982940673828125,1.0406106412119698e-05
1080,0.0,208.60397338867188,15.864879608154297,56.911468505859375,2.0693778424174525e-06
1080,7.671882629394531,217.10888671875,24.313682556152344,56.74420166015625,4.676642674894538e-06
1080,16.412572860717773,218.7344512939453,21.131555557250977,50.64604187011719,3.047699465241749e-06
1080,599.2786865234375,361.7163391113281,41.2213134765625,118.78366088867188,3.2695263598725433e-06
1110,610.6245727539062,0.0,29.87542724609375,65.0699462890625,1.734111805262728e-07
1110,593.43505859375,0.0,47.06494140625,125.03147888183594,2.5812521471380023e-06
1110,627.8512573242188,22.126197814941406,12.64874267578125,56.20301055908203,2.266143155793543e-06
1110,479.69110107421875,151.53939819335938,22.2696533203125,51.88787841796875,1.5519324847446114e-07
1110,474.32781982421875,160.3035888671875,22.65008544921875,52.990692138671875,3.9712369471089914e-05
1110,488.3505859375,157.8520050048828,23.00115966796875,53.81890869140625,4.134213611450832e-07
1110,504.67279052734375,169.43760681152344,23.1083984375,54.8607177734375,1.0017857675848063e-05
1110,512.617431640625,175.47317504882812,22.6170654296875,55.89599609375,1.802675615181215e-05
1110,520.4869384765625,176.1463623046875,22.169189453125,54.365020751953125,2.2035292204236612e-05
1110,528.4618530273438,175.89744567871094,22.271484375,53.58526611328125,2.9527200240409002e-05
1110,536.750732421875,176.1782989501953,22.3026123046875,52.801605224609375,2.6835405151359737e-05
1110,544.3331298828125,177.40281677246094,22.530517578125,53.4927978515625,2.0085437427042052e-05
1110,568.76416015625,178.7525177001953,21.741455078125,52.32525634765625,1.5987761798896827e-06
1110,576.872314453125,180.97059631347656,21.7427978515625,51.937408447265625,5.667885716320598e-07
1110,0.0,199.51559448242188,15.837713241577148,57.789306640625,4.0790464481688105e-06
1110,16.709224700927734,202.66290283203125,22.98723602294922,53.69744873046875,2.4022110665100627e-05
1110,0.0,179.77316284179688,22.769161224365234,102.169921875,2.7649407456920017e-06
1110,9.278790473937988,206.1947479248047,21.708332061767578,50.71943664550781,8.799698662187438e-06
1110,26.247211456298828,207.4594268798828,20.8077392578125,50.79164123535156,4.018519121018471e-06
1110,139.75772094726562,212.40467834472656,33.417510986328125,80.05198669433594,7.642171112820506e-06
1110,598.9859619140625,361.8190612792969,41.5140380859375,118.68093872070312,4.318021638027858e-06
1140,610.7256469726562,0.0,29.77435302734375,65.00819396972656,1.2020090878195333e-07
1140,593.7047119140625,0.0,46.7952880859375,125.27682495117188,2.8255760753381765e-06
1140,627.7449340820312,22.581661224365234,12.75506591796875,56.020267486572266,5.629311999655329e-06
1140,560.380615234375,170.24949645996094,22.969482421875,55.602447509765625,5.821140121042845e-07
1140,545.6781005859375,174.7023468017578,21.9510498046875,51.331207275390625,5.993815193505725e-06
1140,551.8270263671875,174.50692749023438,23.3319091796875,55.88128662109375,3.6991127672081348e-06
1140,601.11083984375,190.4142608642578,22.148193359375,52.87152099609375,2.9633236408699304e-05
1140,598.9105224609375,361.7920837402344,41.5894775390625,118.70791625976562,4.586394425132312e-06
1170,610.6427001953125,0.0,29.8572998046875,64.80965423583984,1.8171738247474423e-07
1170,593.988037109375,0.0,46.511962890625,126.10832214355469,4.0726017687120475e-06
1170,627.34716796875,33.42486572265625,13.15283203125,50.66801452636719,1.0865292097150814e-06
1170,561.4274291992188,191.73843383789062,21.5032958984375,51.00299072265625,5.954629523330368e-05
1170,569.7176513671875,192.2049102783203,22.0162353515625,51.600250244140625,0.000718857510946691
1170,582.7108764648438,189.4292755126953,22.8470458984375,52.8929443359375,2.5767046736291377e-06
1170,0.0,192.3390350341797,15.549454689025879,56.1871337890625,4.058473678014707e-06
1170,554.3606567382812,195.5724334716797,22.3873291015625,54.376556396484375,1.9481471099425107e-05
1170,575.95263671875,195.45603942871094,22.135009765625,52.902801513671875,0.00014837058552075177
1170,598.846923828125,362.2461242675781,41.653076171875,118.25387573242188,5.1267174967506435e-06
1200,610.739990234375,0.0,29.760009765625,65.57298278808594,1.6686365711393591e-07
1200,593.7203979492188,0.0,46.77960205078125,125.64082336425781,3.4405820770189166e-06
1200,627.3710327148438,21.920068740844727,13.12896728515625,55.466941833496094,1.0660835869202856e-05
1200,554.2061767578125,189.79119873046875,22.7901611328125,55.22442626953125,5.335467903933022e-06
1200,569.0880126953125,191.55288696289062,22.8458251953125,54.62109375,1.2117444384784903e-05
1200,0.0,189.8892364501953,15.540157318115234,56.866729736328125,1.6114582876980421e-06
1200,576.756103515625,196.79324340820312,21.2994384765625,52.07904052734375,7.722952432231978e-06
1200,560.8546142578125,195.8955078125,22.476318359375,54.846923828125,4.447877472557593e-06
1200,601.4087524414062,210.58779907226562,21.5003662109375,51.486602783203125,1.487761710450286e-05
1200,598.82861328125,362.703369140625,41.67138671875,117.796630859375,4.598770829034038e-06
1230,610.4073486328125,0.0,30.0926513671875,65.83668518066406,3.1498353791903355e-07
1230,593.0289306640625,0.0,47.4710693359375,127.17637634277344,3.715709226526087e-06
1230,627.5997314453125,22.464557647705078,12.9002685546875,55.6219596862793,6.994853265496204e-06
1230,503.34979248046875,176.3428192138672,23.4974365234375,56.0313720703125,5.484202119987458e-05
1230,512.18701171875,176.16024780273438,22.6065673828125,54.76837158203125,6.214406312210485e-06
1230,14.144265174865723,218.92501831054688,24.32614517211914,56.1285400390625,1.2827827958972193e-05
1230,7.980351448059082,225.48851013183594,23.23819351196289,53.82341003417969,8.223082659242209e-06
1230,598.9310302734375,362.2554626464844,41.5689697265625,118.24453735351562,4.113571776542813e-06
1260,610.6527709960938,0.0,29.84722900390625,64.84443664550781,1.1330405413900735e-07
1260,593.1548461914062,0.0,47.34515380859375,126.51936340332031,3.6008395909448154e-06
1260,627.526123046875,33.285980224609375,12.973876953125,50.56787872314453,1.4109635912973317e-06
1260,0.0,214.34034729003906,15.648824691772461,56.92622375488281,4.857056410401128e-06
1260,599.18115234375,361.9224548339844,41.31884765625,118.57754516601562,3.868481599056395e-06
1290,610.690673828125,0.0,29.809326171875,65.0657958984375,1.6035801309044473e-07
1290,593.4810791015625,0.0,47.0189208984375,126.46768188476562,3.2855168683454394e-06
1290,627.6654052734375,22.600494384765625,12.8345947265625,56.05897521972656,5.152991434442811e-06
1290,488.5540466308594,175.1929168701172,21.672119140625,52.837188720703125,2.1782108888146468e-05
1290,496.7107238769531,176.0833740234375,21.234283447265625,51.641021728515625,1.558339317853097e-05
1290,505.2102355957031,177.10047912597656,20.871856689453125,50.54595947265625,6.615148777200375e-06
1290,512.1327514648438,176.8017578125,23.11865234375,53.871063232421875,1.3673808325620485e-06
1290,553.47705078125,185.7400665283203,23.1253662109375,54.29779052734375,9.377569085700088e-07
1290,0.0,205.3538818359375,12.909028053283691,50.770477294921875,2.6928382794721983e-06
1290,14.541951179504395,217.46371459960938,24.327526092529297,56.164093017578125,1.041576706484193e-05
1290,7.924498558044434,223.14398193359375,24.00611114501953,54.82757568359375,1.2809749023290351e-05
1290,598.9889526367188,361.83795166015625,41.51104736328125,118.66204833984375,4.391653874336043e-06
1320,618.4512939453125,0.0,22.0487060546875,53.060550689697266,5.041887334300554e-07
1320,593.034912109375,0.0,47.465087890625,125.80918884277344,4.344449280324625e-06
1320,627.688232421875,22.23335075378418,12.811767578125,56.98344421386719,2.311974185431609e-06
1320,568.69140625,188.98362731933594,22.4971923828125,52.862640380859375,7.107462442945689e-05
1320,539.8118896484375,185.5682373046875,22.8514404296875,56.3651123046875,5.028086889069527e-07
1320,553.7576293945312,189.4005889892578,22.220947265625,54.192413330078125,6.647183181485161e-05
1320,561.1466674804688,190.0301971435547,23.044677734375,54.712127685546875,0.00017539752298034728
1320,576.1001586914062,191.8837432861328,21.617431640625,51.9876708984375,0.0011354333255439997
1320,582.8271484375,189.6812286376953,21.999755859375,52.520599365234375,5.80659161641961e-06
1320,546.3623046875,191.0211181640625,22.8858642578125,54.18853759765625,0.00011289691610727459
1320,599.1556396484375,360.35882568359375,41.3443603515625,120.14117431640625,4.493959295359673e-06
1350,610.7743530273438,0.0,29.72564697265625,64.70181274414062,1.758821497332974e-07
1350,592.80078125,0.0,47.69921875,125.33212280273438,3.0087824143265607e-06
1350,627.428955078125,22.671146392822266,13.071044921875,55.80875778198242,8.201294804166537e-06
1350,627.8519897460938,133.0052490234375,12.64801025390625,50.883880615234375,2.655280013641459e-06
1350,0.0,208.6986083984375,15.617849349975586,57.25634765625,2.0301924905652413e-06
1350,7.276791572570801,216.36952209472656,24.55746078491211,57.22752380371094,3.2340433335775742e-06
1350,599.1513671875,361.268310546875,41.3486328125,119.231689453125,3.7756949495815206e-06
1380,610.4835205078125,0.0,30.0164794921875,65.0261459350586,1.853931763662331e-07
1380,593.4022216796875,0.0,47.0977783203125,127.03035736083984,3.014032017745194e-06
1380,627.7365112304688,22.942224502563477,12.76348876953125,55.80369567871094,7.00264899933245e-06
1380,504.332763671875,177.41604614257812,23.9610595703125,56.186553955078125,1.2700164916168433e-05
1380,568.6317138671875,188.00634765625,23.162109375,54.560821533203125,4.797373549081385e-05
1380,512.7642822265625,179.89491271972656,21.6629638671875,51.47381591796875,2.497018431313336e-05
1380,519.22412109375,182.48077392578125,21.5426025390625,51.517608642578125,2.9905890187365003e-05
1380,559.9216918945312,184.1060791015625,28.119873046875,67.2374267578125,7.651621672266629e-06
1380,575.7464599609375,191.9015350341797,22.0263671875,52.700439453125,0.0010675243102014065
1380,582.4727783203125,189.83421325683594,22.5701904296875,52.96319580078125,1.0408419257146306e-05
1380,554.1640625,191.32904052734375,22.6724853515625,54.244232177734375,0.00022741382417734712
1380,547.771240234375,195.61697387695312,20.9390869140625,50.622528076171875,7.2397228905174416e-06
1380,610.3765258789062,407.7140808105469,30.12347412109375,72.78591918945312,3.040674073417904e-06
1380,599.1038818359375,362.82696533203125,41.3961181640625,117.67303466796875,5.148963282408658e-06
1380,577.6280517578125,326.24652099609375,62.8719482421875,154.25347900390625,1.936111402756069e-06
1410,610.80712890625,0.0,29.69287109375,65.64435577392578,1.8413155089547217e-07
1410,593.3621215820312,0.0,47.13787841796875,126.6842269897461,3.64324318979925e-06
1410,505.0027160644531,177.83128356933594,22.938140869140625,54.803436279296875,6.588780252059223e-06
1410,513.29736328125,178.56134033203125,22.1094970703125,53.404571533203125,3.180634666932747e-05
1410,521.6211547851562,178.94741821289062,22.2047119140625,53.03271484375,2.5284305593231693e-05
1410,528.4924926757812,182.5164794921875,22.367919921875,54.9625244140625,4.1890043576131575e-06
1410,562.3604125976562,190.4014892578125,23.00390625,54.8876953125,4.5084643716108985e-06
1410,576.438720703125,193.32083129882812,21.7548828125,52.9515380859375,3.804361085713026e-06
1410,570.1717529296875,197.22711181640625,21.517822265625,52.261505126953125,9.099693670577835e-06
1410,15.381649017333984,214.87835693359375,23.337779998779297,54.96234130859375,4.254451596352737e-06
1410,601.347412109375,209.04689025878906,21.489990234375,51.08680725097656,1.4662967259937432e-05
1410,8.864322662353516,220.56655883789062,23.34839630126953,55.144622802734375,2.0603250959538855e-05
1410,599.1990356445312,364.0323486328125,41.30096435546875,116.4676513671875,3.6037320114701288e-06
1410,577.787353515625,326.78497314453125,62.712646484375,153.71502685546875,2.282893319716095e-06
1440,610.3670043945312,0.0,30.13299560546875,66.05712890625,1.9101332782156533e-07
1440,593.2800903320312,0.0,47.21990966796875,127.33936309814453,3.7541631172643974e-06
1440,627.533935546875,21.636367797851562,12.966064453125,56.542259216308594,5.91719253861811e-06
1440,504.0690002441406,177.0613250732422,23.055328369140625,55.44427490234375,1.222977698489558e-05
1440,554.3455200195312,190.7205352783203,22.1573486328125,53.78961181640625,2.382705815762165e-06
1440,569.1923828125,191.77053833007812,21.8966064453125,53.47259521484375,4.544986495602643e-06
1440,0.0,198.30154418945312,13.438447952270508,50.623809814453125,6.7709806899074465e-06
1440,561.1529541015625,196.75013732910156,22.04296875,53.320281982421875,2.2003000594850164e-06
1440,0.0,208.8861541748047,16.82683563232422,56.69541931152344,3.917416506737936e-06
1440,0.0,182.65037536621094,22.717605590820312,100.54267883300781,2.437805505905999e-06
1440,8.649147033691406,214.43014526367188,21.72583770751953,50.7843017578125,0.00013987821876071393
1440,1.7536849975585938,218.6066436767578,23.242727279663086,54.58583068847656,2.1216626919340342e-05
1440,15.281858444213867,219.82962036132812,22.024599075317383,52.430694580078125,3.900227238773368e-05
1440,0.0,228.2518310546875,16.024951934814453,56.053375244140625,1.6303230268022162e-06
1440,9.545397758483887,234.2703094482422,22.506404876708984,54.08808898925781,1.6099766071420163e-05
1440,599.0462646484375,362.6706848144531,41.4537353515625,117.82931518554688,3.1780884910403984e-06
1470,618.2645263671875,0.0,22.2354736328125,52.868770599365234,4.179656230007822e-07
1470,592.979736328125,0.0,47.520263671875,126.75936126708984,2.777666622932884e-06
1470,627.8363037109375,22.6369571685791,12.6636962890625,56.59269714355469,2.4953544652817072e-06
1470,0.7290248870849609,201.50796508789062,22.309741973876953,53.2965087890625,1.3265286725072656e-05
1470,0.0,208.5520782470703,15.402631759643555,54.43214416503906,3.3794352930272e-05
1470,0.0,169.19284057617188,29.954662322998047,127.83261108398438,2.842620006049401e-06
1470,0.0,143.2479248046875,47.79387664794922,228.5548095703125,5.167853487364482e-06
1470,10.149660110473633,208.99420166015625,21.281005859375,50.9869384765625,4.9583300096855965e-06
1470,15.795642852783203,214.47067260742188,22.122695922851562,51.43890380859375,4.9493486585561186e-05
1470,0.0,217.72830200195312,24.20132827758789,59.316986083984375,7.5231955634080805e-06
1470,598.2901611328125,361.7840881347656,42.2098388671875,118.71591186523438,3.692465497806552e-06
1500,618.3472900390625,0.0,22.1527099609375,53.0449104309082,5.429310476756655e-07
1500,593.56884765625,0.0,46.93115234375,126.18896484375,2.659534857230028e-06
1500,538.8174438476562,179.99481201171875,23.3455810546875,55.01220703125,7.714750722698227e-07
1500,0.0,187.3478546142578,15.748767852783203,56.20867919921875,7.587306754430756e-06
1500,547.1774291992188,188.28318786621094,22.3355712890625,53.60888671875,2.4008761101868004e-05
1500,553.89208984375,190.19142150878906,22.6207275390625,54.522064208984375,0.0002361139777349308
1500,569.3052368164062,192.3810272216797,21.8311767578125,51.058258056640625,0.0006088034133426845
1500,582.948486328125,190.87338256835938,22.5635986328125,53.013946533203125,2.4211979052779498e-06
1500,0.0,203.28598022460938,22.719356536865234,54.5135498046875,2.7564672564039938e-05
1500,560.7416381835938,192.83094787597656,22.897705078125,54.89410400390625,0.00028284869040362537
1500,576.1456298828125,196.4297637939453,21.6109619140625,51.84576416015625,8.301594789372757e-05
1500,6.786474227905273,206.76942443847656,24.372486114501953,56.97932434082031,2.1575037862930913e-06
1500,0.0,214.6345672607422,14.201929092407227,51.26499938964844,3.558338676157291e-06
1500,599.0987548828125,361.1495666503906,41.4012451171875,119.35043334960938,3.982451744377613e-06
1530,610.8529052734375,0.0,29.6470947265625,65.84687042236328,2.1875612787880527e-07
1530,592.95947265625,0.0,47.54052734375,126.71818542480469,3.771581532419077e-06
1530,626.9553833007812,11.428657531738281,13.54461669921875,55.97058868408203,1.5300023505915306e-06
1530,627.2728271484375,33.08551788330078,13.2271728515625,50.97222900390625,8.027167268664925e-07
1530,568.7686767578125,190.16607666015625,21.6212158203125,50.65679931640625,2.0942410628776997e-05
1530,561.7306518554688,192.916259765625,21.80810546875,52.24658203125,2.5543362426105887e-05
1530,576.5321655273438,193.77450561523438,21.2581787109375,51.316741943359375,0.0005439647939056158
1530,583.2019653320312,192.32325744628906,21.4366455078125,51.40032958984375,5.881546258024173e-06
1530,554.88427734375,197.34585571289062,21.459228515625,51.610687255859375,2.2825340693088947e-06
1530,147.08544921875,212.22369384765625,33.07049560546875,78.4381103515625,1.6319036149070598e-05
1530,134.38392639160156,201.3373260498047,40.999481201171875,100.61122131347656,4.206923676974839e-06
1530,599.23095703125,361.75238037109375,41.26904296875,118.74761962890625,5.195238372834865e-06
1560,610.4939575195312,0.0,30.00604248046875,65.81901550292969,1.895474497359828e-07
1560,593.037353515625,0.0,47.462646484375,127.1305923461914,3.111932528554462e-06
1560,627.98681640625,22.521469116210938,12.51318359375,56.250335693359375,3.2232326248049503e-06
1560,568.9267578125,190.4039764404297,21.641845703125,50.9166259765625,1.2934689948451705e-05
1560,576.6019897460938,194.5502471923828,21.0775146484375,51.14111328125,0.00010512037260923535
1560,583.1195068359375,192.50672912597656,21.7279052734375,51.43890380859375,1.317814508183801e-06
1560,562.68359375,197.2077178955078,21.8641357421875,53.8209228515625,5.792549018224236e-06
1560,55.79649353027344,209.9130859375,28.635345458984375,68.61053466796875,4.062788138980977e-05
1560,51.446266174316406,188.5067596435547,39.609222412109375,104.25917053222656,4.735118636745028e-06
1560,598.7969360351562,362.22344970703125,41.70306396484375,118.27655029296875,3.502955223666504e-06
1590,610.9308471679688,0.0,29.56915283203125,65.28006744384766,1.4733912223618972e-07
1590,592.911865234375,0.0,47.588134765625,127.19906616210938,2.829305230989121e-06
1590,627.7747802734375,22.18134307861328,12.7252197265625,56.07191467285156,3.566138730093371e-06
1590,577.0672607421875,195.09255981445312,21.2005615234375,51.17327880859375,1.1332861504342873e-05
1590,16.84292984008789,230.4889373779297,22.54241943359375,52.47596740722656,3.517889354043291e-06
1590,48.98814010620117,236.8642120361328,21.553836822509766,51.13676452636719,4.235037067701342e-06
1590,598.2608642578125,362.0722961425781,42.2391357421875,118.42770385742188,4.055533281643875e-06
1620,611.90771484375,0.0,28.59228515625,63.81468200683594,1.2857397280185978e-07
1620,594.164306640625,0.0,46.335693359375,123.8747787475586,1.8929034695247537e-06
1620,627.7632446289062,23.659324645996094,12.73675537109375,55.566184997558594,9.205718924931716e-06
1620,568.8804931640625,194.4131622314453,23.0986328125,54.021728515625,4.245492164045572e-05
1620,561.5280151367188,198.97793579101562,22.159912109375,54.451416015625,8.051409167819656e-06
1620,576.0014038085938,199.10818481445312,21.751953125,53.14605712890625,1.0771133020170964e-05
1620,53.57936477661133,224.84458923339844,22.925045013427734,53.94813537597656,7.570394518552348e-05
1620,9.7818021774292,233.87522888183594,21.807476043701172,51.54621887207031,2.599034814920742e-06
1620,49.063804626464844,234.14352416992188,21.74945068359375,50.71405029296875,0.0016372770769521594
1620,41.21410369873047,216.82354736328125,37.35863494873047,83.23089599609375,7.0572758659182e-07
1620,0.0,174.9379425048828,113.47315979003906,287.26513671875,1.0071444194181822e-05
1620,42.48784255981445,238.7502899169922,22.908702850341797,55.93571472167969,3.0388589948415756e-05
1620,599.0922241210938,363.35089111328125,41.40777587890625,117.14910888671875,4.275525043340167e-06
1620,576.1261596679688,326.28857421875,64.37384033203125,154.21142578125,4.8324945964850485e-06
1650,581.0933227539062,211.6109619140625,23.2572021484375,55.3876953125,1.0665330592019018e-05
1650,497.9443054199219,214.4738311767578,21.573944091796875,50.69343566894531,1.1217828159715282e-06
1650,610.1043090820312,215.66018676757812,22.0126953125,52.06219482421875,1.0035490959126037e-05
1650,562.67724609375,216.1768798828125,22.6417236328125,54.944610595703125,0.0003746571601368487
1650,571.5275268554688,215.36660766601562,21.3885498046875,50.641326904296875,0.05720582604408264
1650,563.80810546875,203.3465576171875,34.6829833984375,80.47073364257812,9.870262147160247e-06
1650,490.39178466796875,224.46151733398438,21.82440185546875,52.35626220703125,1.0211085282207932e-05
1650,556.4437866210938,219.71087646484375,21.743896484375,52.6400146484375,1.348491764474602e-06
1650,576.357666015625,220.65869140625,22.6593017578125,54.823699951171875,4.3570100388024e-05
1650,0.0,223.67393493652344,50.211605072021484,226.46571350097656,3.3840444757515797e-06
1650,598.93017578125,359.7281494140625,41.56982421875,120.7718505859375,4.9873683565238025e-06
1680,621.6386108398438,168.90676879882812,18.86138916015625,76.152587890625,6.914851383044152e-06
1680,609.2760620117188,188.95675659179688,21.563232421875,51.738555908203125,0.000791578262578696
1680,626.7959594726562,185.00582885742188,13.70404052734375,51.7060546875,0.00011750277190003544
1680,602.4548950195312,193.09637451171875,22.0860595703125,52.780181884765625,0.00027031340869143605
1680,615.7494506835938,193.63258361816406,22.9739990234375,54.654815673828125,0.006754407659173012
1680,612.854736328125,153.75892639160156,27.645263671875,121.95777893066406,4.01944680561428e-06
1680,594.2857055664062,196.91737365722656,26.1207275390625,58.92156982421875,6.5770909714046866e-06
1680,609.0059814453125,198.5986785888672,25.9512939453125,63.50648498535156,0.007995720952749252
1680,623.0126953125,199.07159423828125,17.4873046875,62.61474609375,0.0008700643084011972
1680,602.3738403320312,197.30027770996094,38.12615966796875,94.15913391113281,5.903860801481642e-05
1680,239.76795959472656,244.56382751464844,20.956069946289062,50.66203308105469,3.9456454032915644e-06
1680,619.6614990234375,212.09909057617188,20.8385009765625,84.09921264648438,5.635274192172801e-06
1680,590.5386962890625,161.2403106689453,49.9613037109375,224.57725524902344,9.043658792506903e-06
1680,599.8059692382812,360.12225341796875,40.69403076171875,120.37774658203125,3.75913532479899e-06
1710,580.3948364257812,222.4613800048828,21.2010498046875,51.10929870605469,9.52087157202186e-06
1710,607.5838623046875,221.19039916992188,21.8363037109375,52.65911865234375,0.0002255064173368737
1710,615.067138671875,220.948974609375,22.393310546875,53.9219970703125,2.352191040699836e-05
1710,627.0614624023438,220.1669158935547,13.43853759765625,53.21711730957031,7.695998647250235e-06
1710,24.94940948486328,172.50439453125,69.38362121582031,163.92877197265625,4.6535652131751704e-07
1710,322.6816101074219,236.38876342773438,20.9649658203125,50.50433349609375,3.3415078632970108e-06
1710,0.0,149.67701721191406,84.49415588378906,211.3235321044922,8.847097888065036e-06
1710,230.9743194580078,242.03981018066406,20.988128662109375,51.10704040527344,5.065414825367043e-06
1710,559.87939453125,232.50413513183594,22.416259765625,52.86033630371094,4.071180683240527e-06
1710,585.760009765625,224.80775451660156,24.3992919921875,57.43611145019531,0.002331526018679142
1710,580.36572265625,213.5657501220703,34.3673095703125,81.30375671386719,0.00012408886686898768
1710,598.915771484375,227.29354858398438,24.7467041015625,59.0509033203125,0.00011161668226122856
1710,619.286376953125,209.09603881835938,21.213623046875,94.24017333984375,7.985135198396165e-06
1710,590.6354370117188,211.55384826660156,36.4046630859375,91.56959533691406,1.1327372703817673e-05
1710,607.4197387695312,233.25413513183594,25.433349609375,58.85865783691406,0.0003233902098145336
1710,616.8272094726562,237.88551330566406,21.7828369140625,52.59614562988281,0.00014463024854194373
1710,626.7605590820312,237.89218139648438,13.73944091796875,53.6488037109375,4.005123992101289e-05
1710,0.0,174.88665771484375,50.76057052612305,228.31268310546875,3.859619482682319e-06
1710,592.1759643554688,235.9588623046875,23.234130859375,55.72674560546875,6.932243081791967e-07
1710,601.481689453125,219.0044403076172,36.276611328125,90.16282653808594,4.371275736048119e-06
1710,6.266773223876953,212.0430908203125,60.52181625366211,144.19635009765625,0.0006933169206604362
1710,611.8781127929688,241.05581665039062,28.62188720703125,76.81951904296875,2.8482716516009532e-05
1710,0.19310379028320312,236.5022735595703,44.43671417236328,113.68989562988281,9.585822226654273e-06
1710,15.532257080078125,246.9736328125,42.194114685058594,101.82464599609375,1.256624727830058e-06
1740,596.42431640625,0.0,44.07568359375,122.984619140625,9.620307537261397e-07
1740,153.14073181152344,233.55157470703125,23.745391845703125,54.8848876953125,3.032649374290486e-06
1740,433.6064453125,232.7119140625,21.17926025390625,50.73065185546875,0.00012173711002105847
1740,137.98033142089844,240.62620544433594,21.517303466796875,50.91600036621094,1.8611660834721988e-06
1740,159.52874755859375,239.3939208984375,23.359466552734375,54.0545654296875,2.4396134904236533e-05
1740,166.9325408935547,236.83883666992188,23.779327392578125,55.55645751953125,1.2080441592843272e-05
1740,174.62599182128906,236.31539916992188,23.8675537109375,54.2633056640625,1.2978526910956134e-06
1740,438.65496826171875,234.44935607910156,25.03387451171875,58.40235900878906,7.944736717035994e-05
1740,627.4080200195312,233.6021728515625,13.09197998046875,50.54290771484375,4.1045318539545406e-06
1740,445.9613952636719,238.33413696289062,24.76312255859375,57.29644775390625,5.404423518484691e-06
1740,326.1040344238281,253.2967529296875,22.58795166015625,53.346435546875,3.189768176525831e-05
1740,334.48834228515625,256.3000793457031,21.33856201171875,51.12530517578125,0.1827441304922104
1740,328.6442565917969,243.28823852539062,34.751220703125,76.65325927734375,7.979152542247903e-06
1740,341.4771423339844,253.86331176757812,21.13421630859375,51.75146484375,0.00012918870197609067
1770,442.26708984375,208.68431091308594,20.46734619140625,50.52842712402344,0.0001676637475611642
1770,450.3431396484375,212.2147979736328,21.0172119140625,50.61830139160156,0.0004244911251589656
1770,454.10107421875,213.69839477539062,24.943115234375,60.92071533203125,0.0026898356154561043
1770,463.017822265625,214.2965087890625,22.72314453125,54.147491455078125,0.0005578823038376868
1770,468.87078857421875,213.45924377441406,25.51434326171875,59.12086486816406,6.694478543067817e-06
1770,626.5671997070312,216.82118225097656,13.93280029296875,52.41227722167969,5.7633064898254815e-06
1770,442.7454528808594,218.94683837890625,25.07666015625,59.34246826171875,0.0014489443274214864
1770,454.40863037109375,208.5964813232422,35.53448486328125,85.71150207519531,4.050740972161293e-05
1770,442.0828552246094,204.83950805664062,36.6260986328125,90.72503662109375,1.990772580029443e-05
1830,571.9662475585938,124.7117919921875,48.8587646484375,120.29824829101562,1.4021813967701746e-06
1830,550.80517578125,155.36386108398438,26.9652099609375,60.264556884765625,2.9416216875688406e-06
1830,557.4373168945312,149.69277954101562,32.5618896484375,76.91070556640625,1.3065781558907474e-06
1830,592.9827270507812,144.79507446289062,33.6878662109375,79.45953369140625,3.647234552772716e-05
1830,505.50677490234375,160.70538330078125,23.2208251953125,54.266998291015625,3.5728380680666305e-06
1830,578.643310546875,150.03839111328125,34.5509033203125,84.55953979492188,0.0002443653647787869
1830,589.4632568359375,155.24984741210938,25.458984375,60.511474609375,0.00021748882136307657
1830,563.0113525390625,143.54161071777344,39.4197998046875,98.27935791015625,8.48917625262402e-06
1830,0.0,150.6600799560547,31.9129638671875,132.88270568847656,7.023415491858032e-06
1830,0.0,148.41693115234375,44.110172271728516,218.76690673828125,3.119922894256888e-06
1830,0.0,203.01760864257812,16.301118850708008,63.187469482421875,2.739313913480146e-06
1830,0.0,186.60374450683594,22.455215454101562,101.04676818847656,1.0964954526571091e-05
