60,408.1421203613281,192.25946044921875,23.13812255859375,54.880218505859375,5.753224832005799e-05
60,71.11002349853516,200.7334747314453,23.614059448242188,55.088836669921875,2.75134570983937e-05
60,353.1063232421875,193.23851013183594,22.8760986328125,55.089111328125,5.424727532954421e-06
60,415.7176513671875,198.5647430419922,21.183349609375,51.084320068359375,1.9601334315666463e-06
60,546.0859375,209.65777587890625,21.1229248046875,50.853729248046875,8.711200280231424e-06
60,626.990966796875,210.30116271972656,13.509033203125,55.65348815917969,4.89298727188725e-05
60,619.1320190429688,190.3255615234375,21.36798095703125,93.49090576171875,5.219980721449247e-06
60,627.40869140625,231.654541015625,13.09130859375,50.5406494140625,5.1261408771097194e-06
90,417.8503112792969,176.83714294433594,21.58331298828125,51.47412109375,0.00010694414231693372
90,480.2783203125,176.70016479492188,22.57098388671875,53.367401123046875,3.097011358477175e-05
90,15.771081924438477,191.87884521484375,22.280607223510742,53.14080810546875,1.7760234186425805e-05
90,410.8408203125,179.47845458984375,23.7496337890625,56.91033935546875,0.00013057654723525047
90,0.0,194.03335571289062,13.814584732055664,55.551727294921875,0.00045090532512404025
90,8.526314735412598,196.1429443359375,21.19921875,50.75482177734375,6.644029053859413e-05
90,421.4560546875,183.58163452148438,25.420654296875,60.86907958984375,2.3641123334527947e-05
90,0.0,176.7436065673828,21.01289176940918,93.53547668457031,3.408808697713539e-05
90,0.0,144.65411376953125,47.35395050048828,230.39947509765625,1.334680291620316e-05
90,414.42437744140625,189.4534912109375,26.097900390625,62.264617919921875,6.8997796915937215e-06
90,626.5193481445312,217.00198364257812,13.98065185546875,58.07342529296875,2.2656704459222965e-05
90,627.2059936523438,240.52642822265625,13.29400634765625,52.00982666015625,4.430735316418577e-06
120,419.07568359375,156.06439208984375,21.8360595703125,50.83172607421875,2.5390972950845025e-06
120,424.2098388671875,163.08993530273438,22.36810302734375,53.808868408203125,0.0005656648427248001
120,422.05706787109375,177.99661254882812,25.304931640625,59.589447021484375,1.422941750206519e-05
180,607.7412109375,152.48037719726562,20.9053955078125,50.60699462890625,5.014218459109543e-06
180,416.1461486816406,153.4275360107422,21.80780029296875,52.972442626953125,1.9384540337341605e-06
180,627.8161010742188,153.7789306640625,12.68389892578125,55.702850341796875,3.1165893688012147e-06
180,0.0,160.32302856445312,15.851304054260254,56.714935302734375,3.304247456981102e-06
180,153.91812133789062,156.99806213378906,22.076507568359375,52.6849365234375,3.07345476358023e-06
240,183.62222290039062,150.9576416015625,28.081695556640625,67.55816650390625,4.499843271332793e-06
240,400.4161071777344,157.04159545898438,22.587890625,53.723541259765625,1.8839918993762694e-05
240,599.8926391601562,359.3235168457031,40.60736083984375,121.17648315429688,3.6101371279073646e-06
270,2.983186721801758,158.39010620117188,21.19052505493164,50.874176025390625,9.974542626878247e-05
270,362.09161376953125,146.35690307617188,21.42608642578125,50.516815185546875,0.10115129500627518
270,355.6042785644531,134.09703063964844,33.950927734375,78.44793701171875,3.620991719799349e-06
270,0.0,160.92913818359375,16.52034568786621,54.91180419921875,2.3068769223755226e-05
270,355.4320983886719,151.9674072265625,22.864990234375,55.546356201171875,5.1109886953781825e-06
300,370.3812561035156,160.35421752929688,21.37939453125,50.52496337890625,8.516064553987235e-06
300,416.34649658203125,170.67820739746094,21.84796142578125,51.616058349609375,8.413912837568205e-06
300,617.794677734375,173.38539123535156,21.5673828125,50.55596923828125,6.417164968297584e-06
300,626.9329223632812,179.7999725341797,13.56707763671875,56.2628173828125,9.294949450122658e-06
300,610.9627685546875,407.1152648925781,29.5372314453125,73.38473510742188,1.404865088261431e-06
300,600.8358154296875,362.3143310546875,39.6641845703125,118.1856689453125,5.403928753366927e-06
330,625.5172119140625,135.57469177246094,14.9827880859375,60.201080322265625,9.426757060282398e-06
330,282.260498046875,159.50234985351562,23.0147705078125,55.42364501953125,2.6956906367558986e-05
330,297.6742858886719,161.09449768066406,21.38720703125,51.9437255859375,0.0014772969298064709
330,368.6982727050781,156.2032470703125,21.42999267578125,51.27740478515625,0.1480967253446579
330,617.3176879882812,131.6038360595703,23.18231201171875,94.87484741210938,4.675175659940578e-06
330,214.19818115234375,85.95100402832031,142.2713623046875,300.65740966796875,3.9962842492968775e-06
330,362.6781311035156,143.00027465820312,33.9346923828125,77.66610717773438,3.8928843423491344e-05
330,615.7589721679688,165.63958740234375,22.82421875,53.74884033203125,6.083427797420882e-05
330,626.3899536132812,163.80809020996094,14.11004638671875,50.599151611328125,5.92561591474805e-05
330,288.1623840332031,162.85025024414062,25.8836669921875,60.4151611328125,0.0001678838743828237
330,544.5128173828125,178.6394500732422,22.427490234375,54.95916748046875,1.062591854861239e-05
330,593.4562377929688,91.0486068725586,47.04376220703125,240.46005249023438,1.266975323233055e-05
330,303.0924072265625,169.61512756347656,21.2977294921875,51.651153564453125,0.0007471727440133691
330,362.5375671386719,167.7705078125,21.11468505859375,52.49957275390625,1.0038666914624628e-05
330,417.15570068359375,176.42462158203125,22.22796630859375,51.887908935546875,1.3584111684394884e-06
330,539.0993041992188,184.13388061523438,21.1007080078125,51.046722412109375,1.5902522136457264e-05
330,551.8347778320312,182.2300262451172,20.9453125,51.83538818359375,9.99999883788405e-07
330,610.924560546875,180.40603637695312,22.316162109375,52.565460205078125,1.3076651157462038e-06
330,627.2169189453125,180.69895935058594,13.2830810546875,57.22283935546875,5.225384938967181e-06
330,0.0,344.86163330078125,58.88828659057617,135.63836669921875,4.7919947974151e-06
330,610.2894897460938,405.34429931640625,30.21051025390625,75.15570068359375,7.618709332746221e-06
330,600.201416015625,364.16265869140625,40.298583984375,116.33734130859375,8.199738658731803e-06
360,382.8876953125,156.9949493408203,21.106689453125,50.687164306640625,4.758191153086955e-06
360,295.8244934082031,156.82040405273438,26.83233642578125,64.13186645507812,3.851783912978135e-05
360,371.2469482421875,157.51284790039062,21.27783203125,51.0704345703125,0.0002601918822620064
360,618.0237426757812,184.93382263183594,22.3173828125,52.8306884765625,5.162139586900594e-06
360,627.5713500976562,193.02044677734375,12.92864990234375,51.081451416015625,5.195862740947632e-06
360,0.0,343.56097412109375,57.547698974609375,136.93902587890625,8.04586034064414e-06
390,289.1500244140625,164.3987579345703,21.77313232421875,51.138824462890625,0.11315140128135681
390,432.2487487792969,164.23619079589844,22.40289306640625,53.589019775390625,1.5209160665108357e-05
390,282.37567138671875,150.58642578125,33.84869384765625,78.577880859375,1.268295818590559e-06
390,425.6568908691406,168.54229736328125,22.3612060546875,52.70587158203125,3.531711854520836e-06
390,439.11090087890625,167.87435913085938,22.881103515625,53.268341064453125,8.34420006867731e-06
390,626.470947265625,177.6847381591797,14.029052734375,53.688751220703125,1.4427453606913332e-05
390,592.8919677734375,88.97655487060547,47.6080322265625,252.89273071289062,1.808978595363442e-05
390,617.5661010742188,186.94140625,22.93389892578125,56.031982421875,4.5298370423552115e-06
420,369.64923095703125,150.07192993164062,21.36785888671875,52.646331787109375,7.419801022479078e-06
420,280.4468688964844,158.94760131835938,21.3297119140625,51.273193359375,2.660087830008706e-06
420,56.55266571044922,172.73081970214844,23.027267456054688,54.167755126953125,2.3836719265091233e-06
420,137.6973114013672,173.7626190185547,21.269378662109375,52.156005859375,6.711995956720784e-05
420,106.83724975585938,179.9529571533203,21.762435913085938,51.146942138671875,0.00012695390614680946
420,0.0,178.1363983154297,14.990389823913574,52.289459228515625,2.355517790419981e-05
420,61.9619140625,182.44615173339844,21.558074951171875,52.3505859375,0.00013631809270009398
420,408.2532653808594,172.35548400878906,22.49945068359375,53.91900634765625,2.6288464596291305e-06
420,626.595703125,173.5745086669922,13.904296875,52.456695556640625,4.324103065300733e-05
420,618.1002807617188,179.161865234375,22.1236572265625,53.457794189453125,1.5137399032028043e-06
420,600.7616577148438,360.5030517578125,39.73834228515625,119.9969482421875,3.827337877737591e-06
450,457.1220397949219,140.8103790283203,21.887939453125,51.833953857421875,0.004706475883722305
450,470.5643615722656,142.46475219726562,22.60345458984375,54.0086669921875,7.589825145259965e-06
450,449.5309143066406,141.82012939453125,25.3502197265625,61.79974365234375,0.0001622153795324266
450,460.48828125,145.666748046875,26.898681640625,64.33367919921875,1.3234202924650162e-06
450,360.8169250488281,167.36819458007812,21.75128173828125,51.658172607421875,5.666973720508395e-06
450,447.6050720214844,136.7500762939453,38.755126953125,91.2760009765625,2.7834894353873096e-06
450,263.5741271972656,168.93690490722656,21.0849609375,51.65216064453125,3.572033529053442e-05
450,601.114990234375,360.468994140625,39.385009765625,120.031005859375,3.4904933272628114e-06
480,507.02142333984375,133.84649658203125,21.0543212890625,51.449249267578125,2.904892789956648e-05
480,474.4606018066406,138.29843139648438,22.3602294921875,52.1798095703125,4.091794835403562e-06
480,487.7003479003906,135.85299682617188,23.65435791015625,55.64495849609375,0.00011853044998133555
480,497.4267883300781,135.1361083984375,27.133392333984375,64.13385009765625,0.0010996097698807716
480,506.4901428222656,135.6156463623047,30.861480712890625,74.37115478515625,0.9981864094734192
480,518.2523193359375,142.51075744628906,24.2293701171875,54.354278564453125,0.00019804819021373987
480,520.2006225585938,136.8222198486328,31.177490234375,74.395751953125,4.223900305078132e-06
480,248.492919921875,161.61395263671875,20.8475341796875,50.747772216796875,0.0001424943475285545
480,257.6049499511719,160.727783203125,20.80511474609375,51.026885986328125,3.1135215976973996e-05
480,496.9439697265625,127.50662231445312,44.15234375,103.66488647460938,8.038927262532525e-06
480,626.4979248046875,165.14662170410156,14.0020751953125,53.146636962890625,1.8359554815106094e-05
480,601.6597900390625,361.048095703125,38.8402099609375,119.451904296875,7.287283096957253e-06
510,559.3079223632812,175.13320922851562,21.5013427734375,50.53582763671875,0.003153198165819049
510,0.0,340.28668212890625,59.13214874267578,140.21331787109375,7.527832167397719e-06
510,601.0983276367188,359.4613037109375,39.40167236328125,121.0386962890625,2.450962256261846e-06
540,17.95762825012207,170.87225341796875,21.4674129486084,51.949066162109375,6.885239599796478e-06
540,281.0655822753906,166.9149169921875,21.85955810546875,51.8284912109375,9.067985956789926e-05
570,0.0,146.28646850585938,16.596158981323242,56.127532958984375,1.592920489201788e-05
570,7.601718902587891,153.8285675048828,22.662796020507812,55.498321533203125,1.603837517905049e-05
570,0.3724193572998047,158.50900268554688,23.200746536254883,55.572845458984375,3.389906123629771e-05
570,14.918545722961426,158.79722595214844,24.118064880371094,56.865814208984375,5.1829961194016505e-06
570,0.0,166.37380981445312,14.12960433959961,51.2734375,4.461214120965451e-05
570,600.4509887695312,359.490478515625,40.04901123046875,121.009521484375,3.1614292765880236e-06
600,264.5838623046875,138.38966369628906,22.2237548828125,52.379241943359375,0.00048737676115706563
600,178.03591918945312,158.47158813476562,22.437652587890625,54.996368408203125,5.414617589849513e-06
600,0.0,154.6870880126953,16.284427642822266,55.8734130859375,4.210102360957535e-06
600,288.9490966796875,160.3039093017578,21.61419677734375,50.592620849609375,6.6886714193969965e-06
600,7.597378730773926,162.67715454101562,22.68744659423828,54.904052734375,2.1570596800302155e-05
600,81.83171844482422,161.44375610351562,20.747421264648438,50.68731689453125,0.00015493198588956147
600,182.67007446289062,159.7924041748047,27.09625244140625,64.33163452148438,2.307693284819834e-05
600,602.8237915039062,160.2505645751953,21.215087890625,51.4285888671875,1.125536755353096e-06
600,610.2619018554688,158.88018798828125,21.45068359375,52.4205322265625,1.732727582748339e-06
600,616.733154296875,158.57208251953125,22.5572509765625,53.620086669921875,4.6333821046573576e-06
600,0.7298002243041992,168.25738525390625,23.105899810791016,54.127166748046875,4.62268253613729e-05
600,74.3233642578125,166.3996124267578,21.962631225585938,51.379638671875,8.821480150800198e-05
600,76.41817474365234,158.87997436523438,29.82421875,71.4000244140625,9.938266885001212e-07
600,89.06990051269531,166.29147338867188,21.406387329101562,52.0277099609375,6.0561760619748384e-05
600,97.52989196777344,166.73130798339844,20.798187255859375,50.592620849609375,2.0662952010752633e-05
600,627.3870849609375,169.61634826660156,13.1129150390625,51.77630615234375,1.1769465118049993e-06
600,0.0,176.24655151367188,13.921102523803711,50.79302978515625,1.4487786756944843e-05
600,604.8300170898438,153.9866180419922,35.66998291015625,150.0072784423828,1.1310404261166696e-05
600,590.9946899414062,129.10040283203125,49.50531005859375,243.5068359375,2.8288519388297573e-05
630,246.06314086914062,118.08306884765625,23.09307861328125,53.403228759765625,0.00017185758042614907
630,122.25272369384766,129.7546844482422,21.79236602783203,51.608673095703125,1.2348850759735797e-05
630,237.1555633544922,115.07536315917969,27.789932250976562,66.13400268554688,0.1258397251367569
630,251.2183074951172,118.08667755126953,27.270889282226562,63.53095245361328,4.878262188867666e-06
630,0.0,118.22891235351562,21.40708351135254,100.99014282226562,2.1275477593007963e-06
630,127.31272888183594,132.06228637695312,24.910614013671875,58.781890869140625,9.229536226484925e-05
630,0.0,149.312744140625,16.568708419799805,61.688446044921875,8.598892600275576e-05
630,226.41957092285156,139.56520080566406,21.815887451171875,52.771636962890625,1.9789288216998102e-06
630,231.8807373046875,129.32630920410156,26.993743896484375,63.45068359375,0.001018223469145596
630,238.12356567382812,109.64852905273438,37.823486328125,92.47222900390625,3.281579483882524e-05
630,289.0508117675781,144.67848205566406,21.41802978515625,50.7215576171875,7.14497264198144e-06
630,9.952975273132324,163.45497131347656,21.86572265625,52.296112060546875,0.11464644223451614
630,1.9449882507324219,143.23289489746094,34.00696563720703,81.29104614257812,1.7390635548508726e-05
630,295.84228515625,147.8385772705078,23.432861328125,56.31195068359375,2.773228334262967e-05
630,0.0,80.41400146484375,42.68143081665039,242.17352294921875,7.09313007973833e-06
630,1.919290542602539,166.6033935546875,21.319530487060547,51.195526123046875,0.010843057185411453
630,19.924301147460938,163.23995971679688,21.912681579589844,52.505889892578125,2.2663856725557707e-05
630,0.0,115.76669311523438,60.25518035888672,294.54022216796875,8.075956429820508e-06
630,0.0,176.66351318359375,15.037337303161621,52.607330322265625,2.7475703973323107e-05
630,15.222674369812012,170.84048461914062,22.624290466308594,55.644805908203125,0.00011600426660152152
630,610.8026733398438,404.4391784667969,29.69732666015625,76.06082153320312,4.261521553416969e-06
630,599.5516357421875,362.759521484375,40.9483642578125,117.740478515625,4.973479917680379e-06
660,7.255521774291992,123.62310791015625,30.974733352661133,72.89898681640625,3.75215859094169e-06
660,18.004213333129883,136.5792236328125,23.551130294799805,56.510223388671875,0.001936165732331574
660,11.279850959777832,140.4619903564453,21.428234100341797,51.8465576171875,3.0705883546033874e-05
660,343.5412902832031,135.23614501953125,23.4053955078125,53.928436279296875,0.00029464010731317103
660,24.848190307617188,145.4263458251953,21.80493927001953,52.69158935546875,0.04035161808133125
660,18.09343147277832,132.211669921875,34.817893981933594,78.28704833984375,1.741557935019955e-05
660,350.03582763671875,139.46327209472656,24.27264404296875,57.387939453125,9.647732213124982e-07
660,64.1883316040039,153.2903594970703,21.92205810546875,51.662872314453125,3.180704152327962e-05
660,334.3148193359375,135.47340393066406,31.05792236328125,73.17208862304688,1.5785246887389803e-06
660,29.725177764892578,147.58375549316406,24.399734497070312,58.60992431640625,0.0007687810575589538
660,16.449758529663086,152.41880798339844,26.366342544555664,62.376495361328125,1.5966985301929526e-05
660,530.6303100585938,163.1187744140625,21.7906494140625,52.571319580078125,0.0006653413875028491
660,617.45751953125,167.442138671875,22.4736328125,52.908447265625,4.131054538447643e-06
660,627.6483764648438,176.07545471191406,12.85162353515625,50.77532958984375,3.6802382510359166e-06
660,611.596435546875,408.08392333984375,28.903564453125,72.41607666015625,2.93189509648073e-06
660,601.3363037109375,360.73638916015625,39.1636962890625,119.76361083984375,7.862350685172714e-06
690,266.5036926269531,142.60440063476562,21.46417236328125,50.719482421875,0.017125314101576805
690,169.95913696289062,161.89418029785156,21.4937744140625,52.14697265625,2.631801407915191e-06
690,259.7701416015625,150.3130645751953,23.3106689453125,55.8265380859375,1.4849451872578356e-05
690,0.0,162.8930206298828,17.67908477783203,61.5152587890625,1.1512588571349625e-05
690,0.0,138.29086303710938,22.732662200927734,97.74026489257812,4.006106337328674e-06
690,262.5926208496094,145.3704833984375,30.12158203125,70.34744262695312,1.1306714441161603e-05
690,11.541449546813965,177.64785766601562,21.153568267822266,50.515106201171875,0.9856311082839966
690,1.8561019897460938,159.62322998046875,35.404014587402344,80.80166625976562,1.2305154996283818e-05
690,0.0,127.92903137207031,83.69145202636719,281.33349609375,5.229358521319227e-06
690,19.696556091308594,174.90481567382812,22.641010284423828,54.339874267578125,1.1997307410638314e-05
690,0.0,183.9466552734375,15.66103744506836,52.08721923828125,7.194000500021502e-05
690,4.897045135498047,179.85089111328125,21.75341033935547,52.210693359375,0.009140792302787304
690,592.884765625,183.2427978515625,23.58935546875,55.362335205078125,9.845339263847563e-06
690,480.71466064453125,188.257568359375,21.25213623046875,50.980316162109375,6.548136184392206e-07
690,0.7615652084350586,189.6338653564453,22.841373443603516,56.3746337890625,6.1479136093112174e-06
690,13.191564559936523,181.90231323242188,26.999582290649414,63.648223876953125,3.501843139019911e-06
720,408.9352111816406,168.44979858398438,22.20172119140625,53.188720703125,2.9258337690407643e-06
720,417.6224365234375,172.58619689941406,21.73077392578125,52.058258056640625,2.817495669660275e-06
720,0.0,179.363525390625,15.697582244873047,54.7646484375,1.5682726370869204e-05
720,0.0,151.4459228515625,23.343101501464844,100.48760986328125,7.279131750692613e-07
720,8.01418399810791,180.44947814941406,22.570667266845703,53.11236572265625,6.752949957444798e-06
720,411.2271423339844,184.12826538085938,21.38458251953125,51.61859130859375,3.5865414247382432e-06
720,423.1393737792969,183.144287109375,21.328857421875,51.772003173828125,9.73835358308861e-06
720,430.6368713378906,184.2648468017578,22.61346435546875,54.16302490234375,3.7575473470496945e-06
720,416.6130065917969,187.9689178466797,22.089111328125,54.18408203125,7.312170964723919e-06
720,535.5530395507812,183.9025115966797,22.7459716796875,54.79901123046875,0.00031101913191378117
720,627.7424926757812,201.5069122314453,12.75750732421875,52.965850830078125,1.5358718883362599e-06
750,316.5650329589844,168.6632843017578,21.366943359375,51.136932373046875,1.5644294762751088e-05
750,626.9669189453125,176.4239501953125,13.5330810546875,50.662109375,2.0972756828996353e-06
750,9.183331489562988,184.59735107421875,20.541057586669922,51.63031005859375,5.2398318075574934e-05
750,17.125774383544922,182.7246551513672,21.059741973876953,50.570953369140625,1.1405548320908565e-05
750,328.3504943847656,173.50396728515625,21.62762451171875,52.028076171875,0.0005624342593364418
750,334.94366455078125,174.14219665527344,22.2490234375,53.279388427734375,7.619956159032881e-05
750,0.0,185.93417358398438,15.788976669311523,52.757659912109375,1.640221307752654e-05
750,320.7244873046875,176.70909118652344,23.15570068359375,55.367462158203125,0.00011297423770884052
750,616.9114990234375,191.12838745117188,22.3304443359375,53.361114501953125,0.0022814199328422546
750,323.7131042480469,175.82814025878906,30.3809814453125,70.76544189453125,2.272176516271429e-06
750,432.41131591796875,187.05902099609375,20.984375,50.58502197265625,1.4444869975704933e-06
750,502.7120056152344,185.47915649414062,22.010467529296875,52.403900146484375,0.0016956175677478313
750,626.6142578125,196.19793701171875,13.8857421875,51.834228515625,0.0005033504567109048
750,610.5581665039062,198.9606170654297,23.93212890625,56.38739013671875,3.5709306303033372e-06
780,608.4946899414062,0.0,32.00531005859375,70.4078369140625,5.921431693423074e-06
780,591.9965209960938,0.0,48.50347900390625,123.9504623413086,1.2451484508346766e-05
780,536.5980224609375,163.15347290039062,26.3792724609375,61.720062255859375,1.1285868822596967e-05
780,464.4758605957031,177.38766479492188,22.73809814453125,54.628265380859375,8.741293277125806e-05
780,522.622802734375,174.31361389160156,22.076171875,54.5997314453125,7.234438817249611e-05
780,543.928955078125,177.0158233642578,21.8194580078125,51.582794189453125,0.931428074836731
780,335.44866943359375,170.98890686035156,25.77484130859375,60.215240478515625,1.5694043895564391e-06
780,343.9679870605469,172.09950256347656,24.9287109375,60.29083251953125,7.594444923597621e-06
780,371.3767395019531,176.88153076171875,21.53350830078125,50.52105712890625,6.747382030880544e-06
780,527.1843872070312,176.6397247314453,27.376708984375,64.62359619140625,5.113572569825919e-06
780,350.85528564453125,178.29428100585938,25.15936279296875,61.792388916015625,5.216258614382241e-06
780,377.6741943359375,183.884765625,21.23297119140625,50.88604736328125,3.5762336665356997e-06
780,552.0302734375,178.8854217529297,21.3389892578125,52.47943115234375,7.508929411415011e-05
780,0.0,192.4844970703125,15.099114418029785,54.8304443359375,4.158086085226387e-06
780,0.0,345.94244384765625,60.345420837402344,134.55755615234375,3.4823208352463553e-06
810,595.2129516601562,0.0,45.28704833984375,123.25608825683594,7.0563196459261235e-06
810,556.4389038085938,165.1769256591797,20.050537109375,50.565673828125,5.679742025677115e-05
810,549.9814453125,147.0313262939453,33.8680419921875,75.19711303710938,3.0882936698617414e-05
810,464.02490234375,172.5609893798828,21.69757080078125,52.93359375,6.319267413346097e-06
810,524.234619140625,164.95892333984375,31.821533203125,71.8231201171875,2.4202319764299318e-05
810,607.045654296875,166.95361328125,24.498779296875,57.137725830078125,5.163276910025161e-06
810,451.918212890625,176.38836669921875,21.0836181640625,50.745025634765625,2.4331220629392192e-05
810,547.9017333984375,171.63629150390625,21.2025146484375,53.0650634765625,3.603629011195153e-06
810,559.3812255859375,168.6486358642578,24.049560546875,57.7796630859375,0.9999406337738037
810,543.577880859375,129.20468139648438,48.29150390625,106.16717529296875,1.4328018551168498e-05
810,494.64556884765625,106.47671508789062,132.4119873046875,292.9064636230469,4.446058028406696e-06
810,379.0578308105469,95.05113220214844,149.22085571289062,302.3670654296875,1.112038944484084e-06
810,536.6907958984375,173.32025146484375,21.8648681640625,53.40081787109375,5.483111181092681e-06
810,577.1984252929688,175.10299682617188,22.451904296875,52.36456298828125,0.00037602524389512837
810,584.4835815429688,173.55535888671875,24.4942626953125,56.975616455078125,7.474736776202917e-05
810,590.6256713867188,175.4600372314453,26.3900146484375,63.658294677734375,0.0016007431549951434
810,614.8718872070312,179.0719757080078,21.888916015625,51.49871826171875,5.830229838466039e-06
810,472.5649719238281,181.89877319335938,20.86236572265625,50.696990966796875,7.228415142890299e-06
810,528.9124145507812,176.55023193359375,21.7899169921875,52.739227294921875,8.97896388778463e-05
810,566.6325073242188,171.3240203857422,25.0809326171875,58.287353515625,0.023692285642027855
810,599.3507690429688,179.98336791992188,23.7283935546875,55.73095703125,0.005016668699681759
810,626.9445190429688,183.58432006835938,13.55548095703125,52.045440673828125,6.041832875780528e-06
810,457.9827880859375,183.06597900390625,21.717041015625,50.804962158203125,3.85606981581077e-05
810,522.7885131835938,182.66961669921875,21.0673828125,52.15069580078125,1.0776609997265041e-05
810,553.4169921875,176.64108276367188,23.3243408203125,57.619049072265625,4.4862426875624806e-06
810,593.61279296875,165.8041534423828,34.2418212890625,81.21249389648438,4.0808208723319694e-06
810,607.3612670898438,187.08807373046875,21.228515625,50.6510009765625,4.2856121581280604e-05
810,0.0,199.50840759277344,15.156259536743164,55.529022216796875,6.395646778400987e-06
810,0.0,413.2080383300781,33.81489181518555,67.29196166992188,3.31952833221294e-06
810,0.0,344.3312683105469,61.472042083740234,136.16873168945312,7.243444997584447e-06
810,601.505126953125,356.29376220703125,38.994873046875,124.20623779296875,2.0759914605150698e-06
840,574.7180786132812,159.76519775390625,24.278076171875,58.149017333984375,0.17057693004608154
840,483.0451965332031,170.24630737304688,21.21392822265625,51.777740478515625,3.195539648004342e-06
840,497.6540222167969,171.60214233398438,21.415802001953125,51.15130615234375,0.000855540216434747
840,504.62579345703125,174.71853637695312,21.4842529296875,51.618896484375,0.00010905091039603576
840,547.4653930664062,140.42042541503906,44.7197265625,103.50100708007812,1.0368769835622516e-05
840,563.8474731445312,143.5201416015625,43.779541015625,105.49609375,2.1135213046363788e-06
840,547.836181640625,164.55770874023438,27.210205078125,64.73471069335938,0.00032260376610793173
840,556.8355712890625,161.880126953125,27.270751953125,65.30029296875,0.6463402509689331
840,566.1046752929688,160.4833984375,27.276123046875,65.17221069335938,0.2345752716064453
840,589.2107543945312,165.2035675048828,26.7197265625,63.552520751953125,3.295158239779994e-05
840,626.6910400390625,173.38583374023438,13.8089599609375,53.12420654296875,2.73299083346501e-05
840,579.4909057617188,163.3680877685547,27.531494140625,67.05108642578125,0.00047760820598341525
840,582.340087890625,153.41664123535156,37.3104248046875,91.82925415039062,1.8949696141135064e-06
840,599.5325317382812,177.5059356689453,26.523193359375,61.1829833984375,7.874659058870748e-05
840,600.6904296875,164.594482421875,36.114501953125,87.26409912109375,3.7818641430931166e-05
840,608.2811889648438,189.33407592773438,23.5361328125,55.0927734375,0.023529963567852974
840,616.0405883789062,189.86363220214844,21.3492431640625,50.835418701171875,0.002517946297302842
840,617.9340209960938,162.99029541015625,22.56597900390625,94.48922729492188,8.446778338111471e-06
840,0.0,194.7796630859375,13.822515487670898,50.68829345703125,5.281195171846775e-06
840,0.0,183.628662109375,18.934783935546875,75.58999633789062,5.2904706535628065e-06
840,576.0391235351562,181.60731506347656,22.85205078125,55.489959716796875,3.0737303404748673e-06
840,534.487548828125,96.23953247070312,106.012451171875,308.5063781738281,4.467940016184002e-06
840,626.528564453125,195.141845703125,13.971435546875,50.756866455078125,0.0007084824028424919
840,590.3978271484375,114.16587829589844,50.1021728515625,236.40113830566406,8.45544218464056e-06
840,604.4230346679688,200.79971313476562,21.644775390625,50.9376220703125,2.828800916176988e-06
840,610.0066528320312,406.0994873046875,30.49334716796875,74.4005126953125,5.221101218921831e-06
840,600.8698120117188,359.7432861328125,39.63018798828125,120.7567138671875,6.193202352733351e-06
870,69.88137817382812,150.44781494140625,22.416778564453125,53.677825927734375,4.426233317644801e-06
870,567.0076293945312,159.45220947265625,28.0020751953125,66.187255859375,0.007092364132404327
870,56.9757194519043,159.7017822265625,21.59378433227539,50.651885986328125,0.02828706055879593
870,439.49810791015625,167.92066955566406,22.0665283203125,51.061370849609375,0.00024369270249735564
870,575.1049194335938,155.29275512695312,31.451416015625,74.682861328125,0.00010087442205986008
870,49.59142303466797,164.53672790527344,25.212127685546875,59.9276123046875,2.3348918603005586e-06
870,383.23870849609375,178.77099609375,21.87640380859375,50.63720703125,4.401499154482735e-06
870,432.43536376953125,171.16680908203125,24.73822021484375,58.55657958984375,9.680985613158555e-07
870,529.86279296875,178.21844482421875,21.6939697265625,51.064971923828125,0.09932047128677368
870,560.6412353515625,168.9346923828125,25.8646240234375,61.49627685546875,5.2470973059826065e-06
870,377.3707275390625,183.84942626953125,22.23773193359375,53.472259521484375,6.550074886035873e-06
870,523.38037109375,183.92611694335938,20.5125732421875,50.51617431640625,2.202231371484231e-06
870,535.6238403320312,183.47166442871094,21.3922119140625,50.759735107421875,0.00012917946150992066
870,569.7835693359375,180.8393096923828,21.59228515625,53.2569580078125,8.623132453067228e-05
900,616.3515014648438,111.60574340820312,24.14849853515625,94.95599365234375,1.1947868188144639e-05
900,623.6106567382812,127.67477416992188,16.88934326171875,66.37042236328125,5.069564576842822e-05
900,617.6077880859375,149.4152069091797,21.213134765625,51.626556396484375,3.639152510004351e-06
900,627.2398071289062,150.3779296875,13.26019287109375,52.660980224609375,3.460289235590608e-06
900,589.3468017578125,84.19446563720703,51.1531982421875,235.85394287109375,3.2915979772951687e-06
900,0.0,173.18348693847656,13.479899406433105,53.111541748046875,2.597543016236159e-06
900,0.0,171.08331298828125,18.682844161987305,78.32086181640625,3.665156100396416e-06
900,0.0,136.05487060546875,27.367053985595703,130.54425048828125,4.2969318201357964e-06
900,487.3836975097656,184.1923828125,20.94921875,50.56005859375,0.0009226780966855586
900,0.0,124.67201232910156,42.38459396362305,225.47959899902344,3.8015537029423285e-06
900,0.0,200.28941345214844,15.132061004638672,55.929046630859375,0.00010422526247566566
900,593.5709228515625,164.02938842773438,46.9290771484375,237.2139892578125,6.322866283881012e-06
900,0.0,347.43389892578125,61.73488235473633,133.06610107421875,4.737806193588767e-06
930,57.69626235961914,156.43496704101562,22.922588348388672,52.530303955078125,2.4206381567637436e-05
930,626.5592651367188,153.8915557861328,13.94073486328125,52.12835693359375,1.7182524970849045e-05
930,618.1432495117188,163.48016357421875,21.1171875,50.7294921875,1.2034837709506974e-05
930,626.0470581054688,170.7952423095703,14.45294189453125,53.111663818359375,8.45783779368503e-06
930,594.2075805664062,108.78036499023438,46.29241943359375,230.82916259765625,7.95154755905969e-06
930,455.2749328613281,192.74346923828125,21.78314208984375,52.45111083984375,0.0013888683170080185
930,622.1780395507812,176.5837860107422,18.32196044921875,78.8831787109375,6.636169564444572e-05
930,614.8129272460938,143.14144897460938,25.68707275390625,130.83401489257812,1.3417440641205758e-05
930,471.279541015625,191.87953186035156,22.503662109375,53.112335205078125,5.599728865490761e-06
930,479.21826171875,192.57269287109375,22.96759033203125,54.11993408203125,1.1779571877923445e-06
930,449.05078125,197.63246154785156,22.9063720703125,53.93780517578125,0.019429711624979973
930,441.7012939453125,183.45407104492188,34.789794921875,80.30010986328125,3.071392029596609e-06
930,462.7105712890625,195.16372680664062,23.52081298828125,55.777069091796875,1.5136349247768521e-05
930,626.2801513671875,202.37049865722656,14.2198486328125,61.25868225097656,0.00020630500512197614
930,618.2786254882812,192.81390380859375,22.22137451171875,96.54287719726562,1.1631254892563447e-05
930,625.9547729492188,222.44064331054688,14.54522705078125,63.166351318359375,6.925014531589113e-06
930,601.236083984375,357.39898681640625,39.263916015625,123.10101318359375,6.9218785938574e-06
960,592.424072265625,171.71363830566406,22.05419921875,51.615570068359375,5.66347262065392e-06
960,0.0,169.32525634765625,16.784387588500977,59.608154296875,4.918684226140613e-06
960,544.1039428710938,173.52825927734375,23.0784912109375,54.65765380859375,8.936149242799729e-06
960,583.2244873046875,174.9881134033203,25.383056640625,57.326416015625,1.3788052456220612e-05
960,603.5250854492188,168.86749267578125,30.9879150390625,73.46234130859375,7.679818736505695e-06
960,627.049560546875,173.7025604248047,13.450439453125,52.227935791015625,4.292509038350545e-05
960,9.531633377075195,177.38531494140625,22.245559692382812,51.79290771484375,4.643069132725941e-06
960,16.974124908447266,174.82876586914062,22.946292877197266,55.080169677734375,6.175143880682299e-06
960,24.795944213867188,174.30665588378906,21.774948120117188,52.50799560546875,8.557453838875517e-06
960,551.388916015625,177.10757446289062,25.0909423828125,59.2655029296875,3.752645397980814e-06
960,544.310302734375,165.58145141601562,37.4239501953125,85.66058349609375,5.429918928712141e-06
960,560.8837280273438,175.9557342529297,24.105712890625,55.182708740234375,1.8407923562335782e-05
960,576.092529296875,177.58639526367188,24.509521484375,56.32403564453125,8.962632819020655e-06
960,590.4034423828125,182.1365203857422,26.1817626953125,60.409820556640625,9.559851605445147e-05
960,599.7950439453125,181.22764587402344,22.57958984375,52.934295654296875,0.0001872565335361287
960,608.7559204101562,180.93565368652344,21.7208251953125,51.99273681640625,2.2576985429623164e-05
960,615.1124877929688,179.26182556152344,25.38751220703125,60.5537109375,2.4799319362500682e-05
960,537.5068359375,176.81320190429688,32.701171875,79.08078002929688,0.00010473575093783438
960,567.5209350585938,180.25453186035156,25.0384521484375,55.689727783203125,6.563931947312085e-06
960,0.0,187.40603637695312,17.28087615966797,63.8931884765625,1.114216138375923e-05
960,0.0,164.24656677246094,22.00534439086914,104.26350402832031,1.7543752619531006e-05
960,2.138092041015625,182.56915283203125,31.252273559570312,76.6602783203125,0.00019058279576711357
960,13.295388221740723,188.04173278808594,25.531661987304688,60.536407470703125,7.215688128781039e-06
960,401.02935791015625,193.37667846679688,21.4935302734375,51.90447998046875,0.00022195346537046134
960,594.0422973632812,175.3809814453125,31.8529052734375,79.368896484375,4.795743734575808e-06
960,626.4049072265625,191.69827270507812,14.0950927734375,54.010040283203125,3.5430573916528374e-05
960,8.212140083312988,201.3551025390625,22.31914520263672,52.582061767578125,0.00017811005818657577
960,407.7874755859375,195.6598358154297,21.19207763671875,51.48626708984375,4.610065298038535e-05
960,581.9755249023438,169.87860107421875,38.8511962890625,100.89822387695312,1.5831409427846665e-06
960,0.0,208.52792358398438,13.605411529541016,50.52471923828125,1.1252544027229305e-05
960,0.0,137.3795166015625,45.81350326538086,222.37774658203125,3.6001733860757668e-06
960,622.7279052734375,195.22796630859375,17.7720947265625,77.017822265625,7.193427336460445e-06
960,610.4989624023438,160.49594116210938,30.00103759765625,132.3515625,1.2370291187835392e-05
960,3.1487741470336914,211.4768829345703,23.3388671875,54.42802429199219,1.1804203495557886e-05
960,15.434439659118652,212.6584014892578,20.337913513183594,51.06843566894531,2.365059481235221e-05
960,592.266845703125,129.69097900390625,48.233154296875,234.20867919921875,1.0510189895285293e-05
960,626.719482421875,223.8538818359375,13.780517578125,51.89483642578125,1.351724904452567e-06
960,0.0,426.97991943359375,23.4515438079834,53.52008056640625,2.6568300199869554e-06
960,0.0,352.28411865234375,63.001129150390625,128.21588134765625,8.523627911927179e-06
990,573.0433959960938,106.35855102539062,32.0877685546875,76.87789916992188,2.0388990378705785e-05
990,563.8558349609375,114.65852355957031,43.8056640625,104.4014892578125,0.0001227327302331105
990,0.0,169.88540649414062,15.716649055480957,54.52459716796875,1.748812610458117e-05
990,0.0,146.71153259277344,22.367341995239258,99.14999389648438,2.7135779419040773e-06
990,618.86328125,147.1319580078125,21.63671875,99.59228515625,1.1009695299435407e-05
990,593.6712036132812,174.60775756835938,21.015869140625,51.689605712890625,4.030247964692535e-06
990,600.8916015625,176.25381469726562,22.984375,54.23260498046875,3.092824044870213e-05
990,609.138671875,176.03892517089844,23.2384033203125,54.55322265625,6.606133410969051e-06
990,627.4509887695312,178.65882873535156,13.04901123046875,51.79156494140625,2.6710988095146604e-05
990,593.7109985351562,101.06058502197266,46.78900146484375,236.9608154296875,8.406737492805405e-07
990,455.64373779296875,187.11386108398438,21.5389404296875,51.51214599609375,4.133363745495444e-06
990,618.47314453125,184.9071807861328,20.39599609375,50.91094970703125,6.034563557477668e-05
990,609.2444458007812,149.80038452148438,31.25555419921875,139.34640502929688,1.6215558389376383e-06
990,609.69677734375,249.84364318847656,23.06298828125,55.07218933105469,4.694857125286944e-06
990,617.06787109375,247.79063415527344,20.7041015625,51.09541320800781,1.792007424228359e-05
990,627.2349853515625,248.5362091064453,13.2650146484375,52.58625793457031,1.9806715499726124e-05
990,0.0,342.5496826171875,59.838565826416016,137.9503173828125,2.3217778561956948e-06
990,600.82568359375,361.7368469238281,39.67431640625,118.76315307617188,5.76521915718331e-06
1020,487.10015869140625,169.78269958496094,27.1197509765625,64.70541381835938,1.4896165794198168e-06
1020,391.861083984375,188.16371154785156,22.82623291015625,53.84222412109375,4.682944563683122e-06
1020,440.65948486328125,186.75765991210938,23.75323486328125,54.57659912109375,1.6335866348526906e-06
1020,495.9638671875,180.3324737548828,21.03424072265625,51.694610595703125,3.1387453418574296e-06
1020,151.66705322265625,191.13246154785156,23.675048828125,55.02001953125,4.520450602285564e-05
1020,481.12445068359375,181.59280395507812,23.66766357421875,56.75848388671875,1.8650501942829578e-06
1020,0.0,342.4042053222656,62.1121826171875,138.09579467773438,1.866374077508226e-06
1050,0.0,148.38189697265625,16.135555267333984,54.52386474609375,1.2614342267625034e-05
1050,216.5943603515625,165.7053985595703,21.1820068359375,51.4268798828125,1.045699082169449e-05
1050,567.6378173828125,166.06312561035156,22.8885498046875,54.460174560546875,5.0105816626455635e-05
1050,0.0,168.50926208496094,21.02064323425293,52.022735595703125,6.801089330110699e-05
1050,208.11988830566406,170.3394317626953,21.71734619140625,51.395416259765625,0.04874619469046593
1050,448.3172302246094,171.6849365234375,25.926513671875,60.562042236328125,4.184141289442778e-06
1050,455.900634765625,169.4173583984375,22.21148681640625,51.582122802734375,4.701348359503754e-07
1050,456.7162170410156,166.4765167236328,32.76641845703125,78.39767456054688,2.1069357899250463e-05
1050,560.2108764648438,171.0242462158203,22.40185546875,52.583892822265625,0.0015258510829880834
1050,575.88671875,168.49476623535156,22.3082275390625,51.635223388671875,1.1089813597209286e-05
1050,627.6935424804688,169.97219848632812,12.80645751953125,50.874359130859375,5.774099918198772e-06
1050,536.90478515625,175.73562622070312,21.5050048828125,51.111541748046875,0.000335263175657019
1050,544.4627685546875,173.97634887695312,22.9215087890625,54.73095703125,3.7949099350953475e-05
1050,553.0236206054688,156.77609252929688,35.6337890625,82.87283325195312,2.22370704250352e-06
1050,0.0,181.94046020507812,14.286386489868164,51.75885009765625,6.662912255706033e-06
1050,431.06170654296875,178.58169555664062,28.28045654296875,65.62615966796875,3.7937988963676617e-05
1050,440.7515563964844,178.72979736328125,26.64544677734375,63.86724853515625,8.285142939712387e-06
1050,554.5908203125,175.58013916015625,21.8165283203125,52.749176025390625,2.3410624635289423e-05
1050,443.30242919921875,168.77908325195312,36.48638916015625,88.95211791992188,0.011179141700267792
1050,532.0880126953125,178.996826171875,29.788330078125,70.57379150390625,6.033926638338016e-06
1050,429.1842346191406,167.76422119140625,38.17462158203125,100.67449951171875,3.2260879834211664e-07
1050,0.0,248.6319580078125,18.98174476623535,75.433837890625,1.228959172294708e-05
1050,0.0,275.56610107421875,14.595344543457031,53.465576171875,1.93823070731014e-05
1080,594.5601196289062,0.0,45.93988037109375,122.83148193359375,6.734371254424332e-06
1080,7.655316352844238,141.1926727294922,22.522438049316406,52.856842041015625,3.8911848605494015e-06
1080,0.0,147.42539978027344,15.739066123962402,58.25469970703125,3.962849405070301e-06
1080,0.0,134.73724365234375,23.221302032470703,104.29806518554688,6.475160262198187e-06
1080,209.71690368652344,164.02743530273438,21.142669677734375,50.570556640625,0.00033727867412380874
1080,128.7117156982422,171.2978515625,23.9290771484375,56.126190185546875,1.3760258298134431e-05
1080,203.7176971435547,169.8101806640625,21.730255126953125,51.216888427734375,0.0060722180642187595
1080,137.33746337890625,176.57591247558594,20.80413818359375,50.9298095703125,8.91682520887116e-06
1080,144.71591186523438,178.86697387695312,22.636962890625,52.418731689453125,2.6166901534452336e-06
1080,217.10130310058594,169.5796661376953,21.338836669921875,51.322998046875,2.2493128199130297e-05
1080,153.74876403808594,184.06094360351562,22.4383544921875,53.009033203125,5.838225547449838e-07
1080,161.26568603515625,184.5447998046875,21.64068603515625,51.69000244140625,5.8249447647540364e-06
1080,569.8870849609375,186.7741241455078,23.2498779296875,54.353240966796875,1.7646628975853673e-06
1080,579.1385498046875,186.2551727294922,22.6153564453125,51.4268798828125,2.9145412554498762e-05
1110,502.57867431640625,157.65357971191406,22.590087890625,53.88153076171875,3.679324800032191e-05
1110,527.2101440429688,165.01516723632812,25.97607421875,59.1864013671875,2.045003384409938e-06
1110,537.0570678710938,169.64169311523438,21.287109375,52.5911865234375,3.450130634519155e-06
1110,216.55838012695312,169.47596740722656,20.988494873046875,50.7515869140625,7.968544196046423e-06
1110,489.5196533203125,170.94873046875,26.6292724609375,62.854766845703125,5.4058185924077407e-05
1110,496.9565124511719,166.410888671875,26.856536865234375,63.55377197265625,0.0017318743048235774
1110,504.9981994628906,162.80421447753906,29.769195556640625,73.04373168945312,0.00012983013584744185
1110,517.5101928710938,167.3482208251953,26.740234375,62.16766357421875,3.964119514421327e-06
1110,627.591796875,177.564453125,12.908203125,51.915283203125,4.357020770839881e-06
1110,137.30075073242188,186.21194458007812,22.099700927734375,52.176116943359375,7.521292104684107e-07
1110,481.19110107421875,181.53591918945312,21.201416015625,50.531402587890625,1.2104600500606466e-05
1110,570.5755004882812,183.20382690429688,20.7672119140625,51.42205810546875,2.06186632567551e-05
1110,575.9135131835938,183.383056640625,23.509521484375,54.45660400390625,4.8272759158862755e-05
1110,130.74440002441406,191.10186767578125,21.12371826171875,51.019073486328125,9.262466846848838e-07
1110,465.7489318847656,191.62962341308594,22.5523681640625,54.155670166015625,9.247312959814735e-07
1110,472.31121826171875,188.30409240722656,23.58453369140625,56.81005859375,4.6423556341324e-06
1110,489.02874755859375,163.60630798339844,39.676513671875,92.00332641601562,1.2211691682750825e-05
1110,623.4353637695312,238.34005737304688,17.06463623046875,75.4114990234375,7.551142061856808e-06
1110,627.49072265625,263.4815979003906,13.00927734375,51.7451171875,1.227167285833275e-05
1170,200.260498046875,170.2110137939453,21.563751220703125,50.78253173828125,7.383053889498115e-05
1170,0.0,124.9718017578125,46.06609344482422,220.09402465820312,1.371314169773541e-06
1170,627.5451049804688,194.90965270996094,12.95489501953125,50.5924072265625,7.746498340566177e-06
1170,80.48011779785156,200.01708984375,22.814727783203125,56.79461669921875,5.064820470579434e-06
1170,610.3109741210938,203.15113830566406,21.5711669921875,51.81414794921875,1.5034603393360157e-06
1200,142.49072265625,162.41644287109375,21.96820068359375,53.465789794921875,1.701533437881153e-05
1200,121.60399627685547,174.92938232421875,21.31951141357422,51.495391845703125,7.779532461427152e-05
1200,136.03433227539062,167.39364624023438,21.982635498046875,51.214080810546875,0.0002858821244444698
1200,183.4336700439453,174.63055419921875,22.2479248046875,52.346588134765625,5.879785749129951e-05
1200,10.180915832519531,196.93556213378906,22.668392181396484,56.28570556640625,2.9601815185742453e-06
1200,129.1313018798828,173.7742462158203,22.337799072265625,53.46417236328125,4.889869160251692e-06
1200,2.8181095123291016,209.88699340820312,22.222623825073242,54.926910400390625,8.428296132478863e-05
1200,1.1469497680664062,191.58961486816406,35.9091911315918,80.02836608886719,8.205654467019485e-07
1200,0.0,121.51786804199219,84.83098602294922,302.6241455078125,6.660358394583454e-06
1200,0.0,211.25868225097656,15.867232322692871,59.81187438964844,1.1608382919803262e-05
1200,16.39434051513672,210.61875915527344,21.690940856933594,50.52702331542969,0.02301711216568947
1200,7.747875213623047,213.2252197265625,24.127090454101562,60.7696533203125,0.0004966469714418054
1200,9.429204940795898,205.8748779296875,33.43498992919922,80.49398803710938,5.357699137675809e-06
1200,20.853782653808594,215.19747924804688,25.376136779785156,59.6102294921875,6.515659151773434e-06
1200,0.0,216.6624755859375,28.196779251098633,74.73785400390625,5.825799689773703e-06
1230,495.59686279296875,167.9306640625,21.734619140625,52.915771484375,3.702104004332796e-05
1230,82.90032958984375,164.5066680908203,22.62579345703125,53.0294189453125,4.286078365112189e-06
1230,90.77904510498047,167.37911987304688,22.307907104492188,51.788238525390625,3.216845652787015e-05
1230,97.2198715209961,172.00807189941406,21.389022827148438,51.228485107421875,0.0003504171909298748
1230,105.16610717773438,169.65272521972656,22.231170654296875,53.38922119140625,5.590560249402188e-05
1230,117.95061492919922,167.91378784179688,22.945884704589844,54.330535888671875,1.864858131739311e-05
1230,485.06109619140625,170.32192993164062,22.22686767578125,54.199249267578125,1.8258713225804968e-06
1230,483.0193786621094,152.413818359375,36.059722900390625,79.34146118164062,1.8127925613953266e-06
1230,424.1217956542969,110.87281799316406,139.04971313476562,290.33563232421875,6.042190307198325e-06
1230,111.69757080078125,172.84068298339844,22.408111572265625,52.53973388671875,8.583555609220639e-05
1230,0.0,200.95021057128906,14.326330184936523,53.020355224609375,2.58520867646439e-06
1260,612.5508422851562,0.0,27.94915771484375,54.977622985839844,2.000574340854655e-06
1260,594.7589721679688,0.0,45.74102783203125,121.87911987304688,8.622136192570906e-06
1260,627.8306884765625,56.80290985107422,12.6693115234375,50.706329345703125,4.8380743464804254e-06
1260,623.4195556640625,56.577003479003906,17.0804443359375,77.34542083740234,2.965278554256656e-06
1260,482.4662780761719,152.544921875,21.91131591796875,50.864593505859375,0.0002921082195825875
1260,41.41399383544922,168.51773071289062,22.527359008789062,53.615020751953125,7.4071531344088726e-06
1260,41.987342834472656,158.85269165039062,32.77916717529297,78.82275390625,2.2342462671076646e-06
1260,54.998748779296875,171.8848419189453,25.251007080078125,58.801361083984375,0.0010022445349022746
1260,482.6850280761719,88.97911834716797,94.60385131835938,246.648193359375,9.727233191370033e-06
1260,49.84850311279297,177.91427612304688,21.919715881347656,52.205841064453125,0.030012108385562897
1260,64.67630767822266,176.39056396484375,21.558212280273438,51.1951904296875,0.00015126880316529423
1260,71.17434692382812,176.50657653808594,22.469284057617188,53.2857666015625,6.724809645675123e-05
1260,384.4717102050781,167.17245483398438,21.47613525390625,51.11456298828125,2.4604635200375924e-06
1260,442.91461181640625,170.1046600341797,21.1416015625,50.995849609375,2.123217382177245e-05
1260,487.36077880859375,164.25331115722656,22.11114501953125,51.5758056640625,5.247788067208603e-05
1260,530.05322265625,165.85276794433594,24.182373046875,57.593719482421875,0.8833103775978088
1260,468.79583740234375,135.38253784179688,127.498046875,272.564453125,5.220708317210665e-06
1260,539.3746948242188,165.878662109375,22.75341796875,55.08343505859375,0.06827142834663391
1260,216.06248474121094,171.25137329101562,23.81402587890625,56.67626953125,9.52142545429524e-06
1260,480.6100769042969,168.6706085205078,22.26873779296875,52.62896728515625,1.9967640128015773e-06
1260,522.921630859375,170.23326110839844,23.8277587890625,56.88287353515625,1.047767455020221e-05
1260,0.0,191.82522583007812,14.430322647094727,54.57073974609375,4.649857146432623e-06
1260,43.81255340576172,184.3106689453125,22.273849487304688,52.40863037109375,8.822452400636394e-06
1290,456.3148193359375,153.3032684326172,21.24896240234375,50.897491455078125,0.00010352297249482945
1290,588.545166015625,155.69068908691406,20.955810546875,51.2994384765625,6.7073360696667805e-06
1290,0.0,156.39540100097656,16.4325008392334,57.864593505859375,8.611265002400614e-06
1290,6.6918182373046875,165.36978149414062,22.14748764038086,52.61346435546875,4.792471372638829e-05
1290,434.9335021972656,162.21438598632812,20.9110107421875,50.83984375,1.6075044584340503e-07
1290,459.33013916015625,157.47186279296875,25.78887939453125,61.533416748046875,0.0001915991015266627
1290,579.8082275390625,163.6640625,22.38232421875,54.7474365234375,1.9552346202544868e-05
1290,591.5745239257812,158.3121337890625,26.560302734375,63.37646484375,0.9999092817306519
1290,602.33740234375,156.87411499023438,26.4573974609375,62.86651611328125,0.0001040270653902553
1290,614.5675659179688,153.70787048339844,25.93243408203125,71.83648681640625,1.3783621398033574e-05
1290,625.0997924804688,158.528076171875,15.40020751953125,59.437347412109375,9.264285836252384e-06
1290,377.77734375,167.041259765625,21.334228515625,50.553619384765625,7.921454198367428e-06
1290,443.5545959472656,163.4999237060547,22.09320068359375,50.635833740234375,2.6264733605785295e-06
1290,448.665283203125,156.1702423095703,26.7760009765625,64.11239624023438,0.9623219966888428
1290,580.4812622070312,138.44882202148438,44.107177734375,96.86581420898438,1.5771764765304397e-06
1290,536.8509521484375,141.84811401367188,103.6490478515625,268.47113037109375,1.9992260149592767e-06
1290,0.9592599868774414,172.15599060058594,24.085491180419922,57.226959228515625,0.054673925042152405
1290,12.389191627502441,173.98812866210938,24.83452606201172,58.509429931640625,7.537256806244841e-06
1290,175.6565704345703,176.86331176757812,23.22705078125,53.329498291015625,2.8823144475609297e-06
1290,453.1087646484375,149.81790161132812,35.77850341796875,88.63031005859375,7.386061952274758e-06
1290,0.0,180.18606567382812,16.652969360351562,55.281951904296875,8.646220521768555e-05
1290,0.0,159.53689575195312,32.80712127685547,84.88681030273438,2.42381684074644e-05
1290,437.32086181640625,160.13377380371094,33.656982421875,79.40536499023438,7.2738002927508205e-06
1290,450.656982421875,176.1898193359375,21.35931396484375,51.299468994140625,4.097429609828396e-06
1290,584.4035034179688,164.84539794921875,26.3956298828125,64.150390625,4.869635176873999e-06
1290,626.7842407226562,182.77444458007812,13.71575927734375,52.367034912109375,1.2466481393857975e-06
1290,0.0,129.2310333251953,43.59553146362305,217.34764099121094,5.717174644814804e-06
1290,6.620841979980469,184.9956817626953,22.960269927978516,55.080841064453125,6.210839637788013e-05
1290,1.1999197006225586,193.3455810546875,21.373371124267578,52.24468994140625,1.1320709745632485e-05
1290,0.0,199.73846435546875,16.34408187866211,60.358062744140625,6.341459993564058e-06
1320,398.7541198730469,151.36331176757812,21.14898681640625,50.81207275390625,6.969643891352462e-06
1320,522.58349609375,156.899658203125,24.2808837890625,56.8572998046875,5.885771315661259e-06
1320,105.45872497558594,169.8435516357422,22.563705444335938,51.943572998046875,4.991402875020867e-06
1320,528.1653442382812,167.75927734375,23.048095703125,53.96527099609375,0.0010366667993366718
1320,113.98756408691406,171.45237731933594,20.837493896484375,50.55902099609375,5.174619673198322e-06
1320,121.47203826904297,170.85879516601562,21.34905242919922,50.847320556640625,0.00021000640117563307
1320,129.23370361328125,171.459716796875,21.67059326171875,50.95855712890625,2.7703368687070906e-05
1320,132.19900512695312,165.8968963623047,28.559234619140625,66.70626831054688,3.1707787684354116e-07
1320,522.22998046875,176.1011199951172,21.561767578125,53.191375732421875,2.492186695235432e-06
1350,416.15179443359375,148.55343627929688,21.39324951171875,50.812286376953125,5.468055860546883e-06
1350,0.0,123.55309295654297,21.93067169189453,95.73572540283203,6.206901889527217e-05
1350,0.0,155.15206909179688,13.749911308288574,52.2342529296875,0.009928090497851372
1350,10.948071479797363,156.130126953125,22.037853240966797,53.752899169921875,0.001246314961463213
1350,23.18109130859375,159.3058319091797,22.146568298339844,52.91778564453125,3.5366840165806934e-05
1350,0.0,93.77330780029297,48.25566482543945,228.19281005859375,8.95587436389178e-06
1350,9.329389572143555,144.38858032226562,37.572021484375,84.82061767578125,4.4825685563409934e-07
1350,31.27695655822754,162.63018798828125,24.37226676940918,55.577850341796875,1.6202002370846458e-06
1350,16.34299087524414,163.11770629882812,23.328266143798828,55.36175537109375,0.00042702056816779077
1350,39.36133575439453,171.3293914794922,23.619049072265625,55.088836669921875,8.7813141362858e-06
1350,0.0,157.1361083984375,18.778945922851562,77.46975708007812,7.41073235985823e-05
1350,5.111374855041504,159.3530731201172,30.08328628540039,75.24017333984375,1.9294264347990975e-05
1350,19.637596130371094,165.0567626953125,30.231712341308594,71.70941162109375,3.7297324979590485e-06
1350,46.61651611328125,175.04637145996094,24.12493896484375,56.39166259765625,8.85704139363952e-07
1350,502.2799987792969,123.4374771118164,58.499908447265625,129.81329345703125,3.058349102502689e-05
1350,0.0,135.40789794921875,29.803133010864258,131.55288696289062,7.069103958201595e-06
1350,30.67435073852539,177.08074951171875,26.276344299316406,64.85791015625,4.951803930453025e-06
1350,15.142616271972656,167.69265747070312,40.21348571777344,102.8907470703125,6.510813818749739e-06
1350,33.328407287597656,184.87281799316406,33.47016906738281,78.38835144042969,5.317992872733157e-06
1380,589.5614013671875,40.19175720214844,50.9385986328125,246.22743225097656,1.0170831956202164e-05
1380,439.91778564453125,148.93377685546875,22.819091796875,55.690185546875,1.8782100596581586e-05
1380,554.0204467773438,146.7057647705078,23.59375,55.029296875,3.0043527203815756e-06
1380,448.2064208984375,157.9341583251953,21.28594970703125,51.032745361328125,1.5217894542729482e-05
1380,31.09401512145996,176.93865966796875,23.057992935180664,54.729400634765625,0.00017177368863485754
1380,39.66577911376953,176.6315155029297,21.362510681152344,51.0919189453125,9.207404218614101e-06
1380,0.0,184.32859802246094,14.180800437927246,51.215179443359375,2.356371442147065e-05
1380,8.787307739257812,182.7992401123047,23.110198974609375,54.29119873046875,2.612005300761666e-05
1380,16.96725082397461,182.62353515625,23.178821563720703,54.65972900390625,2.2903555873199366e-05
1380,627.6153564453125,184.89083862304688,12.8846435546875,50.526275634765625,1.7677975847618654e-06
1380,1.1378183364868164,189.52371215820312,21.27336883544922,50.65509033203125,2.233299528597854e-05
1380,23.879844665527344,181.5407257080078,25.953208923339844,61.17431640625,3.742831540876068e-05
1380,0.0,172.1870880126953,23.70529556274414,101.58082580566406,1.2325286888881237e-06
1380,2.884852409362793,186.19290161132812,31.199237823486328,75.11669921875,5.412599421106279e-06
1380,600.9547729492188,359.4326477050781,39.54522705078125,121.06735229492188,5.550066362047801e-06
1410,594.0038452148438,143.8167724609375,20.713623046875,51.0682373046875,3.838893462670967e-06
1410,457.4089660644531,153.85154724121094,21.01141357421875,50.6094970703125,3.4556228456494864e-06
1410,466.2370910644531,155.52537536621094,21.37115478515625,51.0704345703125,1.4149038179311901e-05
1410,478.69769287109375,151.53924560546875,21.2918701171875,51.523956298828125,1.1762575695684063e-06
1410,608.1239013671875,149.92527770996094,21.62353515625,51.36309814453125,7.29830026102718e-06
1410,627.4569702148438,162.53433227539062,13.04302978515625,50.67535400390625,2.629583832458593e-06
1410,31.527042388916016,171.38272094726562,23.929962158203125,57.98040771484375,1.9299528503324836e-05
1410,472.6801452636719,161.10792541503906,21.10693359375,50.751251220703125,2.4157030566129833e-05
1410,25.459739685058594,167.74185180664062,35.861572265625,83.29193115234375,3.4634720122994622e-06
1410,20.394657135009766,194.0087890625,42.233795166015625,106.48336791992188,2.2552987957169535e-06
1440,465.7514343261719,149.68502807617188,21.3974609375,52.25714111328125,1.6539182752239867e-06
1440,615.1710205078125,137.16122436523438,25.3289794921875,68.81646728515625,7.300513516383944e-06
1440,625.1732177734375,139.48275756835938,15.3267822265625,55.79803466796875,0.0004648746398743242
1440,472.5151062011719,153.94029235839844,21.21258544921875,51.175384521484375,6.371548124661786e-07
1440,567.8391723632812,40.921875,72.66082763671875,317.96636962890625,9.380375558976084e-06
1440,96.74551391601562,163.41018676757812,23.754074096679688,54.825347900390625,2.5644128527346766e-06
1440,68.08440399169922,166.4142303466797,38.7998046875,95.13914489746094,1.6578077293161186e-06
1440,50.76411437988281,160.1669921875,47.248687744140625,118.92828369140625,0.00015923679166007787
1440,30.91301727294922,130.41104125976562,80.76266479492188,197.44320678710938,1.065721107806894e-06
1470,510.933349609375,147.1905517578125,23.97119140625,57.9376220703125,4.705404535343405e-06
1470,497.5973205566406,153.31939697265625,24.111785888671875,56.93603515625,5.073322245152667e-05
1470,0.0,154.74404907226562,15.033378601074219,54.671600341796875,1.1837131751235574e-05
1470,491.3034362792969,159.47511291503906,21.460662841796875,51.88055419921875,7.492235909012379e-06
1470,505.37042236328125,158.8156280517578,21.9097900390625,52.15411376953125,0.001043039606884122
1470,601.9258422851562,363.23468017578125,38.57415771484375,117.26531982421875,5.1458555390127e-06
1500,0.0,147.68019104003906,13.488442420959473,53.342437744140625,4.160125172347762e-06
1500,0.0,164.3577117919922,14.90251636505127,59.35064697265625,5.361292551242514e-06
1500,1.4464197158813477,245.21815490722656,23.238155364990234,54.47117614746094,2.925683247667621e-06
1500,0.0,249.2967071533203,15.516852378845215,55.73161315917969,7.366154477495002e-06
1500,8.469582557678223,249.67601013183594,22.13974380493164,53.76548767089844,2.949112604255788e-05
1500,14.278327941894531,255.16244506835938,24.32056427001953,56.4110107421875,2.447066663080477e-06
1530,499.0252685546875,166.74468994140625,21.68701171875,50.863128662109375,2.1121464669704437e-05
1530,505.0743408203125,173.17930603027344,21.31396484375,51.037200927734375,9.939017218130175e-06
1530,521.94140625,172.47735595703125,21.3426513671875,51.151214599609375,1.1875582686116104e-06
1530,55.66638946533203,187.4878387451172,24.822296142578125,58.130584716796875,8.796996553428471e-06
1530,65.18467712402344,191.01858520507812,20.694976806640625,50.880401611328125,6.186685368447797e-06
1530,72.85787963867188,193.016357421875,20.746246337890625,50.537322998046875,1.924275238707196e-06
1530,81.57414245605469,192.35260009765625,21.0977783203125,51.466400146484375,2.5561492293491028e-05
1530,90.33534240722656,193.5042724609375,21.266189575195312,50.746673583984375,3.505563290673308e-05
1530,98.26593780517578,191.35238647460938,21.1702880859375,51.01678466796875,0.0004092023882549256
1530,49.55120849609375,196.87631225585938,21.112380981445312,50.585357666015625,2.7805469926533988e-06
1530,101.93348693847656,193.52166748046875,24.86712646484375,59.973358154296875,3.1259543902706355e-05
1530,0.0,349.20269775390625,58.661128997802734,131.29730224609375,8.951733434514608e-06
1560,513.9166259765625,164.89878845214844,22.3704833984375,53.385833740234375,1.00466550065903e-05
1560,519.9105834960938,173.4791259765625,22.0303955078125,52.29730224609375,1.991872522921767e-06
1560,0.0,167.6458740234375,23.913631439208984,106.22427368164062,3.4894812870334135e-06
1560,4.403569221496582,197.810546875,31.686107635498047,82.26431274414062,8.899410204321612e-06
1590,489.97772216796875,144.68023681640625,25.5390625,61.581298828125,0.00019544926180969924
1590,505.6518859863281,155.31777954101562,22.122344970703125,51.865234375,0.0018217448377981782
1590,389.97418212890625,145.5039520263672,27.07257080078125,63.734222412109375,5.058505848865025e-05
1590,498.8397216796875,158.5413818359375,21.6258544921875,51.765716552734375,0.01639326475560665
1590,490.41461181640625,141.46945190429688,37.12603759765625,82.70208740234375,2.9336916895772447e-07
1590,509.5364074707031,154.17044067382812,27.218353271484375,63.668182373046875,1.2089189112884924e-05
1590,529.4866943359375,162.45948791503906,23.294677734375,55.77178955078125,2.1631884010275826e-05
1590,519.5238037109375,163.05491638183594,22.3736572265625,53.477996826171875,7.73942083469592e-05
1590,537.5883178710938,174.1351318359375,22.4466552734375,52.89361572265625,2.2766515030525625e-05
1590,567.3828125,171.19168090820312,22.240966796875,51.492706298828125,4.8955703277897555e-06
1590,64.45926666259766,173.44239807128906,24.39056396484375,56.717498779296875,8.388845162698999e-05
1590,561.61083984375,175.90354919433594,22.5177001953125,53.896942138671875,2.4943790322140558e-06
1590,55.608612060546875,176.69351196289062,26.505325317382812,60.770721435546875,4.125330178794684e-06
1590,67.08594512939453,173.7914581298828,30.956634521484375,73.44119262695312,8.59584724821616e-06
1590,80.72006225585938,183.3575439453125,21.081146240234375,51.68817138671875,7.2685852501308545e-06
1590,544.89013671875,180.33758544921875,21.4521484375,51.206268310546875,9.091955689655151e-06
1590,0.0,202.70925903320312,13.265582084655762,51.783416748046875,3.4041970593534643e-06
1590,0.0,197.46910095214844,18.362377166748047,78.57539367675781,9.550754839438014e-06
1620,521.8215942382812,147.0666046142578,21.3568115234375,51.17547607421875,3.7803824852744583e-06
1620,529.0453491210938,147.62945556640625,22.892822265625,54.159088134765625,4.882936627836898e-05
1620,544.3790283203125,146.62942504882812,34.0372314453125,81.0146484375,2.041397056018468e-05
1620,523.3787231445312,158.5006866455078,22.8304443359375,55.725250244140625,5.495474033523351e-05
1620,535.2855224609375,157.0842742919922,22.17431640625,53.4053955078125,0.9359753727912903
1620,529.4682006835938,141.78440856933594,35.2696533203125,82.80438232421875,4.8148031055461615e-06
1620,543.4957275390625,154.705078125,24.979736328125,58.7711181640625,0.025421835482120514
1620,556.0596313476562,152.60458374023438,26.3126220703125,64.00396728515625,0.0005971284699626267
1620,565.9741821289062,161.0489501953125,24.3450927734375,58.01239013671875,1.0382158507127315e-05
1620,550.7893676757812,160.99220275878906,23.334716796875,56.61773681640625,0.032694656401872635
1620,1.0530080795288086,179.01499938964844,22.290283203125,53.311920166015625,1.8575257854536176e-05
1620,8.705046653747559,181.02645874023438,21.653385162353516,51.948486328125,6.433537055272609e-05
1620,0.0,186.51040649414062,14.744173049926758,53.52313232421875,6.367560672515538e-06
1620,33.25646209716797,192.96568298339844,20.985488891601562,50.532470703125,5.8477708080317825e-06
1620,0.0,185.49508666992188,20.603925704956055,78.38473510742188,1.0973239113809541e-05
1620,0.0,162.7944793701172,28.66857147216797,126.28816223144531,5.051338121120352e-06
1620,0.0,145.10101318359375,42.035526275634766,207.37661743164062,3.381295982762822e-06
1620,2.6773929595947266,180.8813018798828,31.794485092163086,78.88645935058594,4.6884735638741404e-05
1620,13.526102066040039,193.27618408203125,26.885923385620117,62.855987548828125,0.00011401480151107535
1620,22.943632125854492,194.46778869628906,24.78891944885254,58.575897216796875,2.156989648938179e-05
1650,471.86102294921875,144.22215270996094,21.2236328125,51.643280029296875,3.504749656713102e-06
1650,539.072265625,146.3603515625,23.4752197265625,54.9207763671875,6.861378642497584e-05
1650,552.3995361328125,147.48931884765625,22.125732421875,51.89453125,5.630715168081224e-05
1650,544.4721069335938,150.54307556152344,26.3311767578125,63.4033203125,0.030535031110048294
1650,534.7019653320312,132.23477172851562,45.0455322265625,103.53341674804688,2.116303505772521e-07
1650,558.0036010742188,155.15164184570312,24.8133544921875,60.002471923828125,0.48681923747062683
1650,566.9652099609375,156.3123779296875,22.850830078125,54.6397705078125,0.004626735113561153
1650,559.7274780273438,143.1003875732422,35.41064453125,83.737060546875,4.629529939847998e-06
1650,575.2169799804688,156.8865966796875,25.847412109375,61.492095947265625,0.002096518175676465
1650,576.7372436523438,144.9487762451172,35.48876953125,85.6943359375,1.0730664143920876e-05
1650,591.4124145507812,162.9597930908203,22.4700927734375,54.8516845703125,0.0005973373190499842
1650,597.642578125,163.20697021484375,24.7296142578125,57.782470703125,3.151290729874745e-05
1650,582.85205078125,165.56149291992188,25.239990234375,59.432037353515625,0.0010970158036798239
1650,537.111572265625,157.80291748046875,27.929931640625,65.85101318359375,1.0342894711357076e-05
1650,627.1751098632812,184.2073974609375,13.32489013671875,56.44073486328125,1.4517163435812108e-05
1680,593.28369140625,0.0,47.21630859375,122.06302642822266,1.573533154441975e-06
1680,436.1321105957031,152.39080810546875,23.5318603515625,54.734832763671875,9.295125346397981e-05
1680,546.7229614257812,148.0701904296875,20.7398681640625,50.569061279296875,1.8201155398855917e-05
1680,556.7650756835938,148.82330322265625,21.8643798828125,50.562347412109375,6.583871436305344e-05
1680,559.7794799804688,146.2388916015625,27.873291015625,67.29354858398438,0.044715117663145065
1680,544.1578979492188,144.41929626464844,29.9837646484375,70.73748779296875,8.65449237608118e-07
1680,552.8734741210938,134.3439483642578,45.090576171875,104.73126220703125,5.679751780007791e-07
1680,131.66285705566406,159.38467407226562,22.506103515625,54.697540283203125,5.636100013362011e-07
1680,418.89459228515625,164.56695556640625,22.1015625,52.2156982421875,0.0027330087032169104
1680,441.530517578125,163.46453857421875,21.22900390625,50.762664794921875,0.3376005291938782
1680,576.0008544921875,153.2603302001953,26.178466796875,62.494110107421875,0.9598057270050049
1680,588.9470825195312,153.8894805908203,25.277587890625,61.2752685546875,0.0019204617710784078
1680,597.2080688476562,157.1611785888672,24.7994384765625,60.4178466796875,0.0018357603112235665
1680,590.8193969726562,141.3857879638672,35.3603515625,85.56207275390625,2.491528448445024e-06
1680,134.8107452392578,161.69473266601562,28.170013427734375,66.56597900390625,6.023714377079159e-05
1680,144.2039031982422,164.70501708984375,22.6661376953125,50.60284423828125,6.9589505073963664e-06
1680,145.2802276611328,160.3045196533203,31.460906982421875,74.58560180664062,2.7314274120726623e-05
1680,434.461669921875,150.03173828125,34.8984375,78.13287353515625,1.2133772543165833e-05
1680,569.0552978515625,158.5942840576172,23.262451171875,54.487823486328125,0.0030836027581244707
1680,607.1207885742188,164.8744659423828,25.0662841796875,58.76873779296875,0.00022575724869966507
1680,616.496337890625,170.1867218017578,21.1456298828125,50.503265380859375,0.0005903636920265853
1680,626.2236938476562,169.28656005859375,14.27630615234375,51.79351806640625,2.9283597541507334e-05
1680,552.528564453125,157.1337127685547,27.8865966796875,66.5079345703125,3.178082579324837e-06
1680,562.7103881835938,167.2624969482422,21.4561767578125,51.10748291015625,7.674591870454606e-06
1680,125.75807189941406,173.3289794921875,29.037811279296875,67.29666137695312,3.413089143577963e-05
1680,127.53746032714844,155.6648712158203,40.2847900390625,95.787353515625,2.706173836486414e-05
1680,601.3443603515625,177.77015686035156,21.48974609375,51.209381103515625,5.9209237406321336e-06
1680,612.4572143554688,171.8504638671875,28.04278564453125,72.37008666992188,2.390380586803076e-06
1680,626.5149536132812,186.35238647460938,13.98504638671875,58.135345458984375,4.514156898949295e-06
1710,594.801513671875,0.0,45.698486328125,122.09252166748047,2.324870820302749e-06
1710,575.9057006835938,0.0,64.59429931640625,175.1925048828125,2.94879805551318e-06
1710,569.8748779296875,144.81231689453125,23.3695068359375,54.03515625,9.781076369108632e-05
1710,577.2139282226562,140.8221435546875,20.5435791015625,52.027374267578125,5.147224146639928e-05
1710,626.1929321289062,136.3570556640625,14.30706787109375,52.638214111328125,3.249014753237134e-06
1710,408.33843994140625,148.8968963623047,21.715576171875,51.384124755859375,9.596537893230561e-07
1710,582.0282592773438,144.03244018554688,27.3111572265625,64.4786376953125,0.0001022845390252769
1710,602.3179931640625,142.65475463867188,22.34619140625,53.126312255859375,0.00022633832122664899
1710,612.2904663085938,142.806640625,24.7923583984375,57.740478515625,0.000989812659099698
1710,554.3527221679688,153.67205810546875,24.351318359375,57.737823486328125,3.7208628782536834e-05
1710,562.76904296875,148.06771850585938,27.264404296875,65.71621704101562,0.0008668791851960123
1710,572.0764770507812,146.86587524414062,29.421630859375,69.9384765625,0.337409645318985
1710,578.3262939453125,121.94258117675781,45.671875,107.28237915039062,5.2539421631081495e-06
1710,537.9080810546875,117.40570068359375,102.5919189453125,279.81890869140625,5.5150853768282104e-06
1710,604.8796997070312,147.2857208251953,27.230224609375,64.18844604492188,0.055553097277879715
1710,622.6074829101562,146.472412109375,17.89251708984375,64.05245971679688,9.173799480777234e-05
1710,446.58343505859375,167.8372344970703,22.70513916015625,53.288848876953125,3.576822564355098e-05
1710,561.2929077148438,142.3857421875,43.3563232421875,97.8095703125,2.9598538731079316e-06
1710,588.4871215820312,150.81643676757812,27.996337890625,66.52001953125,0.9321813583374023
1710,593.8345336914062,140.27011108398438,33.978515625,81.9305419921875,0.0002674639690667391
1710,192.35317993164062,165.77285766601562,22.7269287109375,54.084442138671875,1.3012016097491141e-05
1710,616.0151977539062,163.072265625,22.039794921875,51.252166748046875,1.5607100067427382e-05
1710,571.15185546875,166.49586486816406,21.8983154296875,52.005828857421875,3.270839442848228e-06
1710,610.0112915039062,155.2607421875,30.48870849609375,78.80935668945312,0.00012486368359532207
1710,624.0072021484375,167.6953125,16.4927978515625,62.62139892578125,1.9032728232559748e-05
1710,591.2340698242188,103.46268463134766,49.26593017578125,219.42922973632812,2.5964309315895662e-05
1710,626.8779907226562,190.55435180664062,13.62200927734375,51.9781494140625,8.382964551856276e-06
1710,2.2689008712768555,198.8582000732422,21.366378784179688,50.925933837890625,0.00024795805802568793
1710,0.0,204.19705200195312,16.849960327148438,59.4146728515625,2.5055149308172986e-05
1710,0.0,180.2102508544922,23.067623138427734,99.14393615722656,4.343371983850375e-06
1710,5.297043800354004,203.1517791748047,24.806522369384766,59.38722229003906,7.109258876880631e-05
1740,595.2362670898438,0.0,45.26373291015625,122.24284362792969,1.6947277572398889e-06
1740,606.5281372070312,146.660888671875,24.0994873046875,57.743804931640625,0.0004684488521888852
1740,554.6492919921875,157.17330932617188,21.125244140625,50.527679443359375,9.47536761941592e-07
1740,561.726806640625,157.32443237304688,21.515625,52.08282470703125,4.363778316474054e-06
1740,570.1510009765625,156.607177734375,23.361328125,54.886260986328125,1.548580803500954e-05
1740,580.3216552734375,159.15286254882812,21.3427734375,50.624359130859375,6.316892540780827e-05
1740,584.0912475585938,158.56092834472656,25.5386962890625,61.335174560546875,0.18512625992298126
1740,592.1140747070312,155.73841857910156,25.7208251953125,62.48095703125,0.011852656491100788
1740,600.7239990234375,156.1522979736328,25.8099365234375,61.634246826171875,0.997919499874115
1740,545.6456298828125,105.40908813476562,94.8543701171875,281.0444641113281,7.726679541519843e-06
1740,592.7969360351562,133.90054321289062,45.9127197265625,109.54428100585938,1.7365142639391706e-06
1740,611.488037109375,154.80494689941406,25.3076171875,59.798980712890625,0.007341091986745596
1740,625.5118408203125,159.029541015625,14.9881591796875,53.302978515625,0.00010324319737264886
1740,617.2271118164062,136.7306365966797,23.27288818359375,89.04437255859375,7.84113672125386e-06
1740,200.74427795410156,171.7814178466797,21.28216552734375,51.244964599609375,2.530904112063581e-06
1740,608.8008422851562,167.39572143554688,21.168701171875,51.5245361328125,0.00011208019714104012
1740,585.2486572265625,151.04733276367188,36.9493408203125,87.08444213867188,1.9050879700444057e-06
1740,627.1426391601562,181.87408447265625,13.35736083984375,52.1107177734375,3.315662070235703e-06
1740,622.341796875,167.44537353515625,18.158203125,76.912841796875,3.997015937784454e-06
1740,67.44705200195312,191.35025024414062,32.20835876464844,77.25747680664062,6.465127171395579e-06
1740,0.0,347.04632568359375,59.51991271972656,133.45367431640625,2.157401013391791e-06
1770,595.0623779296875,0.0,45.4376220703125,123.10723876953125,3.460797643128899e-06
1770,601.6689453125,141.13124084472656,19.927734375,50.834075927734375,0.004603944253176451
1770,586.2598266601562,132.9351043701172,44.7052001953125,112.80892944335938,1.2985053217562381e-05
1770,616.7264404296875,144.14358520507812,21.4283447265625,51.6796875,2.117482654284686e-05
1770,594.3544311523438,143.48753356933594,22.938720703125,55.30975341796875,0.0004979486111551523
1770,606.0904541015625,145.60623168945312,26.3125,62.963775634765625,0.000881296640727669
1770,570.902587890625,153.80123901367188,22.18603515625,51.897918701171875,0.0003006662300322205
1770,574.1493530273438,144.0039825439453,29.184326171875,68.23040771484375,0.0002743942604865879
1770,586.3264770507812,147.98416137695312,27.5399169921875,66.4949951171875,0.001654472085647285
1770,593.4540405273438,145.09207153320312,32.0206298828125,77.24826049804688,0.8468326926231384
1770,623.7705688476562,152.21319580078125,16.72943115234375,54.772003173828125,0.0006933400873094797
1770,564.5713500976562,157.9076385498047,21.4840087890625,53.45074462890625,3.511742306727683e-06
1770,612.7273559570312,149.33963012695312,27.77264404296875,70.21432495117188,0.9529266953468323
1770,590.6005249023438,163.1776123046875,27.133056640625,67.51583862304688,2.223660430900054e-06
1770,607.293212890625,166.54901123046875,25.223388671875,62.263916015625,4.554380211629905e-06
1770,599.9545288085938,147.12484741210938,38.0906982421875,88.99758911132812,7.633091445313767e-05
1770,622.13671875,167.04298400878906,18.36328125,66.91937255859375,5.9815098211402074e-05
1770,592.7813720703125,111.20938110351562,47.7186279296875,223.21224975585938,2.8653221306740306e-06
1770,0.0,202.37001037597656,13.949155807495117,50.769683837890625,2.6944542241835734e-06
1770,76.07081604003906,187.24855041503906,31.47064208984375,75.56571960449219,2.5094823286053725e-06
1770,85.87723541259766,194.26683044433594,26.240402221679688,61.36932373046875,3.006949555128813e-06
1770,102.38548278808594,194.63031005859375,25.598831176757812,58.524139404296875,2.963118731713621e-06
1770,0.0,213.47232055664062,16.46633529663086,57.486602783203125,6.6406714722688776e-06
1770,0.0,185.4020233154297,23.251140594482422,101.78291320800781,3.536625854394515e-06
1800,594.5794677734375,0.0,45.9205322265625,122.13774108886719,1.7425778651158907e-06
1800,610.8560180664062,144.809326171875,22.468505859375,51.87689208984375,3.005169673997443e-05
1800,570.4481201171875,86.79965209960938,70.0518798828125,298.58880615234375,3.7620118291670224e-06
1800,621.7571411132812,146.0720672607422,18.74285888671875,61.629486083984375,0.0018664338858798146
1800,594.6605834960938,152.60098266601562,20.824951171875,51.391937255859375,4.1575863178877626e-06
1800,601.5084228515625,149.51315307617188,29.38330078125,69.48617553710938,0.0027330974116921425
1800,595.955322265625,134.05421447753906,44.544677734375,107.69473266601562,1.0252497304463759e-05
1800,611.5474243164062,149.79779052734375,28.95257568359375,78.04611206054688,0.2677059769630432
1800,622.830078125,166.03408813476562,17.669921875,61.15313720703125,0.004894394427537918
1800,592.5234985351562,109.604736328125,47.97650146484375,214.45101928710938,3.784252839977853e-05
1800,608.1142578125,173.57955932617188,27.571044921875,65.38961791992188,4.117048956686631e-05
1800,625.6200561523438,185.2672119140625,14.87994384765625,53.70428466796875,6.3144056184683e-05
1830,608.8034057617188,169.22239685058594,22.6820068359375,52.683807373046875,8.934547622629907e-06
1830,0.0,179.9749755859375,13.695876121520996,50.5560302734375,4.1414091356273275e-06
1830,0.0,190.71145629882812,16.09670639038086,58.13507080078125,9.774995305633638e-06
1830,0.0,165.78619384765625,22.045976638793945,100.74932861328125,2.0253248749213526e-06
