30,620.9741821289062,128.21426391601562,19.52581787109375,77.74188232421875,6.195642527018208e-06
30,626.1902465820312,144.723876953125,14.30975341796875,51.562347412109375,2.1446910977829248e-05
30,0.0,154.20919799804688,14.126087188720703,50.57708740234375,6.435133400373161e-06
30,572.3531494140625,96.61018371582031,68.1468505859375,216.9177703857422,9.923493962560315e-06
30,0.0,158.95733642578125,25.001487731933594,60.445587158203125,6.265242518566083e-06
30,8.108602523803711,161.33526611328125,21.459251403808594,51.56719970703125,4.311376414989354e-06
30,448.6099853515625,172.74392700195312,22.038330078125,53.67254638671875,8.384355169255286e-06
30,614.081787109375,156.6014862060547,25.3543701171875,59.64691162109375,0.0006611543358303607
30,0.0,171.46832275390625,12.99032974243164,51.1097412109375,2.610593583085574e-06
30,47.663002014160156,172.88430786132812,23.69145965576172,56.116058349609375,2.6468345822650008e-05
30,520.6664428710938,177.43858337402344,24.876708984375,59.510711669921875,0.00025540569913573563
30,624.2426147460938,162.78358459472656,16.25738525390625,56.8690185546875,9.28523950278759e-05
30,510.4366760253906,181.3099822998047,27.112640380859375,64.4998779296875,0.0008435331983491778
30,474.0770263671875,126.06324768066406,129.9783935546875,286.65655517578125,5.7931065384764224e-06
30,543.9360961914062,180.4844207763672,21.2760009765625,50.5384521484375,0.999725878238678
30,610.0000610351562,168.15245056152344,21.692138671875,50.57843017578125,0.0013566316338256001
30,603.8629760742188,152.21383666992188,34.736572265625,83.5283203125,0.0065469760447740555
30,500.17913818359375,189.27294921875,21.37835693359375,50.63336181640625,0.000247272226260975
30,504.2233581542969,188.80056762695312,25.540679931640625,61.5045166015625,0.09913329035043716
30,526.2210693359375,181.18118286132812,26.995849609375,65.16650390625,0.3345783054828644
30,513.3812866210938,155.4402618408203,47.4163818359375,109.27482604980469,1.3819534387948806e-06
30,536.7005615234375,166.33798217773438,35.3770751953125,81.94088745117188,0.00027618426247499883
30,593.33349609375,126.63248443603516,47.16650390625,122.54418182373047,0.0003347585443407297
30,0.0,189.59866333007812,14.502373695373535,53.83062744140625,2.4777735234238207e-05
30,177.06143188476562,187.78408813476562,21.398468017578125,51.668792724609375,1.4730859220435377e-05
30,536.1199340820312,181.48573303222656,25.1719970703125,59.960113525390625,0.12129343301057816
30,549.1148071289062,181.84527587890625,23.31787109375,54.798553466796875,0.00013094684982206672
30,581.3414916992188,142.5047607421875,46.8914794921875,114.32986450195312,3.1143342766881688e-06
30,625.6593017578125,188.97113037109375,14.8406982421875,53.997528076171875,1.7433059838367626e-05
30,619.3953857421875,170.5780487060547,21.1046142578125,82.36322021484375,5.2497402066364884e-05
30,522.1180419921875,197.45889282226562,21.8890380859375,53.521240234375,8.833155879983678e-05
60,487.6945495605469,174.54312133789062,22.00213623046875,54.236572265625,2.6885994884651154e-05
60,605.4105834960938,167.40121459960938,27.3841552734375,63.1824951171875,1.1483476555440575e-05
60,592.7198486328125,177.32968139648438,24.9912109375,59.676025390625,0.11309216171503067
60,626.3928833007812,173.3558349609375,14.10711669921875,53.363983154296875,6.235962700884556e-06
60,0.0,177.25686645507812,15.58849811553955,58.435394287109375,9.099615454033483e-06
60,407.7568054199219,73.29335021972656,153.06643676757812,313.18011474609375,3.0008104658918455e-06
60,0.47694873809814453,189.48309326171875,22.69504165649414,54.341796875,4.620259005605476e-06
60,8.086322784423828,191.56272888183594,21.713424682617188,52.895233154296875,3.2448035199195147e-05
60,580.08056640625,185.5504913330078,22.751953125,53.797027587890625,1.38720224640565e-06
60,599.9083251953125,187.87779235839844,21.731201171875,52.028411865234375,0.9729616641998291
60,591.8969116210938,168.93524169921875,36.1925048828125,82.01455688476562,5.548485569306649e-05
60,607.1869506835938,188.17678833007812,21.972900390625,52.780059814453125,0.01943111978471279
60,616.7098388671875,188.71844482421875,21.6121826171875,51.165374755859375,0.0019394009141251445
60,618.3172607421875,167.03369140625,22.1827392578125,88.86968994140625,2.893057171604596e-06
60,588.5140991210938,186.90945434570312,21.5513916015625,51.424835205078125,0.00011856525088660419
60,587.144775390625,150.90988159179688,51.1990966796875,120.71759033203125,3.893865141435526e-06
60,539.8497924804688,137.06756591796875,100.65020751953125,271.33966064453125,8.672555850353092e-06
60,625.3611450195312,191.3411102294922,15.13885498046875,54.079498291015625,0.00038501209928654134
60,0.0,198.02142333984375,15.140623092651367,53.986053466796875,1.4339035260491073e-05
60,593.9381713867188,196.16238403320312,21.15576171875,51.377593994140625,2.1461535197886406e-06
90,627.7535400390625,99.82464599609375,12.7464599609375,51.09877014160156,1.047216028382536e-05
90,627.2093505859375,122.69049072265625,13.2906494140625,52.950531005859375,5.684531970473472e-06
90,622.6378784179688,128.43861389160156,17.86212158203125,78.36721801757812,5.9617022998281755e-06
90,591.8239135742188,59.14197540283203,48.67608642578125,240.25238037109375,2.583493142083171e-06
90,613.2704467773438,102.80658721923828,27.22955322265625,130.92416381835938,3.3739645459718304e-06
90,616.2765502929688,154.40719604492188,24.22344970703125,59.176055908203125,1.0952976481348742e-05
90,552.5796508789062,173.217529296875,21.2716064453125,50.929107666015625,0.0003269262961111963
90,610.5582275390625,162.2847900390625,20.8314208984375,51.358245849609375,5.587841656051751e-07
90,626.8456420898438,164.92303466796875,13.65435791015625,50.706085205078125,0.00017942495469469577
90,545.2476806640625,174.65216064453125,23.0838623046875,54.96514892578125,0.9999852180480957
90,558.2943725585938,169.17999267578125,23.1805419921875,54.955474853515625,3.2996692880260525e-06
90,568.1880493164062,168.48745727539062,22.5316162109375,51.908905029296875,5.546907686948543e-06
90,0.0,180.49343872070312,14.899690628051758,58.688568115234375,6.462181318056537e-06
90,539.651123046875,162.37191772460938,33.4627685546875,77.10507202148438,2.7994601623504423e-05
90,483.6605529785156,131.4568328857422,126.14138793945312,275.469970703125,8.590602192271035e-06
90,624.8057861328125,171.92054748535156,15.6942138671875,71.5787353515625,7.468615876859985e-06
90,0.0,170.4700927734375,21.25432777404785,100.64321899414062,4.38801998825511e-06
90,113.34261322021484,186.4031982421875,21.07855987548828,50.582489013671875,7.921220458229072e-06
90,0.0,199.82925415039062,13.809277534484863,54.190093994140625,5.657054498442449e-05
120,40.749778747558594,177.1925048828125,23.60729217529297,55.57684326171875,1.1719170288415626e-05
120,0.0,184.7843475341797,15.155202865600586,55.7125244140625,7.318059488170547e-06
120,627.2900390625,190.40286254882812,13.2099609375,58.972198486328125,9.447132470086217e-06
150,9.098294258117676,175.0529022216797,22.606952667236328,53.52008056640625,0.006742530968040228
150,0.0,172.61082458496094,16.8507080078125,55.169647216796875,0.00011698872549459338
150,47.6905403137207,177.944091796875,21.640789031982422,52.02313232421875,5.998218057357008e-06
150,0.0,154.64907836914062,23.928783416748047,93.30014038085938,5.499785856954986e-06
150,0.0,112.3259048461914,46.79283905029297,226.76531982421875,2.406373141639051e-06
150,0.0,112.48403930664062,78.43388366699219,292.97882080078125,6.982602826610673e-06
150,55.75115203857422,182.18907165527344,21.279159545898438,51.25628662109375,3.5582336295192363e-06
150,297.07000732421875,181.5172882080078,21.30499267578125,51.592864990234375,2.167125785490498e-06
150,2.6803722381591797,179.41854858398438,21.57991600036621,51.719757080078125,0.0015360248507931828
150,38.57539749145508,175.17962646484375,26.870685577392578,64.58587646484375,8.613654244982172e-06
150,375.8708801269531,181.75904846191406,22.55157470703125,54.379486083984375,7.4897993727063295e-06
150,16.436756134033203,181.6756134033203,22.11899185180664,53.521728515625,0.0003793146170210093
150,25.253028869628906,185.41575622558594,21.66632843017578,52.277862548828125,6.823241710662842e-05
150,34.57844543457031,185.04904174804688,21.36077880859375,51.0899658203125,9.517238504486158e-05
150,627.6011962890625,211.3343505859375,12.8988037109375,50.644866943359375,5.012305791751714e-06
150,600.2567749023438,360.49664306640625,40.24322509765625,120.00335693359375,4.642342901206575e-06
180,67.03449249267578,176.91607666015625,21.748870849609375,50.6474609375,6.96946881362237e-05
180,0.0,151.14688110351562,21.56516456604004,100.95004272460938,4.204541255603544e-06
180,0.6717805862426758,180.74403381347656,23.681175231933594,55.660858154296875,5.204012632020749e-05
180,127.42483520507812,173.26678466796875,26.29461669921875,61.9093017578125,7.78301982791163e-05
180,424.7454528808594,178.36752319335938,22.59857177734375,53.0631103515625,2.2651202868928522e-07
180,7.810825347900391,187.08843994140625,22.22754669189453,52.93572998046875,2.6191062715952285e-05
180,0.0,190.13185119628906,15.573482513427734,56.261627197265625,2.344460335734766e-05
180,601.4248657226562,360.3558349609375,39.07513427734375,120.1441650390625,4.6673394535901025e-06
210,505.8254699707031,144.63145446777344,20.628875732421875,50.61309814453125,2.1714247850468382e-05
210,510.895263671875,141.14756774902344,24.1949462890625,56.50225830078125,3.406494579394348e-05
210,495.07171630859375,152.15904235839844,24.0528564453125,55.69903564453125,2.3481883545173332e-05
210,501.26397705078125,147.30206298828125,29.41455078125,70.59957885742188,2.477813268342288e-06
210,488.87188720703125,163.39151000976562,23.83148193359375,55.6085205078125,4.299325610190863e-06
210,7.445469856262207,187.15121459960938,21.605735778808594,51.88201904296875,4.976306081516668e-05
210,72.87516784667969,180.7281951904297,22.326080322265625,53.41839599609375,6.555853178724647e-05
210,87.072509765625,182.23428344726562,22.17266845703125,52.592376708984375,0.3849465250968933
210,66.58897399902344,185.24612426757812,21.41864013671875,50.604400634765625,0.0004977358039468527
210,0.0,191.9981689453125,15.485523223876953,53.49176025390625,5.763729404861806e-06
240,626.3231201171875,141.24725341796875,14.1768798828125,53.250152587890625,4.4114794945926405e-06
240,615.94775390625,157.8479461669922,21.53662109375,50.79608154296875,0.00018083298346027732
240,609.552978515625,163.00025939941406,22.3031005859375,53.117218017578125,0.00043967607780359685
240,622.54541015625,151.61830139160156,17.95458984375,73.29946899414062,1.275027261726791e-05
240,39.938026428222656,185.33248901367188,22.210365295410156,51.95269775390625,0.0019393805414438248
240,46.21196365356445,180.3231964111328,22.76645278930664,53.292724609375,5.76353158976417e-06
240,138.2478790283203,176.42730712890625,21.055816650390625,50.57818603515625,1.6236850797213265e-06
240,627.7886962890625,168.23471069335938,12.7113037109375,51.4910888671875,2.437525472487323e-05
240,594.69384765625,87.65541076660156,45.80615234375,236.47190856933594,2.442608774799737e-06
240,593.9384155273438,175.79745483398438,22.2110595703125,53.144775390625,1.2934439155287691e-06
240,602.77587890625,173.2073211669922,22.36669921875,53.47540283203125,1.9116718249279074e-05
240,612.8524780273438,165.1488494873047,27.64752197265625,69.46408081054688,8.984138730738778e-06
240,0.0,156.63099670410156,21.963720321655273,101.80204772949219,6.111542006692616e-06
240,464.1251220703125,186.47332763671875,21.54736328125,51.7579345703125,3.985799139627488e-06
240,0.0,186.3208770751953,16.25132179260254,60.222869873046875,1.4687037946714554e-05
240,457.6060791015625,189.3369140625,21.912109375,53.43743896484375,1.3091465007164516e-05
240,627.3349609375,191.32569885253906,13.1650390625,51.55950927734375,7.169011951191351e-06
270,401.1337585449219,168.72718811035156,21.7957763671875,50.957763671875,4.2873866732406896e-06
270,0.0,183.74136352539062,14.589118957519531,54.675750732421875,5.389687885326566e-06
270,537.8342895507812,191.38414001464844,21.27001953125,50.93707275390625,3.756186561076902e-05
270,545.3626708984375,190.94781494140625,21.381103515625,50.867919921875,6.939870218047872e-05
270,551.3990478515625,195.47642517089844,23.30322265625,53.916046142578125,3.607968892538338e-06
270,595.697998046875,144.6488037109375,44.802001953125,237.256103515625,5.8681339396571275e-06
270,612.0480346679688,186.352294921875,28.45196533203125,138.47726440429688,2.3300794055103324e-05
300,627.7745971679688,131.8867950439453,12.72540283203125,50.574249267578125,0.00010394515993539244
300,619.3245849609375,112.51114654541016,21.1754150390625,96.49861907958984,2.7530320494406624e-06
300,557.683837890625,154.53355407714844,27.8126220703125,65.0233154296875,1.3728013982472476e-05
300,565.6011352539062,150.69932556152344,27.359375,63.626434326171875,9.813849146667053e-07
300,414.7301940917969,160.2598114013672,21.478515625,52.190277099609375,7.185001891230058e-07
300,541.9769287109375,152.23025512695312,32.03173828125,78.10867309570312,0.00010191310866503045
300,547.6294555664062,146.6466827392578,39.0556640625,94.60409545898438,0.00022008089581504464
300,406.6930236816406,163.20584106445312,25.4058837890625,59.532501220703125,4.948702553519979e-06
300,399.4793701171875,171.78599548339844,24.17572021484375,56.492095947265625,2.3634422632312635e-06
300,552.3778076171875,167.6349639892578,27.423583984375,65.3775634765625,0.0005128337070345879
300,560.5579223632812,163.739501953125,32.0810546875,76.33013916015625,4.20055293943733e-05
300,534.8499755859375,163.3579559326172,31.5687255859375,76.463623046875,5.748151124862488e-06
300,561.1435546875,178.5200958251953,21.4591064453125,50.980133056640625,0.0003400731657166034
330,609.0604248046875,161.9514923095703,22.0516357421875,53.042022705078125,2.013259108935017e-05
330,615.3098754882812,159.07252502441406,23.9781494140625,57.192138671875,6.277341981331119e-06
330,627.5208740234375,161.9718780517578,12.9791259765625,52.205718994140625,1.9859260191879002e-06
330,0.0,176.80340576171875,13.381124496459961,50.852813720703125,2.126973640770302e-06
330,602.4527587890625,168.68446350097656,23.5067138671875,55.496368408203125,2.7658383260131814e-05
330,593.7188720703125,86.71786499023438,46.7811279296875,241.01260375976562,7.113113497325685e-06
330,604.955322265625,165.6144561767578,30.3333740234375,72.78140258789062,2.0058256268384866e-05
330,628.0529174804688,178.6839141845703,12.44708251953125,52.404052734375,1.9491392322379397e-06
330,425.2293395996094,186.9662628173828,22.01123046875,52.68145751953125,1.3376150491239969e-05
330,431.74615478515625,185.18643188476562,22.9669189453125,53.53411865234375,3.415781611693092e-05
330,440.0847473144531,184.39671325683594,23.44903564453125,55.348541259765625,7.068995728332084e-06
330,447.9300231933594,186.75567626953125,23.421875,54.631927490234375,5.340487405192107e-06
330,623.4581909179688,171.9314422607422,17.04180908203125,76.81793212890625,5.458047326101223e-06
330,0.0,192.27528381347656,15.00030517578125,56.160125732421875,3.852779627777636e-05
330,0.0,167.9091339111328,22.010311126708984,98.96311950683594,1.047233945428161e-05
330,627.189453125,201.48878479003906,13.310546875,50.7943115234375,1.0667562264643493e-06
330,600.2777709960938,358.601806640625,40.22222900390625,121.898193359375,6.203818884387147e-06
360,594.7068481445312,169.51699829101562,20.6229248046875,50.5013427734375,3.259812274336582e-06
360,9.979247093200684,186.35670471191406,21.18675994873047,51.532379150390625,1.0625219147186726e-05
360,2.0754928588867188,190.2119903564453,21.036619186401367,51.8516845703125,2.871168908313848e-05
360,0.0,193.6709747314453,15.36148738861084,53.68963623046875,2.537471846153494e-05
360,0.0,105.41560363769531,61.17918395996094,315.7757568359375,3.2688935789337847e-06
360,600.7494506835938,358.8056640625,39.75054931640625,121.6943359375,4.650025857699802e-06
390,1.4423608779907227,183.87710571289062,22.153675079345703,53.45574951171875,3.0127564514259575e-06
390,7.9769182205200195,189.8467559814453,20.880481719970703,50.596466064453125,1.0177468539041001e-05
390,0.0,192.48915100097656,15.538752555847168,52.297119140625,1.905893805087544e-05
390,627.4570922851562,190.5766143798828,13.04290771484375,54.72705078125,4.033539426018251e-06
390,600.8985595703125,362.29931640625,39.6014404296875,118.20068359375,7.221449777716771e-06
420,595.1044921875,0.0,45.3955078125,127.80890655517578,8.847983735904563e-06
420,609.5836791992188,147.19845581054688,22.8787841796875,54.081817626953125,2.7183698421140434e-06
420,440.5429382324219,172.57208251953125,21.19775390625,51.978759765625,1.563891260047967e-06
420,431.7704162597656,171.95071411132812,27.4327392578125,65.21636962890625,1.5479402009077603e-06
420,602.6840209960938,168.14553833007812,21.5379638671875,50.799652099609375,3.23816311720293e-05
420,609.3675537109375,166.04998779296875,21.8525390625,51.627899169921875,0.00030460022389888763
420,617.2282104492188,168.8101806640625,21.4132080078125,50.754608154296875,3.4585238608997315e-05
420,627.176025390625,171.6083984375,13.323974609375,50.7080078125,4.0516297303838655e-05
420,617.8628540039062,144.0757598876953,22.63714599609375,96.14935302734375,1.5376482451756601e-06
420,0.0,195.37930297851562,15.085521697998047,52.956329345703125,6.54025498079136e-05
450,624.8671264648438,130.07186889648438,15.63287353515625,64.1217041015625,4.6219952309911605e-06
450,516.4057006835938,154.03903198242188,22.0355224609375,51.421234130859375,1.4391903278010432e-05
450,621.1821899414062,138.63613891601562,19.31781005859375,82.78134155273438,1.663830698817037e-05
450,609.68017578125,111.04505920410156,30.81982421875,131.80792236328125,2.8918273528688587e-05
450,607.9923706054688,159.7629852294922,22.45458984375,53.333709716796875,7.129453933885088e-06
450,626.33203125,158.49972534179688,14.16796875,55.01416015625,1.2733308722090442e-05
450,479.30810546875,168.1381378173828,21.67620849609375,52.179718017578125,1.2871209037257358e-05
450,595.3963012695312,161.10015869140625,23.8385009765625,53.85162353515625,1.1988888218184002e-05
450,486.95086669921875,169.9261016845703,22.30328369140625,53.054901123046875,1.7225571582457633e-06
450,602.1665649414062,170.0610809326172,21.232177734375,50.821044921875,0.0006540860631503165
450,593.5841064453125,112.9776840209961,46.9158935546875,216.79803466796875,2.5501787604298443e-05
450,622.9126586914062,170.28076171875,17.58734130859375,69.39630126953125,0.00018639896006789058
450,616.3621826171875,152.94541931152344,24.1378173828125,101.25833129882812,0.00013737138942815363
450,458.17523193359375,179.73281860351562,22.50469970703125,53.3778076171875,2.8037638912792318e-06
450,471.84954833984375,175.74195861816406,23.42584228515625,54.72222900390625,0.0002254616847494617
450,594.9622192382812,176.63600158691406,22.0341796875,54.043853759765625,1.6114765912789153e-06
450,596.55224609375,159.13833618164062,35.70556640625,89.09457397460938,6.654377557424596e-06
450,607.4076538085938,172.09556579589844,28.5306396484375,66.43344116210938,0.00044539140071719885
450,466.3572998046875,183.3372344970703,21.47412109375,52.337615966796875,2.119380724252551e-06
450,606.30078125,149.62210083007812,34.19921875,144.90960693359375,8.69967698235996e-06
480,627.7522583007812,163.538330078125,12.74774169921875,50.81195068359375,5.828017037856625e-06
480,519.2207641601562,161.77813720703125,26.5284423828125,64.989990234375,8.264436473837122e-06
480,465.6913146972656,105.62715148925781,135.60568237304688,283.8817138671875,8.46593229653081e-06
480,537.0342407226562,166.31695556640625,21.264404296875,50.5777587890625,0.993191659450531
480,529.9298095703125,153.5933074951172,35.016845703125,81.75833129882812,5.0593316700542346e-06
480,549.4996948242188,163.35955810546875,22.204345703125,54.24139404296875,2.8253309665160486e-06
480,0.0,177.98777770996094,15.464828491210938,52.647552490234375,2.1528201614273712e-05
480,513.5867919921875,171.72109985351562,22.952392578125,55.58624267578125,0.00018466179608367383
480,530.4038696289062,169.75279235839844,22.8494873046875,56.95440673828125,0.0003373217477928847
480,540.84814453125,167.76332092285156,24.819091796875,60.623748779296875,3.3110736694652587e-06
480,599.8917236328125,359.0973205566406,40.6082763671875,121.40267944335938,1.6531267874597688e-06
510,1.314742088317871,165.546630859375,22.955398559570312,54.21148681640625,3.4730866900645196e-05
510,9.433212280273438,167.17120361328125,22.586692810058594,53.757293701171875,6.072832184145227e-05
510,0.0,174.5264892578125,14.718779563903809,54.47705078125,9.787139788386412e-06
510,577.5574951171875,179.9532012939453,23.5980224609375,55.784881591796875,1.0809401828737464e-05
510,610.5779418945312,409.1728820800781,29.92205810546875,71.32711791992188,3.652078930826974e-06
510,601.3186645507812,362.1003112792969,39.18133544921875,118.39968872070312,7.66011271480238e-06
540,594.7264404296875,12.933937072753906,45.7735595703125,239.71127319335938,4.939984592056135e-06
540,617.06298828125,75.13999938964844,23.43701171875,111.90750122070312,2.0405964278324973e-06
540,604.5164184570312,62.53601837158203,35.98358154296875,148.46316528320312,6.969674723222852e-05
540,623.1695556640625,148.18463134765625,17.3304443359375,60.53717041015625,4.9499867600388825e-06
540,617.4501953125,128.9342041015625,23.0498046875,96.07119750976562,0.00011602859740378335
540,33.696876525878906,178.8189697265625,21.116600036621094,50.785614013671875,1.7186141576530645e-06
540,439.1839599609375,166.12371826171875,26.3839111328125,62.801849365234375,1.492853357376589e-06
540,598.7811889648438,114.75769805908203,41.71881103515625,153.55014038085938,0.0015266750706359744
540,454.5804138183594,179.60806274414062,23.1011962890625,54.657562255859375,1.2592217899509706e-06
540,578.7979125976562,90.46489715576172,61.70208740234375,217.48980712890625,0.0007328360225073993
540,623.339599609375,167.18470764160156,17.160400390625,70.41162109375,4.697432359535014e-06
540,0.0,183.48672485351562,14.353919982910156,54.318878173828125,1.710441028990317e-05
540,446.205078125,182.94717407226562,26.60968017578125,61.664215087890625,9.138191671809182e-06
540,444.6142578125,165.67312622070312,37.00946044921875,88.08615112304688,3.704733217091416e-06
540,453.4271240234375,194.373291015625,25.462646484375,59.484527587890625,2.590735130070243e-05
540,556.0594482421875,41.471527099609375,84.4405517578125,317.03656005859375,2.2135213839646894e-06
540,612.6416625976562,157.21580505371094,27.85833740234375,119.05696105957031,1.9194132619304582e-05
540,601.3539428710938,359.2445068359375,39.14605712890625,121.2554931640625,6.169951575429877e-06
570,463.3499450683594,142.2627410888672,25.30718994140625,58.59991455078125,1.6807707652333193e-05
570,55.86719512939453,182.1510009765625,21.303634643554688,51.112060546875,1.5943278413033113e-05
570,536.364501953125,170.53695678710938,21.9110107421875,52.4537353515625,0.018184859305620193
570,549.1103515625,169.46424865722656,23.0323486328125,53.901092529296875,2.5674262360553257e-05
570,0.0,176.28147888183594,15.393548965454102,55.1058349609375,1.0966052286676131e-05
570,516.9036254882812,174.7730255126953,22.5533447265625,51.87530517578125,6.9842876655457076e-06
570,522.3093872070312,170.24208068847656,26.59423828125,63.512847900390625,0.9999139308929443
570,476.9997863769531,115.70914459228516,92.54251098632812,238.11831665039062,1.4305995136965066e-05
570,458.1554260253906,155.06317138671875,127.29385375976562,277.2841796875,5.6655089792911895e-06
570,542.1390991210938,171.7539520263672,24.0823974609375,57.994659423828125,0.003058966714888811
570,528.4498291015625,173.19874572753906,29.5281982421875,71.07455444335938,0.00042655537254177034
570,538.5119018554688,174.1829833984375,33.1483154296875,79.26382446289062,9.576393495080993e-05
570,510.9020690917969,180.55670166015625,29.602569580078125,72.460205078125,2.2657434328721138e-06
570,516.1117553710938,165.66818237304688,37.03515625,90.96484375,0.001839759643189609
570,523.0953369140625,167.99465942382812,45.8458251953125,107.45925903320312,8.492338565702084e-07
570,625.8023681640625,232.53839111328125,14.6976318359375,63.47979736328125,2.312042397534242e-06
570,616.8081665039062,208.21307373046875,23.69183349609375,105.60052490234375,8.458950105705298e-06
570,590.686279296875,171.44862365722656,49.813720703125,234.39646911621094,2.2902615455677733e-05
600,532.5585327148438,85.19134521484375,32.42822265625,77.97712707519531,4.430400440469384e-05
600,608.25048828125,129.06211853027344,32.24951171875,104.56954956054688,1.0797471077239607e-05
600,625.3717651367188,146.45941162109375,15.12823486328125,53.8560791015625,3.6056710541743087e-06
600,591.2044067382812,98.73734283447266,49.29559326171875,214.330322265625,4.492962034419179e-05
600,622.9804077148438,161.43113708496094,17.51959228515625,63.312957763671875,8.980213897302747e-05
600,409.91650390625,175.14564514160156,21.7535400390625,51.13397216796875,5.368051006371388e-06
600,611.0977172851562,166.38148498535156,24.9764404296875,61.162811279296875,1.3390980711847078e-05
600,422.0126647949219,179.53219604492188,22.81072998046875,53.403900146484375,0.00023813016014173627
600,599.4337158203125,157.6895751953125,34.6505126953125,82.53994750976562,1.0711259164963849e-05
600,574.7523193359375,148.53726196289062,65.7476806640625,265.4713134765625,8.5332321759779e-06
600,616.1181030273438,156.93051147460938,24.38189697265625,94.88662719726562,0.843109130859375
600,0.0,182.50457763671875,15.366573333740234,55.156097412109375,1.3503666195902042e-05
600,405.4531555175781,185.7650909423828,21.36309814453125,51.23291015625,1.17256204248406e-05
600,414.8489074707031,183.0261993408203,24.27630615234375,57.900299072265625,0.18570467829704285
600,361.0765075683594,141.95175170898438,126.4644775390625,275.36395263671875,2.346828296140302e-06
600,428.9126892089844,183.06759643554688,24.34991455078125,57.78472900390625,1.9835750208585523e-05
600,437.19610595703125,182.7117156982422,24.12109375,57.531402587890625,1.096822643376072e-06
600,408.7584533691406,192.26763916015625,24.192138671875,59.019683837890625,1.994212198042078e-06
600,409.6644287109375,173.2904815673828,34.6727294921875,84.22511291503906,1.3292259609443136e-05
600,420.3400573730469,188.5648193359375,28.08697509765625,65.26223754882812,6.873548272778862e-07
600,622.7876586914062,182.37139892578125,17.71234130859375,77.93295288085938,7.614726200699806e-05
600,605.1265869140625,149.1736297607422,35.3734130859375,138.7976837158203,0.0002569846692495048
600,624.0247192382812,209.3408660888672,16.47528076171875,69.95329284667969,1.0209361789748073e-05
600,600.1864624023438,360.38043212890625,40.31353759765625,120.11956787109375,5.714683538826648e-06
630,625.4456176757812,150.91787719726562,15.05438232421875,55.3507080078125,1.5138222124733147e-06
630,602.4910278320312,117.95001220703125,38.00897216796875,139.66531372070312,5.678951492882334e-05
630,590.9522094726562,90.72757720947266,49.54779052734375,225.57351684570312,0.0004609891620930284
630,609.9501953125,164.9120330810547,20.9180908203125,51.887908935546875,2.1457810817082645e-06
630,560.8482666015625,69.97163391113281,79.6517333984375,289.22283935546875,1.7927361568581546e-06
630,615.3931884765625,145.8128662109375,25.1068115234375,105.0382080078125,5.2822510042460635e-05
630,624.1859741210938,167.5120086669922,16.31402587890625,66.63690185546875,0.0002558961568865925
630,457.0165710449219,178.2610321044922,22.17120361328125,52.902557373046875,8.453382633888396e-07
630,0.0,184.20140075683594,15.36996078491211,52.384613037109375,2.126286062775762e-06
630,600.3062744140625,360.0249328613281,40.1937255859375,120.47506713867188,7.267074124683859e-06
660,626.283203125,148.46292114257812,14.216796875,61.097747802734375,6.006065632391255e-06
660,376.5074768066406,180.22933959960938,20.9588623046875,50.55517578125,7.330695098062279e-06
660,520.66064453125,176.3837127685547,23.2359619140625,55.274993896484375,8.482490557071287e-06
660,534.9520874023438,175.06094360351562,22.4444580078125,53.453033447265625,3.8062917155912146e-06
660,392.6578063964844,184.3456268310547,22.14495849609375,53.701934814453125,2.4171697532437975e-06
660,513.9337768554688,177.48623657226562,22.1229248046875,52.248138427734375,8.9102795755025e-06
660,385.443603515625,184.75877380371094,21.71893310546875,52.56512451171875,4.625522706191987e-06
660,399.34503173828125,184.42071533203125,22.956787109375,55.872283935546875,5.321110074874014e-05
660,407.1566467285156,183.49330139160156,21.50799560546875,52.046722412109375,1.58339923927997e-06
660,528.9470825195312,178.68167114257812,21.40185546875,51.950286865234375,3.0155215426930226e-06
660,600.843505859375,359.968994140625,39.656494140625,120.531005859375,5.7988777371065225e-06
690,587.099365234375,157.6090545654297,20.8779296875,50.9139404296875,4.1057745647776756e-07
690,626.8988647460938,155.20175170898438,13.60113525390625,51.55548095703125,3.973771526943892e-06
690,599.5654907226562,159.8738250732422,23.7093505859375,55.720184326171875,5.796289042336866e-05
690,395.14215087890625,168.62193298339844,25.59161376953125,58.597198486328125,4.2660078179324046e-05
690,590.2402954101562,158.03518676757812,29.291259765625,70.460205078125,1.5606134411427774e-06
690,608.1600341796875,166.85916137695312,23.63037109375,53.982452392578125,3.814085857811733e-06
690,616.7501220703125,169.96160888671875,20.940185546875,51.404083251953125,6.352851869451115e-06
690,385.35662841796875,172.38661193847656,25.00823974609375,59.445037841796875,0.06462061405181885
690,627.6458129882812,176.80978393554688,12.85418701171875,51.3480224609375,6.788017344661057e-06
690,380.5053405761719,178.2030487060547,21.82110595703125,51.6094970703125,0.001253162627108395
690,610.6008911132812,407.3785400390625,29.89910888671875,73.1214599609375,6.1346199800027534e-06
690,601.0311889648438,360.157958984375,39.46881103515625,120.342041015625,5.073638476460474e-06
720,377.93316650390625,171.85739135742188,22.3857421875,54.032806396484375,8.974229422165081e-05
720,430.5191650390625,172.97393798828125,23.43719482421875,54.77984619140625,1.0421669685456436e-05
720,0.0,177.0591583251953,15.665308952331543,56.372772216796875,5.996610980218975e-06
720,418.01434326171875,177.48654174804688,21.24835205078125,50.777313232421875,1.8981976609211415e-05
720,423.39581298828125,178.4178924560547,24.154052734375,56.639678955078125,2.4589091481175274e-05
720,383.84814453125,184.35940551757812,21.312255859375,51.463165283203125,0.00022290952620096505
720,627.6405639648438,194.21836853027344,12.85943603515625,51.248199462890625,2.893647661039722e-06
720,627.7969970703125,211.9678955078125,12.7030029296875,50.895416259765625,2.212806066381745e-06
750,597.6885986328125,0.0,42.8114013671875,124.0268783569336,3.5458522233966505e-06
750,558.189453125,0.0,82.310546875,299.50347900390625,1.953776882146485e-05
750,587.189453125,72.44306945800781,53.310546875,242.7012176513672,1.2982144653506111e-05
750,0.0,185.79373168945312,13.41244888305664,52.83380126953125,3.437168925302103e-05
750,528.1878662109375,188.0583953857422,23.447265625,55.73382568359375,9.368969813294825e-07
750,592.8479614257812,152.1656951904297,47.65203857421875,228.8087921142578,8.944334695115685e-06
750,609.3712768554688,191.49765014648438,31.12872314453125,135.85150146484375,6.38992833046359e-06
750,621.9146118164062,242.03436279296875,18.58538818359375,80.826171875,4.718007858173223e-06
750,627.5829467773438,273.4337463378906,12.91705322265625,52.281005859375,6.074081738915993e-06
780,626.88720703125,136.63265991210938,13.61279296875,52.3267822265625,8.787010301603004e-06
780,611.265869140625,145.52511596679688,23.5916748046875,55.5609130859375,5.519636488315882e-06
780,611.43701171875,106.00511169433594,29.06298828125,128.35220336914062,5.251843049336458e-06
780,625.438232421875,152.79049682617188,15.061767578125,52.34429931640625,0.0010027000680565834
780,572.2841796875,72.35154724121094,68.2158203125,315.04486083984375,5.715740826417459e-06
780,616.5078125,158.01202392578125,23.9921875,59.8306884765625,0.054069798439741135
780,601.639892578125,163.42257690429688,26.849853515625,64.08737182617188,1.2928340765938628e-05
780,417.2882385253906,175.0959014892578,26.716552734375,62.815185546875,6.609416686842451e-06
780,427.4007263183594,179.49908447265625,22.00732421875,51.221832275390625,4.1605981095926836e-05
780,425.1357727050781,172.96360778808594,30.6063232421875,73.20956420898438,0.0001663073489908129
780,438.9351501464844,174.32455444335938,25.11322021484375,59.755889892578125,6.705059604428243e-06
780,431.9832458496094,167.69937133789062,35.75250244140625,86.45294189453125,0.07089289277791977
780,452.2542419433594,174.3158721923828,27.19488525390625,62.462127685546875,4.4910934775543865e-06
780,611.685302734375,171.599365234375,21.6900634765625,50.785308837890625,0.00015086487110238522
780,0.0,183.46360778808594,15.240819931030273,56.9490966796875,5.507622063305462e-06
780,610.679443359375,159.7484893798828,29.820556640625,93.27972412109375,0.00019713275833055377
780,622.4716186523438,171.00653076171875,18.02838134765625,67.878662109375,0.00014386643306352198
780,442.7350158691406,178.4126739501953,30.19366455078125,68.61373901367188,6.514478172903182e-06
780,439.7654113769531,159.13580322265625,40.994140625,101.21353149414062,0.00018758964142762125
780,455.5705871582031,168.48423767089844,34.76409912109375,83.84176635742188,1.7572972865309566e-05
780,591.6030883789062,120.25359344482422,48.89691162109375,220.21939086914062,1.1262914995313622e-05
780,434.9959716796875,190.4258270263672,22.21258544921875,53.180328369140625,4.348188213043613e-06
780,399.75140380859375,137.19175720214844,82.22637939453125,194.79237365722656,1.2084533409506548e-05
780,442.4288024902344,197.71124267578125,20.65069580078125,51.962554931640625,9.345340004074387e-07
780,423.4819641113281,157.30259704589844,50.494873046875,124.83482360839844,1.6416342987213284e-06
780,600.2997436523438,359.88818359375,40.20025634765625,120.61181640625,3.8648977351840585e-06
810,618.2353515625,111.5638656616211,22.2646484375,106.24414825439453,2.0638021851482335e-06
810,1.4158086776733398,168.94383239746094,21.279354095458984,50.66522216796875,2.4995722924359143e-05
810,5.662225723266602,170.4380645751953,25.423320770263672,59.119384765625,1.9473445718176663e-05
810,607.2335205078125,128.0155029296875,33.2664794921875,142.766845703125,5.470939868246205e-05
810,591.4373779296875,95.93467712402344,49.0626220703125,237.7831573486328,2.995055547216907e-05
810,0.0,184.07424926757812,15.942842483520508,52.16815185546875,1.6657613741699606e-05
810,0.9387378692626953,181.48831176757812,25.122154235839844,59.41461181640625,0.000583107874263078
810,12.094538688659668,183.00778198242188,24.65478515625,58.738250732421875,6.66593768983148e-06
810,409.2156982421875,183.1211395263672,22.51507568359375,53.282684326171875,4.659338628698606e-06
810,0.0,172.97335815429688,33.33750915527344,92.44168090820312,4.0142742363968864e-05
810,0.0,193.63092041015625,20.01820182800293,80.09750366210938,6.497582944575697e-06
810,0.0,141.99038696289062,48.001991271972656,221.66632080078125,2.2332110347633716e-06
810,609.8532104492188,185.63047790527344,30.64678955078125,138.47901916503906,1.9511346636136295e-06
840,415.0594177246094,180.407958984375,23.50518798828125,55.220001220703125,6.638556442339905e-06
840,160.15541076660156,176.48472595214844,20.8880615234375,51.423828125,2.8357122573652305e-05
840,423.1591796875,184.0784454345703,24.87152099609375,58.511444091796875,8.980935490399133e-06
840,432.28839111328125,186.7662353515625,21.12384033203125,50.970489501953125,1.7967037138078013e-06
840,615.801513671875,178.56109619140625,24.698486328125,112.54855346679688,4.885114321950823e-06
840,610.0853271484375,219.18246459960938,22.162841796875,52.546173095703125,1.4215202099876478e-05
840,625.4329833984375,218.91519165039062,15.0670166015625,55.2525634765625,0.00010613020276650786
840,578.6321411132812,144.08155822753906,61.86785888671875,303.22198486328125,2.6360456104157493e-05
840,602.6436157226562,225.0259552001953,21.9166259765625,53.25517272949219,6.838842091383412e-05
840,585.9229125976562,226.2191925048828,21.52783203125,52.53752136230469,2.6109317332156934e-05
840,590.8602905273438,223.64793395996094,28.865478515625,67.56501770019531,1.7608097550692037e-05
840,619.095703125,221.65936279296875,21.404296875,82.94476318359375,0.0004891253192909062
840,587.2828979492188,210.60391235351562,49.6539306640625,117.01959228515625,1.2627943760890048e-05
840,597.4744873046875,225.218505859375,33.5738525390625,78.02734375,7.234438817249611e-05
840,609.0980834960938,230.8739776611328,26.78466796875,65.61036682128906,0.0002693073183763772
840,607.7135620117188,217.39608764648438,32.78643798828125,118.02044677734375,0.1191864013671875
840,626.09912109375,243.104248046875,14.40087890625,53.97076416015625,2.4642473363201134e-05
840,597.1450805664062,190.5576171875,43.35491943359375,194.20635986328125,0.0009085580823011696
840,627.388427734375,266.76373291015625,13.111572265625,52.6309814453125,2.6605066523188725e-06
840,621.0432739257812,248.42791748046875,19.45672607421875,84.80938720703125,5.880470052943565e-05
840,599.5159912109375,361.6171875,40.9840087890625,118.8828125,5.323503501131199e-06
870,416.43145751953125,184.04885864257812,23.88421630859375,57.154998779296875,7.76000706537161e-06
870,424.2328186035156,181.81849670410156,21.3472900390625,51.0574951171875,5.24105098520522e-06
870,430.76300048828125,181.4206085205078,23.4947509765625,56.711517333984375,3.3688784242258407e-06
870,465.50146484375,190.60362243652344,20.80303955078125,50.941314697265625,2.4589880922576413e-06
870,591.299560546875,152.27423095703125,49.200439453125,247.60498046875,1.2859025446232408e-05
870,0.0,251.52944946289062,15.03347396850586,51.33221435546875,1.3690726518689189e-05
870,626.8990478515625,255.51812744140625,13.6009521484375,52.48785400390625,5.0459939302527346e-06
870,1.1777114868164062,254.44131469726562,24.15793228149414,58.6959228515625,1.0135111551790033e-05
870,9.220937728881836,253.24725341796875,21.66333770751953,50.51092529296875,4.346560672274791e-05
870,14.403877258300781,252.7616729736328,24.378639221191406,58.42713928222656,2.2140991859487258e-05
870,611.3524780273438,211.27874755859375,29.14752197265625,134.1683349609375,8.056839760683943e-06
870,625.9785766601562,268.6509704589844,14.52142333984375,64.58648681640625,6.217807822395116e-05
870,618.628662109375,253.86990356445312,21.871337890625,97.77789306640625,2.1314173864084296e-05
900,143.42428588867188,162.0515899658203,21.494903564453125,52.646942138671875,2.6355589852755656e-06
900,585.7350463867188,172.8433074951172,22.77294921875,52.72052001953125,8.006066991583793e-07
900,441.428955078125,176.59701538085938,21.8558349609375,51.27337646484375,5.881629931536736e-06
900,627.1904296875,175.69454956054688,13.3095703125,52.9613037109375,1.9797234926954843e-05
900,607.859130859375,160.89321899414062,32.640869140625,149.51226806640625,1.723597597447224e-05
900,591.0517578125,137.110595703125,49.4482421875,238.21954345703125,1.140498170570936e-05
930,0.0,141.102783203125,16.410934448242188,55.728759765625,1.205729404318845e-06
930,626.5474243164062,146.82200622558594,13.95257568359375,60.7353515625,1.6274649169645272e-05
930,0.0,159.08285522460938,22.282489776611328,54.32781982421875,5.165398397366516e-05
930,617.9027709960938,160.93048095703125,22.59722900390625,58.940765380859375,2.763531301752664e-05
930,627.087646484375,170.733642578125,13.412353515625,50.91259765625,9.993508137995377e-05
930,613.9222412109375,121.85588073730469,26.5777587890625,130.2418212890625,8.554319720133208e-06
930,391.8902893066406,178.695556640625,23.2000732421875,54.48980712890625,1.5019347301858943e-05
930,400.8965148925781,179.67189025878906,20.81884765625,50.690643310546875,1.1110646482848097e-05
930,627.6058349609375,188.5000457763672,12.8941650390625,58.92572021484375,2.9066054594295565e-06
960,625.4344482421875,63.84656524658203,15.0655517578125,53.60276794433594,5.16084992341348e-06
960,619.0960693359375,59.38620376586914,21.4039306640625,87.51734924316406,1.7583128283149563e-05
960,605.1116333007812,33.20520782470703,35.38836669921875,147.38827514648438,8.364178938791156e-05
960,586.7686767578125,3.6780853271484375,53.7313232421875,235.48245239257812,0.0002262936468468979
960,551.8646850585938,0.0,88.63531494140625,332.42083740234375,1.4968607047194382e-06
960,401.0894470214844,183.7673797607422,22.7310791015625,54.6575927734375,5.437753770820564e-06
960,600.3865356445312,362.1390380859375,40.11346435546875,118.3609619140625,5.758038241765462e-06
990,113.3739013671875,178.98992919921875,21.573760986328125,52.179168701171875,3.83810993298539e-06
990,0.0,184.52024841308594,16.250648498535156,55.928466796875,2.3449601940228604e-06
990,105.25018310546875,185.54139709472656,22.041702270507812,53.524688720703125,9.025667964124295e-07
1020,627.2823486328125,146.2332763671875,13.2176513671875,50.8116455078125,5.783931555924937e-06
1020,458.4687194824219,187.0167999267578,21.02752685546875,50.9200439453125,7.3943642746598925e-06
1020,465.147216796875,187.15817260742188,21.20025634765625,51.843231201171875,2.6545785658527166e-06
1020,473.2861328125,186.6958770751953,21.5408935546875,53.25823974609375,2.237828766737948e-06
1020,480.609375,186.0268096923828,22.66644287109375,53.692413330078125,1.7563252185937017e-06
1020,0.9126815795898438,195.353759765625,22.147300720214844,52.200286865234375,8.651531970826909e-06
1020,623.4468383789062,222.48077392578125,17.05316162109375,80.07000732421875,4.279065706214169e-06
1020,592.299560546875,170.52618408203125,48.200439453125,243.9378662109375,1.0174295312026516e-05
1020,600.5408935546875,363.8555603027344,39.9591064453125,116.64443969726562,9.234014214598574e-06
1050,626.4521484375,158.78550720214844,14.0478515625,56.6793212890625,7.480669864889933e-06
1050,534.6934814453125,176.7434844970703,24.52783203125,56.465728759765625,4.466096288524568e-05
1050,627.7080078125,177.495361328125,12.7919921875,51.266998291015625,3.1830661555432016e-06
1050,529.0665893554688,180.78924560546875,21.068359375,51.16644287109375,1.2513874935393687e-05
1050,0.0,193.89169311523438,14.73810863494873,51.812713623046875,9.99728035822045e-06
1050,536.7136840820312,166.19009399414062,57.062744140625,130.294189453125,3.7063305171614047e-06
1050,618.9243774414062,239.38377380371094,21.57562255859375,102.44319152832031,4.234746029396774e-06
1050,626.4120483398438,270.7005310058594,14.08795166015625,61.70794677734375,5.0379358071950264e-06
1050,0.0,412.58026123046875,33.236778259277344,67.91973876953125,5.942584266449558e-06
1050,0.0,344.6273193359375,62.169921875,135.8726806640625,8.780233656580094e-06
1080,595.5540771484375,0.0,44.9459228515625,120.37612915039062,2.2055942281440366e-06
1080,56.67601013183594,189.5092010498047,21.08782958984375,51.033538818359375,0.0001188425812870264
1080,554.1314086914062,143.45314025878906,86.36859130859375,320.396240234375,8.357930710189976e-06
1080,602.3292236328125,235.5914764404297,38.1707763671875,153.6785430908203,1.208089179272065e-05
1080,591.4579467773438,207.60865783691406,49.04205322265625,242.1166229248047,3.466772614046931e-05
1080,0.0,413.7521667480469,33.47593688964844,66.74783325195312,5.146802777744597e-06
1080,0.0,342.3826904296875,63.920719146728516,138.1173095703125,1.1384076060494408e-05
1110,512.2657470703125,164.5754852294922,22.5579833984375,53.464141845703125,7.739371540083084e-06
1110,627.0805053710938,167.84765625,13.41949462890625,56.43621826171875,4.108346274733776e-06
1110,13.048340797424316,183.05026245117188,29.90363311767578,73.18023681640625,1.8581475842438522e-06
1110,537.259033203125,176.9815216064453,22.1436767578125,53.460479736328125,3.0451717520918464e-06
1110,545.0250244140625,176.0572052001953,22.13916015625,52.221710205078125,4.605582944350317e-06
1110,10.02523136138916,193.1959228515625,23.784130096435547,56.1739501953125,1.320150386163732e-05
1110,0.0,193.2882080078125,15.48456859588623,55.83251953125,3.3857197649922455e-06
1110,17.24533462524414,201.25970458984375,21.44487762451172,51.079193115234375,0.0026960440445691347
1110,24.232513427734375,199.9373016357422,21.047317504882812,50.862548828125,0.0006649718270637095
1110,0.0,114.88529968261719,89.89047241210938,297.16357421875,1.7556302509547095e-06
1110,32.839454650878906,200.7901153564453,21.34851837158203,51.5035400390625,8.62082015373744e-06
1140,611.2724609375,0.0,29.2275390625,65.97248840332031,3.5741841202252544e-06
1140,595.1762084960938,0.0,45.32379150390625,121.8820571899414,2.113913797074929e-05
1140,575.787841796875,0.0,64.712158203125,175.19395446777344,1.8938729908768437e-06
1140,628.32763671875,4.715904235839844,12.17236328125,52.37908172607422,9.581682206771802e-06
1140,626.1387939453125,21.0826358795166,14.3612060546875,61.785430908203125,2.6307100142730633e-06
1140,621.7582397460938,5.501453399658203,18.74176025390625,97.03630065917969,1.291550688620191e-06
1140,0.0,171.55691528320312,16.099885940551758,60.01385498046875,1.957628228410613e-06
1140,351.7003173828125,174.05984497070312,22.56732177734375,52.8399658203125,4.21661979999044e-06
1140,627.7561645507812,169.9537811279297,12.74383544921875,52.146087646484375,1.3970137842989061e-05
1140,2.8408384323120117,186.54965209960938,21.146995544433594,50.698974609375,8.98261132533662e-05
1140,88.70794677734375,187.01893615722656,21.409164428710938,51.87225341796875,1.1615275070653297e-06
1140,623.1000366210938,170.15206909179688,17.39996337890625,76.35955810546875,1.3492402104020584e-05
1140,4.262917518615723,182.381103515625,28.35418701171875,68.30322265625,4.334372533776332e-06
1140,0.0,193.5045166015625,15.68408203125,52.15118408203125,0.00012515192793216556
1140,0.0,169.17327880859375,23.557987213134766,92.81594848632812,4.763003744301386e-06
1140,0.0,112.92208862304688,55.74299621582031,305.9866943359375,7.669067599636037e-06
1140,610.40380859375,149.78453063964844,30.09619140625,129.7873077392578,9.277591743739322e-06
1140,622.9793701171875,195.62765502929688,17.5206298828125,78.99514770507812,2.075987367788912e-06
1170,17.258583068847656,179.46603393554688,22.702598571777344,53.144073486328125,1.392610738548683e-05
1170,626.85498046875,172.2777099609375,13.64501953125,50.965362548828125,0.0005867461441084743
1170,0.0,176.90309143066406,25.11978530883789,68.58639526367188,3.88139642382157e-06
1170,9.150918960571289,182.29164123535156,21.89482879638672,52.828582763671875,1.6780224541435018e-05
1170,609.000732421875,177.5760955810547,23.0811767578125,52.608184814453125,5.4480115068145096e-05
1170,617.578125,176.47401428222656,21.780517578125,51.864013671875,9.647722617955878e-05
1170,590.0181884765625,96.48666381835938,50.4818115234375,243.22476196289062,5.5191626415762585e-06
1170,619.9168701171875,158.37767028808594,20.5831298828125,93.23983764648438,6.805777957197279e-06
1170,0.0,187.92251586914062,15.186927795410156,56.25421142578125,5.8527431974653155e-05
1170,238.82177734375,190.5328369140625,22.39605712890625,54.17401123046875,1.1698774642354692e-06
1170,23.582122802734375,190.37306213378906,22.702255249023438,54.279998779296875,0.00010838618618436158
1170,233.03842163085938,198.6295623779297,22.6409912109375,53.426422119140625,3.783231932175113e-06
1200,626.3712768554688,161.77890014648438,14.12872314453125,56.0284423828125,3.40651095029898e-05
1200,0.0,180.5470428466797,16.291534423828125,57.854583740234375,2.002051223826129e-05
1200,627.9822998046875,179.640869140625,12.5177001953125,57.86383056640625,3.518046924000373e-06
1200,0.0,128.81784057617188,49.77992630004883,223.2205810546875,2.9823088425473543e-06
1200,40.83174133300781,193.17791748046875,21.80530548095703,52.98175048828125,1.5827024981263094e-05
1200,48.48303985595703,193.732177734375,21.49732208251953,51.0977783203125,2.085404958052095e-06
1200,0.0,202.88194274902344,14.938414573669434,51.150604248046875,8.431431342614815e-05
1200,33.78729248046875,198.12208557128906,22.102561950683594,52.388580322265625,6.9037291723361704e-06
1200,0.0,197.41261291503906,20.162837982177734,76.61192321777344,9.910725566442125e-06
1200,0.0,164.92938232421875,29.440921783447266,132.28244018554688,5.432166290120222e-06
1200,8.1049222946167,207.87742614746094,21.08306884765625,50.78788757324219,2.75309503194876e-06
1230,489.4257507324219,168.5989990234375,22.930908203125,55.458953857421875,3.6353060295368778e-06
1230,627.6626586914062,162.63015747070312,12.83734130859375,51.21527099609375,4.8896263251663186e-06
1230,496.50823974609375,175.7379608154297,22.097900390625,51.800323486328125,4.315061232773587e-05
1230,6.938316345214844,230.22750854492188,26.970436096191406,63.42333984375,3.593172777982545e-06
1230,0.0,224.0082244873047,23.666414260864258,103.52955627441406,3.3524784157634713e-06
1230,11.253849029541016,234.2561492919922,33.09218215942383,80.66215515136719,3.249512883485295e-05
1260,585.7874145507812,169.33892822265625,26.3314208984375,62.191497802734375,1.4090716149439686e-06
1260,627.0348510742188,177.47332763671875,13.46514892578125,55.740386962890625,4.064508630108321e-06
1260,0.0,162.01754760742188,21.852352142333984,97.98867797851562,1.3013750503887422e-06
1260,16.87596321105957,188.88653564453125,22.120412826538086,52.60455322265625,2.9025277399341576e-06
1260,591.30908203125,183.88002014160156,23.6990966796875,55.99407958984375,6.787282472942024e-05
1260,599.2385864257812,183.11927795410156,20.9991455078125,50.886444091796875,1.7201948594447458e-06
1260,0.0,190.76885986328125,14.980911254882812,56.343719482421875,8.461280231131241e-05
1260,8.819518089294434,192.0947723388672,22.232887268066406,54.10198974609375,9.106282050197478e-06
1260,24.68620491027832,194.9430389404297,22.143766403198242,52.795257568359375,5.208459242567187e-06
1260,32.23675537109375,202.45733642578125,22.8636474609375,54.007537841796875,1.4040069800103083e-05
1260,40.35760498046875,200.93228149414062,20.954788208007812,50.6214599609375,1.5050942465677508e-06
1260,586.3740234375,192.10250854492188,21.5650634765625,52.83245849609375,4.901026841253042e-06
1260,600.9185791015625,359.6792907714844,39.5814208984375,120.82070922851562,5.250671165413223e-06
1290,7.2245283126831055,179.95883178710938,22.63427734375,54.123046875,0.00047240633284673095
1290,25.524734497070312,179.6746826171875,23.520423889160156,55.990509033203125,1.1130340681120288e-05
1290,0.0,183.48110961914062,14.994255065917969,56.81109619140625,2.2715548766427673e-05
1290,14.721138954162598,182.56521606445312,23.025707244873047,54.5911865234375,1.96726068679709e-05
1290,1.7858257293701172,187.33522033691406,23.47119903564453,54.797821044921875,2.4618677343823947e-05
1290,32.49750518798828,185.61392211914062,22.710533142089844,54.46966552734375,3.577973302526516e-06
1290,135.51715087890625,189.99462890625,23.128021240234375,55.049346923828125,1.0459553777764086e-05
1290,409.9222717285156,197.80703735351562,22.03564453125,53.331085205078125,2.563857606219244e-06
1290,416.48468017578125,205.52151489257812,23.05279541015625,53.998779296875,2.0670246158260852e-05
1320,0.0,175.97750854492188,18.000085830688477,62.512359619140625,0.011680935509502888
1320,0.0,137.32974243164062,40.12396240234375,223.69296264648438,1.0040429515356664e-05
1320,7.754513740539551,182.78639221191406,21.69879913330078,51.436065673828125,0.00011520483531057835
1320,14.97679328918457,184.736328125,23.435361862182617,53.610748291015625,1.0297916560375597e-05
1320,0.0,154.63137817382812,26.638084411621094,111.80206298828125,3.866689439746551e-05
1320,416.0484924316406,203.17628479003906,21.4351806640625,52.05224609375,3.1555498480884125e-06
1320,0.0,197.1377410888672,16.281105041503906,62.34016418457031,4.616092155629303e-06
1350,0.0,124.69633483886719,16.983800888061523,59.128021240234375,5.378094556363067e-06
1350,82.75090026855469,187.41754150390625,21.586471557617188,50.955841064453125,4.0349436858377885e-06
1350,423.9100646972656,198.58152770996094,22.217529296875,52.728668212890625,1.4960514818085358e-06
1350,417.4435119628906,203.02227783203125,21.59027099609375,51.35845947265625,4.619950232154224e-06
1380,33.10261535644531,179.9443359375,22.694862365722656,56.49737548828125,4.220444679958746e-05
1380,41.48186111450195,177.79542541503906,22.6990966796875,55.8516845703125,1.632367457204964e-05
1380,23.69269371032715,185.1589813232422,27.231225967407227,65.14031982421875,4.87544821226038e-06
1380,0.0,100.90644836425781,119.56122589111328,302.22125244140625,6.075953024264891e-06
1380,53.80766296386719,186.46884155273438,20.915496826171875,50.625091552734375,0.0008771172142587602
1380,280.96331787109375,181.80633544921875,22.61578369140625,53.12457275390625,4.756022917717928e-06
1380,0.0,190.56454467773438,15.452850341796875,57.333984375,8.344558409589808e-06
1380,19.724620819091797,194.10353088378906,20.664352416992188,50.8590087890625,7.375064114967245e-07
1380,425.9178161621094,190.51373291015625,21.31573486328125,51.271942138671875,2.413843276372063e-06
1380,432.5181884765625,190.67318725585938,22.21649169921875,53.348907470703125,5.011866051063407e-06
1380,439.2563781738281,190.55320739746094,23.17205810546875,55.341766357421875,3.2518355510546826e-06
1380,617.2907104492188,187.56463623046875,23.20928955078125,108.44207763671875,3.470458295851131e-06
1380,566.49169921875,197.7977752685547,42.2200927734375,107.02207946777344,5.4041815928940196e-06
1380,579.0906372070312,201.4498291015625,43.3453369140625,109.52935791015625,2.377186501689721e-05
1380,522.34326171875,231.3111114501953,34.854736328125,86.54582214355469,0.024161769077181816
1380,532.3008422851562,239.43084716796875,26.7645263671875,62.7947998046875,2.8459391614887863e-05
1380,528.2061767578125,248.68142700195312,22.2247314453125,52.5826416015625,4.764573532156646e-05
1380,489.15447998046875,217.04147338867188,87.056640625,204.01031494140625,1.9775214241235517e-05
1380,540.416259765625,238.315185546875,28.125,70.4412841796875,6.582782134501031e-06
1380,529.4890747070312,222.41094970703125,41.4984130859375,103.1982421875,6.768624643882504e-06
1380,606.3815307617188,191.99227905273438,34.11846923828125,146.07659912109375,3.1090585252968594e-05
1380,512.726806640625,240.324951171875,34.656494140625,81.84014892578125,1.0152757567993831e-05
1380,590.9303588867188,183.6396484375,49.56964111328125,241.8807373046875,0.00010588971781544387
1380,504.786865234375,223.8763427734375,54.053955078125,125.77252197265625,0.006134800147265196
1380,609.8197631835938,243.2979278564453,30.68023681640625,137.16783142089844,4.485315002966672e-06
1380,616.1387329101562,289.9954833984375,24.36126708984375,106.36212158203125,2.060802898995462e-06
1380,0.0,341.236083984375,64.05186462402344,139.263916015625,6.205635600053938e-06
1380,600.7691040039062,362.1747741699219,39.73089599609375,118.32522583007812,2.892384145525284e-06
1410,0.0,163.60205078125,16.480825424194336,60.106475830078125,4.982015525456518e-06
1410,112.69959259033203,181.9570770263672,21.64305877685547,50.98565673828125,0.04058735445141792
1410,105.1002426147461,163.3132781982422,36.44068145751953,80.23251342773438,6.983402727200883e-07
1410,0.0,187.4320068359375,17.23171615600586,53.408203125,0.0002650808892212808
1410,0.0,161.85903930664062,23.49285125732422,92.90228271484375,8.971124771051109e-06
1410,0.0,115.17401885986328,46.16409683227539,225.38656616210938,4.339058250479866e-06
1410,6.618523597717285,186.0078887939453,21.03653335571289,50.917144775390625,2.3485823476221412e-05
1410,0.0,204.42230224609375,14.896825790405273,52.9095458984375,1.303912176808808e-05
1440,600.79443359375,54.46165466308594,21.0445556640625,50.8831787109375,2.105188468704e-05
1440,596.6937866210938,47.930294036865234,31.55322265625,72.70205688476562,1.0878960893023759e-05
1440,607.9885864257812,51.4866828918457,21.3875732421875,51.903072357177734,2.1121524696354754e-05
1440,627.4517822265625,51.535682678222656,13.0482177734375,52.613372802734375,2.1792768620798597e-06
1440,592.8693237304688,0.0,47.63067626953125,225.98805236816406,2.7732116905099247e-06
1440,144.35011291503906,175.85191345214844,23.131988525390625,54.592376708984375,7.680551061639562e-05
1440,151.5574188232422,172.19508361816406,22.993377685546875,54.01873779296875,1.0463368198543321e-06
1440,7.934597015380859,175.93875122070312,22.32799530029297,54.50555419921875,0.00019430022803135216
1440,74.80307006835938,167.570556640625,34.02275085449219,74.57305908203125,1.0972214113280643e-05
1440,602.0712890625,183.11752319335938,20.927001953125,50.99481201171875,1.1954944056924433e-06
1440,0.0,185.66748046875,14.714032173156738,51.52545166015625,5.057455382484477e-06
1440,1.312570571899414,182.20530700683594,24.38445472717285,56.632049560546875,1.5339413948822767e-05
1440,14.195755958557129,181.99801635742188,23.836097717285156,56.037994384765625,1.6418036466347985e-05
1440,80.79753112792969,175.757568359375,22.757781982421875,54.303985595703125,0.08862800896167755
1440,595.0901489257812,188.78114318847656,20.8896484375,50.83935546875,1.579494323777908e-06
1440,608.9329833984375,186.69532775878906,21.5435791015625,50.80059814453125,1.2339621207502205e-05
1440,67.54988098144531,182.83815002441406,22.340057373046875,54.002655029296875,1.413744939782191e-06
1440,74.4419174194336,181.1374053955078,21.670745849609375,51.48907470703125,0.0006142474012449384
1440,87.57968139648438,181.57440185546875,22.070480346679688,51.19512939453125,0.0007099896902218461
1440,627.2535400390625,190.7277069091797,13.2464599609375,56.63848876953125,2.853149680959177e-06
1470,596.743408203125,0.0,43.756591796875,124.07852935791016,5.011235316487728e-06
1470,40.509517669677734,175.10569763183594,23.180191040039062,55.071868896484375,7.705853931838647e-05
1470,0.0,176.26608276367188,13.86601448059082,51.1439208984375,6.607897375943139e-06
1470,546.4926147460938,175.41307067871094,21.1656494140625,50.63134765625,5.868436346645467e-06
1470,24.908653259277344,179.34080505371094,23.56829833984375,55.542388916015625,2.8707377168757375e-06
1470,47.94477081298828,177.52508544921875,24.283958435058594,58.217132568359375,0.020392943173646927
1470,55.901466369628906,174.82359313964844,22.905517578125,54.1162109375,0.018269101157784462
1470,34.38078308105469,180.91998291015625,22.27513885498047,52.4295654296875,0.00014805304817855358
1470,37.47310256958008,169.25732421875,33.527767181396484,78.94064331054688,2.4400849270023173e-06
1470,0.0,195.5497283935547,16.12000846862793,52.53778076171875,0.0011146977776661515
1470,0.0,170.56390380859375,21.66309356689453,89.51275634765625,2.6473320758668706e-05
1470,50.04332733154297,165.7910919189453,33.521026611328125,78.49334716796875,4.145894308749121e-06
1470,62.542686462402344,183.82144165039062,21.773300170898438,50.896026611328125,1.4149200978863519e-05
1470,627.7019653320312,202.6150665283203,12.79803466796875,50.847137451171875,3.591339918784797e-06
1470,0.0,212.01174926757812,14.235027313232422,53.09112548828125,3.7929894460830837e-06
1500,249.91793823242188,164.1295166015625,21.3525390625,50.80108642578125,1.6835523638292216e-05
1500,626.031005859375,167.27484130859375,14.468994140625,52.35968017578125,5.1373481255723163e-05
1500,617.7498168945312,178.0931854248047,21.472900390625,51.03155517578125,0.0031484775245189667
1500,264.0555419921875,175.6886444091797,21.6636962890625,52.325653076171875,1.7363271354042809e-06
1500,479.1319580078125,177.91940307617188,22.451904296875,52.519927978515625,8.217242429964244e-05
1500,587.4010620117188,107.44670104980469,53.09893798828125,235.46522521972656,3.8133584894239902e-06
1500,0.0,182.52525329589844,15.94119644165039,55.89404296875,1.2350723409326747e-05
1500,6.808689117431641,186.44271850585938,22.566085815429688,54.439300537109375,5.790919658466009e-06
1500,112.88873291015625,182.985595703125,21.26641845703125,51.306915283203125,1.4657514839200303e-05
1500,612.1846923828125,185.91726684570312,22.8995361328125,54.035491943359375,3.763784434340778e-06
1500,626.7232666015625,188.82644653320312,13.7767333984375,50.668212890625,0.00016847481310833246
1500,616.8257446289062,161.7118682861328,23.67425537109375,95.22721862792969,1.7665723817117396e-06
1500,600.5525512695312,362.12725830078125,39.94744873046875,118.37274169921875,4.107213953830069e-06
1530,242.0256805419922,160.00196838378906,21.988937377929688,52.473602294921875,4.2228334677929524e-06
1530,249.65188598632812,160.75332641601562,21.534912109375,51.566436767578125,9.139290341408923e-06
1530,257.0923156738281,162.13641357421875,21.6221923828125,51.50653076171875,5.2647297707153484e-05
1530,263.77655029296875,168.74240112304688,21.35308837890625,50.7296142578125,1.2230687389092054e-05
1530,529.5608520507812,168.2509002685547,20.9967041015625,50.668701171875,1.0052041034214199e-05
1530,534.7725830078125,169.1795654296875,23.5203857421875,54.82275390625,2.3922825675981585e-06
1530,616.6480712890625,180.3004150390625,21.2479248046875,51.19415283203125,3.573369394871406e-05
1530,622.7462158203125,169.1913299560547,17.7537841796875,73.73931884765625,3.880315944115864e-06
1530,627.63623046875,184.48052978515625,12.86376953125,51.030242919921875,1.1144255040562712e-05
1560,595.0252685546875,0.0,45.4747314453125,126.67020416259766,1.6641216689095018e-06
1560,224.87351989746094,152.58071899414062,21.706878662109375,51.100982666015625,2.21928257815307e-05
1560,217.61378479003906,155.0941925048828,23.5748291015625,56.399261474609375,3.3812316360126715e-06
1560,232.4178466796875,161.631103515625,22.336944580078125,52.71099853515625,0.0006278306827880442
1560,239.80422973632812,161.89315795898438,22.595184326171875,53.407806396484375,0.0009066663333214819
1560,626.8365478515625,170.40074157714844,13.6634521484375,51.374725341796875,0.00010866060620173812
1560,226.79466247558594,167.6409454345703,21.9500732421875,52.282958984375,3.875663605867885e-05
1560,247.51065063476562,165.93467712402344,22.04547119140625,53.10101318359375,8.461847755825147e-06
1560,593.9012451171875,170.7539825439453,21.0792236328125,51.76800537109375,2.4689325073268265e-06
1560,600.4086303710938,172.55319213867188,22.0272216796875,51.869873046875,2.1386253138189204e-05
1560,597.28173828125,172.84747314453125,32.157958984375,74.55001831054688,3.250548252253793e-05
1560,611.1961669921875,179.9261016845703,25.9100341796875,61.578582763671875,4.171221735305153e-05
1560,603.2948608398438,145.47296142578125,37.20513916015625,127.69024658203125,8.992813491204288e-06
1560,557.5186157226562,119.70808410644531,82.98138427734375,288.482177734375,1.674855411692988e-05
1560,622.8661499023438,182.61953735351562,17.63385009765625,62.09161376953125,0.004943566862493753
1560,590.8155517578125,124.45696258544922,49.6844482421875,235.985595703125,1.8931015802081674e-05
1560,616.8334350585938,175.30194091796875,23.66656494140625,92.60275268554688,0.00014996362733654678
1560,623.6884765625,203.2651824951172,16.8115234375,68.35295104980469,4.7973091568564996e-05
1590,208.77426147460938,151.6029510498047,21.66778564453125,51.05914306640625,4.919378625345416e-06
1590,201.48709106445312,156.876708984375,20.7852783203125,50.700775146484375,3.084001264141989e-06
1590,216.9948272705078,160.4203338623047,21.434722900390625,50.871551513671875,0.0011263529304414988
1590,222.73849487304688,159.81280517578125,23.48370361328125,54.96087646484375,0.004551314748823643
1590,210.46450805664062,164.73289489746094,22.338409423828125,54.289398193359375,2.0581198896252317e-06
1590,612.574462890625,122.56275939941406,27.925537109375,132.82241821289062,3.7489110127353342e-06
1590,231.1326446533203,165.11993408203125,22.725494384765625,53.5684814453125,5.8413384067534935e-06
1590,626.92578125,171.98764038085938,13.57421875,53.5257568359375,1.4106761227594689e-05
1590,625.7442016601562,186.39630126953125,14.75579833984375,61.8359375,8.671437535667792e-05
1590,616.9163208007812,170.22276306152344,23.58367919921875,100.65589904785156,9.961320756701753e-05
1590,593.169189453125,121.31633758544922,47.330810546875,233.3336181640625,3.502236950225779e-06
1590,625.2440795898438,208.13067626953125,15.25592041015625,66.92254638671875,1.1196847481187433e-05
1620,208.94061279296875,152.6829833984375,21.355377197265625,51.1578369140625,0.00019070383859798312
1620,214.80203247070312,160.30152893066406,21.9727783203125,51.905548095703125,0.0001656214881222695
1620,223.35789489746094,160.10682678222656,20.692596435546875,51.081024169921875,3.999311502411729e-06
1620,73.60041046142578,180.78399658203125,21.386245727539062,52.461639404296875,8.893479161997675e-07
1620,209.26759338378906,169.09156799316406,23.05712890625,54.34124755859375,9.811138625082094e-06
1620,619.3082885742188,153.17056274414062,21.19171142578125,98.39599609375,2.3808433979866095e-06
1620,24.953567504882812,179.67208862304688,21.41693115234375,50.89898681640625,7.497239039366832e-06
1620,626.062744140625,184.38096618652344,14.437255859375,51.7674560546875,4.118081051274203e-05
1620,34.781375885009766,185.14393615722656,21.548309326171875,51.561309814453125,4.273743979865685e-05
1620,41.53815460205078,184.265869140625,21.513748168945312,50.6162109375,5.819428770337254e-05
1620,49.07508850097656,184.45050048828125,22.714500427246094,54.86029052734375,4.410621113493107e-05
1620,57.13605499267578,186.552001953125,21.638916015625,51.978485107421875,2.3598257030243985e-05
1620,617.2581787109375,195.07080078125,21.8116455078125,51.268402099609375,0.0015011279610916972
1620,66.58399200439453,189.9356231689453,21.095626831054688,50.630523681640625,6.6947595769306645e-06
1620,600.5518798828125,150.74441528320312,39.9481201171875,123.48504638671875,3.2116893180500483e-06
1620,547.0447998046875,110.43795776367188,93.4552001953125,303.47540283203125,8.346429240191355e-06
1620,588.2529907226562,122.16007232666016,52.24700927734375,243.32135009765625,4.1047001104743686e-06
1620,610.8436279296875,202.2456817626953,21.8560791015625,51.4859619140625,0.0006483389297500253
1620,625.2142333984375,200.9530487060547,15.2857666015625,55.186737060546875,0.0006605837261304259
1620,613.1748657226562,200.06307983398438,27.32513427734375,71.28689575195312,1.1322642421873752e-05
1620,619.7637329101562,428.40216064453125,20.73626708984375,52.09783935546875,3.333563199703349e-06
1620,609.9622192382812,408.6165466308594,30.53778076171875,71.88345336914062,4.698727025242988e-06
1620,599.637451171875,363.5992736816406,40.862548828125,116.90072631835938,7.376756002486218e-06
1650,224.63392639160156,152.970458984375,20.83416748046875,50.632843017578125,0.0001550305460114032
1650,208.90618896484375,159.40858459472656,21.887664794921875,51.1414794921875,2.2579139113076963e-05
1650,216.46823120117188,158.95242309570312,21.63623046875,51.1678466796875,2.466424302838277e-05
1650,220.0029296875,153.28170776367188,29.731536865234375,70.2728271484375,3.676281266962178e-06
1650,33.63277053833008,179.8612823486328,21.746429443359375,53.369232177734375,5.897238679608563e-06
1650,591.4422607421875,177.0786895751953,22.51513671875,53.803802490234375,9.148952813120559e-06
1650,438.98089599609375,172.73837280273438,20.67034912109375,50.7586669921875,2.6047046048915945e-06
1650,585.2376098632812,183.27334594726562,21.8536376953125,52.980987548828125,0.00017527765885461122
1650,600.0578002929688,178.92559814453125,23.1378173828125,54.0599365234375,1.4643375834566541e-05
1650,616.5741577148438,178.80836486816406,21.5242919921875,50.737518310546875,5.278031312627718e-05
1650,626.745361328125,176.84092712402344,13.754638671875,56.44183349609375,1.816838266677223e-05
1650,0.0,185.5390167236328,14.924602508544922,55.315643310546875,2.0690240489784628e-05
1650,428.6688537597656,174.46868896484375,21.60992431640625,51.585601806640625,9.062783647095785e-05
1650,601.3421020507812,361.27764892578125,39.15789794921875,119.22235107421875,4.8975693971442524e-06
1680,0.0,122.30258178710938,22.750240325927734,107.58486938476562,6.488995040854206e-06
1680,0.0,156.41482543945312,17.277515411376953,62.84881591796875,2.6113873900612816e-05
1680,0.0,159.63397216796875,31.442569732666016,81.48883056640625,9.436543223273475e-06
1680,0.8958101272583008,177.13388061523438,22.924575805664062,54.83465576171875,0.8575539588928223
1680,0.0,116.30123901367188,68.97908782958984,290.1832275390625,7.175653536251048e-06
1680,0.0,122.36418151855469,41.015464782714844,224.97718811035156,3.6747005651704967e-06
1680,12.661979675292969,179.32089233398438,22.968826293945312,55.251220703125,6.071210805203009e-07
1680,0.0,186.84410095214844,17.496423721313477,61.19866943359375,1.1332645954098552e-05
1680,6.798442840576172,190.0995635986328,21.402606964111328,51.602813720703125,2.340237415410229e-06
1710,16.192947387695312,179.03370666503906,22.92132568359375,55.28839111328125,1.2710905821222696e-06
1710,23.440818786621094,178.51528930664062,23.338058471679688,54.982421875,8.264729558504769e-07
1710,512.9376831054688,176.908203125,23.6417236328125,55.4229736328125,4.821221864403924e-06
1710,520.4993286132812,176.0279998779297,22.96728515625,53.827362060546875,6.571134235855425e-06
1710,627.5591430664062,208.81764221191406,12.94085693359375,57.42198181152344,1.4036531865713187e-06
1740,626.4540405273438,47.2125129699707,14.04595947265625,50.70766830444336,1.7736844029059284e-06
1740,603.1851196289062,19.967742919921875,37.31488037109375,156.60775756835938,8.871834870660678e-05
1740,624.6264038085938,66.9297866821289,15.87359619140625,65.0020980834961,2.6119034828298027e-06
1740,613.8741455078125,43.537628173828125,26.6258544921875,109.0003662109375,8.398616046179086e-06
1740,41.082191467285156,94.33053588867188,21.892715454101562,52.8050537109375,5.745199086959474e-05
1740,34.02469253540039,95.85128784179688,31.699283599853516,76.70370483398438,8.581758265790995e-06
1740,24.49523162841797,82.9780044555664,55.44390106201172,140.2860107421875,1.939719368238002e-05
1740,570.6016235351562,31.635841369628906,69.89837646484375,219.05206298828125,0.0005005279090255499
1740,589.86572265625,73.29122924804688,50.63427734375,138.25021362304688,1.752510456753953e-06
1740,8.966323852539062,67.83541870117188,88.87635040283203,215.69076538085938,2.98338386528485e-06
1740,561.5942993164062,150.18975830078125,23.46533203125,55.37957763671875,1.2439570582500892e-06
1740,512.3862915039062,163.9232940673828,21.7705078125,50.829315185546875,5.201979001867585e-05
1740,544.4471435546875,0.0,96.0528564453125,327.608642578125,4.123524831811665e-06
1740,482.3190002441406,51.17926025390625,148.17697143554688,315.1484375,1.0147569810214918e-05
1740,568.4793701171875,161.87550354003906,20.596923828125,50.681121826171875,0.00015687014092691243
1740,537.8585205078125,169.13011169433594,22.28759765625,53.7286376953125,1.4370712051459122e-05
1740,551.71630859375,158.1053466796875,28.1544189453125,68.71847534179688,1.8616385204950348e-05
1740,520.1956787109375,169.46681213378906,23.0164794921875,55.2315673828125,8.644661647849716e-06
1740,547.017333984375,171.0668487548828,21.2845458984375,51.674407958984375,0.0001145700880442746
1740,539.7482299804688,165.82223510742188,31.1595458984375,74.0721435546875,9.466784831602126e-06
1740,1.7038640975952148,198.9794464111328,22.398555755615234,53.135955810546875,1.9440527466940694e-05
1740,627.39697265625,196.47732543945312,13.10302734375,50.500274658203125,2.834387942129979e-06
1740,0.0,209.6628875732422,15.397113800048828,51.65751647949219,2.1609430405078456e-05
1740,627.8839111328125,215.9951934814453,12.6160888671875,51.16242980957031,2.9328321033972315e-06
1770,1.790670394897461,206.09031677246094,21.54229736328125,51.37873840332031,0.04598074033856392
1770,583.8303833007812,98.30101776123047,56.66961669921875,151.731689453125,0.007718468084931374
1770,566.0274047851562,41.56944274902344,74.47259521484375,235.30653381347656,0.0022263445425778627
1770,586.7591552734375,167.8358154296875,21.9107666015625,52.456939697265625,3.192811709595844e-05
1770,567.9558715820312,158.72413635253906,21.2998046875,52.04388427734375,7.705493771936744e-05
1770,587.2006225585938,131.73199462890625,39.1019287109375,95.56103515625,0.00023721830802969635
1770,0.0,189.79928588867188,16.636192321777344,57.903167724609375,2.851312638085801e-05
1770,6.151172637939453,195.2095184326172,24.20824432373047,57.42547607421875,2.604650035209488e-05
1770,598.6387329101562,14.018112182617188,41.86126708984375,162.3448944091797,5.147081901668571e-05
1770,594.8387451171875,173.53419494628906,21.460693359375,52.029144287109375,0.00015681747754570097
1770,625.7489013671875,84.64342498779297,14.7510986328125,52.792518615722656,3.650018334155902e-05
1770,613.13671875,49.57661437988281,27.36328125,115.31437683105469,1.119393255066825e-05
1770,557.7487182617188,167.08546447753906,20.9462890625,50.55419921875,8.977405377663672e-05
1770,609.6836547851562,102.4984359741211,30.81634521484375,123.89408111572266,0.00016525929095223546
1770,531.7036743164062,68.2947998046875,108.79632568359375,291.79296875,4.7179044486256316e-05
1770,502.48797607421875,162.1080322265625,26.8131103515625,64.60946655273438,1.1180308092662017e-06
1770,582.551513671875,157.7985382080078,33.462646484375,80.64617919921875,7.87100816523889e-06
1770,625.2601928710938,99.70401763916016,15.23980712890625,62.20014190673828,1.552668254589662e-05
1770,582.994384765625,143.2330322265625,28.7823486328125,68.70236206054688,7.968278623593505e-06
1770,625.630615234375,62.28338623046875,14.869384765625,52.791961669921875,6.7332985054235905e-06
1770,0.0,219.02035522460938,14.626575469970703,52.119171142578125,1.3533446690416895e-05
1770,624.6705932617188,119.38053131103516,15.82940673828125,64.45038604736328,1.3062968719168566e-05
1770,578.991943359375,154.8934326171875,20.3350830078125,51.979248046875,1.775723649188876e-05
1770,593.7713012695312,110.34490966796875,46.72869873046875,247.147705078125,1.5006346075097099e-05
1770,0.0,169.0148468017578,22.567338943481445,93.55046081542969,3.4278941711818334e-06
1770,498.6263427734375,158.22885131835938,21.973876953125,53.54669189453125,9.348879075332661e-07
1770,0.0,127.07359313964844,40.59153747558594,234.0855255126953,5.262758349999785e-06
1770,617.9508056640625,141.98428344726562,22.5491943359375,87.2188720703125,1.8313108739675954e-05
1770,0.0,142.03697204589844,58.657989501953125,293.52850341796875,1.9861950022459496e-06
1770,599.7215576171875,162.7788543701172,24.8455810546875,58.6812744140625,9.961058822227642e-06
1770,581.14794921875,71.7088623046875,50.9102783203125,126.02728271484375,8.41347900859546e-06
1800,537.7855834960938,168.78465270996094,21.0826416015625,51.515106201171875,0.0004445508820936084
1800,551.8308715820312,168.572509765625,21.440673828125,51.11431884765625,0.009884810075163841
1800,624.387451171875,160.6270751953125,16.112548828125,53.84381103515625,0.00013729727652389556
1800,594.8270263671875,166.8931884765625,21.5103759765625,51.877899169921875,2.1295076294336468e-05
1800,468.0577697753906,171.3716278076172,21.32147216796875,52.4678955078125,1.0123126230610069e-06
1800,485.5140686035156,169.65512084960938,21.75726318359375,52.1845703125,1.415797396475682e-05
1800,457.630859375,68.53433227539062,146.0518798828125,311.60455322265625,2.197678441007156e-05
1800,577.7052612304688,172.16189575195312,20.030029296875,50.844329833984375,1.1164676834596321e-05
1800,585.3948974609375,172.7509765625,21.810791015625,53.52496337890625,6.1420296333380975e-06
1800,613.2817993164062,167.01748657226562,26.7449951171875,63.48822021484375,0.12204642593860626
1800,559.4970703125,131.35702514648438,81.0029296875,278.50213623046875,4.150464064878179e-06
1800,559.263916015625,170.37356567382812,21.272216796875,51.10760498046875,8.156562216754537e-06
1800,579.388427734375,170.55300903320312,33.422607421875,77.20391845703125,8.941008672991302e-06
1800,591.3186645507812,170.33302307128906,32.2315673828125,76.2900390625,6.522939656861126e-05
1800,602.5350952148438,170.66184997558594,27.5992431640625,65.48797607421875,0.014235127717256546
1800,0.0,184.58338928222656,16.750049591064453,58.5206298828125,1.8145188960261294e-06
1800,24.66216278076172,189.80194091796875,22.34514617919922,52.979949951171875,4.047018592245877e-05
1800,32.160606384277344,188.9955596923828,22.17986297607422,53.028045654296875,2.3193456399894785e-06
1800,474.01885986328125,173.5438232421875,22.7069091796875,54.951812744140625,1.2240408068464603e-05
1800,532.8314208984375,176.17295837402344,20.8585205078125,50.7459716796875,8.430144589510746e-06
1800,589.7291870117188,146.93629455566406,47.1873779296875,107.41891479492188,2.0451810996746644e-05
1800,623.8455200195312,177.50209045410156,16.65447998046875,57.18707275390625,0.008579683490097523
1800,591.25732421875,123.15694427490234,49.24267578125,214.5697021484375,4.085692580702016e-06
1800,8.474514961242676,191.50912475585938,21.447307586669922,50.544586181640625,4.543955128610833e-06
1800,16.939929962158203,190.8500213623047,21.32889175415039,51.1121826171875,6.236325589270564e-06
1800,39.17607879638672,192.98587036132812,22.86363983154297,54.3966064453125,2.130166876668227e-06
1800,611.9625244140625,145.77008056640625,28.5374755859375,122.55593872070312,9.212086297338828e-06
1800,608.5757446289062,188.73757934570312,22.9935302734375,55.661468505859375,0.00040756750968284905
1800,615.8761596679688,189.36734008789062,23.6910400390625,56.568115234375,4.508512211032212e-05
1800,602.27734375,183.94647216796875,33.6427001953125,80.7413330078125,1.2541448086267337e-05
1800,624.474365234375,197.691162109375,16.025634765625,62.41156005859375,2.02813207579311e-05
1830,546.1958618164062,170.87457275390625,21.5103759765625,51.026580810546875,0.3137319087982178
1830,553.1799926757812,171.2379150390625,21.861572265625,51.94049072265625,0.2782837152481079
1830,627.26220703125,163.45022583007812,13.23779296875,51.5054931640625,3.3562526368768886e-05
1830,458.915283203125,180.4648895263672,21.64019775390625,51.442962646484375,1.1241731954214629e-05
1830,471.6417236328125,179.53665161132812,21.83404541015625,52.67626953125,1.9168592189089395e-06
1830,526.3763427734375,170.39251708984375,23.0498046875,54.910919189453125,0.0006987438537180424
1830,524.5230712890625,159.13209533691406,34.1778564453125,76.08551025390625,4.820155299967155e-05
1830,536.3606567382812,172.21762084960938,21.321044921875,50.73138427734375,0.998079776763916
1830,537.5711059570312,153.33822631835938,36.5147705078125,82.00588989257812,6.590137672901619e-06
1830,488.1018371582031,87.50923156738281,135.62008666992188,298.7939453125,6.675047188764438e-06
1830,550.6878662109375,154.42730712890625,37.11376953125,84.17996215820312,3.6736635138368e-06
1830,566.8411865234375,170.48695373535156,20.9700927734375,51.89166259765625,2.7222218704991974e-05
1830,577.7642211914062,173.4595947265625,20.5546875,50.919647216796875,5.7024017223739065e-06
1830,585.2119140625,174.29925537109375,21.4031982421875,51.190277099609375,4.046289905090816e-05
1830,593.572265625,172.36016845703125,21.544677734375,51.59197998046875,1.0753695278253872e-05
1830,617.986572265625,167.41969299316406,22.513427734375,54.639068603515625,2.8976826342841377e-06
1830,0.0,179.25111389160156,14.798355102539062,55.1944580078125,1.31912338474649e-05
1830,376.00787353515625,103.19869995117188,150.9447021484375,299.1412658691406,3.1201520869217347e-06
1830,462.3866271972656,179.86300659179688,27.530029296875,66.25363159179688,1.3171952559787314e-05
1830,559.6864013671875,175.54344177246094,21.7388916015625,51.827239990234375,0.016271688044071198
1830,627.40966796875,177.9494171142578,13.09033203125,59.77020263671875,2.3681848233536584e-06
