30,0.0,191.83560180664062,14.728422164916992,54.70135498046875,4.951227765559452e-06
30,588.0869140625,139.3125762939453,52.4130859375,246.17576599121094,1.8278911738889292e-05
30,617.6619262695312,206.48085021972656,22.83807373046875,103.58808898925781,1.4842924429103732e-05
30,607.0999755859375,181.9158935546875,33.4000244140625,145.7786865234375,1.1999321031908039e-05
30,0.0,426.4643859863281,23.348081588745117,54.035614013671875,7.837667908461299e-06
30,0.0,342.68878173828125,64.42729187011719,137.81121826171875,8.636751772428397e-06
60,485.95355224609375,148.80079650878906,22.9415283203125,53.160125732421875,2.75430306828639e-06
60,145.67567443847656,165.146484375,22.0479736328125,51.10546875,0.0006136481533758342
60,179.12307739257812,164.63099670410156,22.140960693359375,51.22369384765625,0.00011764492955990136
60,481.2515563964844,156.73345947265625,22.251708984375,52.222503662109375,4.0227016143035144e-05
60,89.07286834716797,172.70606994628906,21.902679443359375,53.033538818359375,1.2469176908780355e-05
60,0.0,179.19839477539062,14.694624900817871,53.909942626953125,2.7343680812919047e-06
60,95.23858642578125,178.56626892089844,20.705368041992188,50.7589111328125,3.259914228692651e-05
90,119.52581787109375,165.3221435546875,21.54193115234375,51.836395263671875,0.03562718629837036
90,112.26160430908203,150.90530395507812,36.14183807373047,79.17593383789062,5.155332587492012e-07
90,0.0,170.3533477783203,14.759920120239258,56.5081787109375,2.3735188733553514e-05
90,40.41700744628906,179.38485717773438,21.216041564941406,51.173431396484375,0.0004178957606200129
90,46.272193908691406,175.6565399169922,22.434982299804688,52.74029541015625,3.819483936240431e-06
90,0.0,154.1016082763672,22.237205505371094,98.08966064453125,3.049254928555456e-06
90,126.05452728271484,166.0609130859375,22.689720153808594,53.463653564453125,8.025352144613862e-05
90,497.21685791015625,171.66390991210938,22.260986328125,52.9112548828125,0.0005078064277768135
90,504.544189453125,169.08169555664062,23.032470703125,56.24249267578125,3.234737278035027e-06
90,520.4989624023438,171.0496368408203,23.5849609375,58.36724853515625,1.9624922060756944e-06
90,0.0,192.0773468017578,13.510515213012695,51.136444091796875,3.496733597785351e-06
90,601.3788452148438,362.89892578125,39.12115478515625,117.60107421875,6.2108929341775365e-06
120,601.3920288085938,152.560791015625,21.8084716796875,51.206756591796875,2.6160912966588512e-05
120,585.4949951171875,158.9979248046875,20.7994384765625,50.521484375,5.9689159570552874e-06
120,607.8432006835938,155.9738006591797,22.619873046875,54.5146484375,6.873828533571213e-05
120,615.1256713867188,155.5789337158203,21.3533935546875,51.145050048828125,0.00015044685278553516
120,367.52508544921875,161.93157958984375,27.8785400390625,65.0037841796875,1.1438239653216442e-06
120,0.0,182.929931640625,15.086881637573242,55.214813232421875,1.8283131794305518e-05
120,610.5711059570312,407.12738037109375,29.92889404296875,73.37261962890625,6.737735930073541e-06
120,599.4559326171875,360.09869384765625,41.0440673828125,120.40130615234375,7.715847459621727e-06
150,22.72797203063965,140.95819091796875,36.24784851074219,89.25729370117188,2.821219459292479e-05
150,121.35968780517578,156.27151489257812,22.181068420410156,54.9007568359375,8.005051199688751e-07
150,158.45828247070312,161.0755615234375,21.13671875,50.8358154296875,7.4707741077872925e-06
150,43.12261962890625,155.79783630371094,25.947418212890625,61.726959228515625,3.487004869384691e-05
150,529.2742919921875,169.5879669189453,21.0557861328125,51.6322021484375,2.0053346361237345e-06
150,0.0,167.84158325195312,15.92470645904541,55.45465087890625,3.5339692203706363e-06
150,8.232673645019531,169.07533264160156,21.974002838134766,52.787200927734375,1.3342744750843849e-05
150,27.663074493408203,161.45730590820312,22.553672790527344,55.386962890625,4.739604719361523e-06
150,32.84882736206055,155.65667724609375,26.81537628173828,62.744110107421875,0.053723327815532684
150,1.7733430862426758,178.90086364746094,22.283374786376953,53.425079345703125,1.4875488886900712e-05
150,593.5884399414062,181.51589965820312,21.903564453125,51.559326171875,2.8388569717208156e-06
180,91.22953796386719,158.9029083251953,21.664215087890625,51.03021240234375,1.7707026927382685e-05
180,467.4248962402344,155.05496215820312,22.14410400390625,52.015350341796875,0.021318607032299042
180,95.22189331054688,154.30406188964844,26.416397094726562,62.67724609375,1.57470531121362e-05
180,13.581680297851562,90.04682922363281,145.0352325439453,294.820068359375,1.082584640244022e-05
180,461.84381103515625,159.18881225585938,22.1585693359375,54.6788330078125,4.1972496546804905e-05
180,458.86700439453125,142.80780029296875,36.92791748046875,82.91586303710938,5.556077212531818e-06
180,398.1302490234375,105.06271362304688,137.2041015625,277.6263122558594,4.928747330268379e-06
180,602.6530151367188,179.50833129882812,21.4990234375,52.301300048828125,2.1186078811297193e-05
180,470.8133544921875,167.5531463623047,21.6026611328125,52.880767822265625,4.985095074516721e-06
180,596.822265625,187.11656188964844,20.960205078125,50.54638671875,1.5178832654783037e-05
180,613.971923828125,184.20565795898438,22.617431640625,53.7833251953125,0.0005488594179041684
180,627.6597900390625,187.05564880371094,12.8402099609375,50.846710205078125,7.532344170613214e-05
180,597.8982543945312,189.61680603027344,28.164306640625,68.05229187011719,2.397855496383272e-05
180,607.3351440429688,193.16966247558594,23.9573974609375,56.82843017578125,0.003964425530284643
180,613.919189453125,202.51007080078125,26.580810546875,59.6190185546875,7.342182470893022e-06
180,601.8820190429688,200.29342651367188,32.799072265625,77.77194213867188,9.977240551961586e-06
180,601.128173828125,361.152099609375,39.371826171875,119.347900390625,4.230738340993412e-06
210,63.7870979309082,161.70318603515625,26.077350616455078,62.064697265625,1.1133164662169293e-05
210,73.50310516357422,163.56703186035156,21.076431274414062,50.512237548828125,0.00020334940927568823
210,0.32155609130859375,175.74757385253906,22.57617950439453,53.86590576171875,1.5339997844421305e-05
210,7.641765594482422,174.33969116210938,22.51055908203125,52.859771728515625,8.885866918717511e-06
210,0.0,90.14067077636719,133.9933319091797,296.53564453125,9.122240044234786e-06
210,379.39801025390625,174.1761016845703,20.87701416015625,50.765838623046875,2.966134161397349e-05
210,410.53277587890625,173.38523864746094,22.81439208984375,54.46661376953125,6.2690983213542495e-06
210,416.6734924316406,181.28782653808594,21.71636962890625,51.109710693359375,1.8079626897815615e-05
210,423.4453125,179.57122802734375,21.31976318359375,50.896514892578125,7.162888778111665e-06
210,0.0,183.79763793945312,14.887105941772461,53.89373779296875,6.707151624141261e-05
210,412.2225646972656,189.76779174804688,23.1988525390625,54.850830078125,2.03115359909134e-05
210,587.4639892578125,221.5750732421875,53.0360107421875,238.6322021484375,2.8306033073022263e-06
210,583.5314331054688,301.483642578125,46.591064453125,108.2803955078125,1.867132232291624e-05
210,556.928955078125,279.093505859375,83.571044921875,201.406494140625,7.160149107221514e-05
210,567.8872680664062,307.6541748046875,55.860107421875,130.86474609375,0.001311963889747858
210,601.2410278320312,358.73681640625,39.25897216796875,121.76318359375,5.718881766370032e-06
240,46.70995330810547,163.00424194335938,21.691146850585938,51.239959716796875,4.009557233075611e-05
240,392.5040588378906,163.48297119140625,22.237060546875,53.462860107421875,9.295215932070278e-06
240,386.2510070800781,172.18873596191406,21.753173828125,52.3592529296875,0.00032383017241954803
240,40.88365936279297,172.54287719726562,22.009811401367188,51.8265380859375,0.0006075588171370327
240,45.5064811706543,174.22946166992188,25.065448760986328,60.35565185546875,1.0464063052495476e-05
240,628.140625,192.791015625,12.359375,50.82281494140625,1.2018470442853868e-05
240,627.0821533203125,206.03335571289062,13.4178466796875,59.85107421875,2.70252689915651e-06
240,610.69677734375,408.0177917480469,29.80322265625,72.48220825195312,6.221616786206141e-06
240,601.0050659179688,360.60980224609375,39.49493408203125,119.89019775390625,6.334895715554012e-06
270,449.47711181640625,159.7594451904297,22.28985595703125,54.14508056640625,1.34135125335888e-05
270,463.297607421875,166.37994384765625,20.4189453125,50.768341064453125,1.8015145997196669e-06
270,103.82646942138672,168.9926300048828,23.359420776367188,54.043975830078125,1.560449845783296e-06
270,400.58367919921875,170.34063720703125,21.62603759765625,52.32794189453125,1.6252331988653168e-05
270,97.20060729980469,176.06317138671875,21.043212890625,50.50396728515625,3.593912879296113e-06
270,456.9515380859375,170.86801147460938,20.76287841796875,50.53106689453125,2.3294638594961725e-05
270,627.7261352539062,242.67361450195312,12.77386474609375,50.61383056640625,2.619276756377076e-06
300,457.6057434082031,157.8636932373047,22.43426513671875,55.548431396484375,1.1039416676794644e-05
300,464.97528076171875,155.69509887695312,23.7694091796875,57.10797119140625,4.651115523301996e-05
300,529.1082153320312,156.69998168945312,22.085693359375,52.022064208984375,0.009886878542602062
300,471.23675537109375,166.00070190429688,21.29803466796875,52.104034423828125,0.0015577853191643953
300,543.1511840820312,159.4342498779297,22.839599609375,54.223052978515625,0.0007787342765368521
300,496.19976806640625,162.16162109375,21.6031494140625,51.165283203125,4.85915052195196e-06
300,535.5945434570312,159.33531188964844,22.70703125,53.38067626953125,0.0013597969664260745
300,586.4573364257812,163.84764099121094,21.3974609375,50.60595703125,3.711705358000472e-05
300,87.16007232666016,170.41835021972656,23.402053833007812,54.4871826171875,1.116802104661474e-05
300,551.3799438476562,165.75390625,21.0054931640625,52.344818115234375,8.022405381780118e-05
300,64.93376922607422,176.10154724121094,23.247879028320312,55.618194580078125,2.6094883196492447e-06
300,72.37946319580078,174.24862670898438,23.640975952148438,56.298309326171875,4.117858225072268e-06
300,80.10076904296875,174.728759765625,24.122314453125,55.7900390625,2.1990331333654467e-06
300,417.7599182128906,177.9813232421875,23.449951171875,54.729156494140625,7.254333468154073e-06
300,591.8074951171875,169.1643524169922,21.2630615234375,51.48956298828125,3.1758709155838005e-06
300,1.1576156616210938,198.98300170898438,20.96082305908203,50.663421630859375,1.2938809959450737e-05
300,418.31451416015625,196.2670135498047,24.79534912109375,57.902557373046875,0.00015799509128555655
300,0.0,209.99093627929688,15.268157005310059,60.148590087890625,3.472480602795258e-05
300,0.0,188.1069793701172,20.304489135742188,99.09654235839844,8.913933925214224e-06
330,473.2186279296875,156.0101318359375,22.16717529296875,53.11480712890625,0.001004733145236969
330,480.0365295410156,154.9352569580078,22.75396728515625,55.26788330078125,0.00030780554516240954
330,543.543701171875,156.8565216064453,21.1173095703125,50.76904296875,1.0031461670223507e-06
330,626.1095581054688,145.1273956298828,14.39044189453125,57.585540771484375,1.876222995633725e-05
330,496.56207275390625,154.65501403808594,22.25439453125,52.692047119140625,6.264412604650715e-06
330,504.94659423828125,154.70074462890625,21.540283203125,50.9990234375,2.2546175387105905e-05
330,619.578125,135.86666870117188,20.921875,93.97882080078125,2.3855345716583543e-06
330,391.7525939941406,58.45904541015625,147.45346069335938,304.58642578125,1.4728743735759053e-06
330,31.798032760620117,170.91140747070312,24.118921279907227,54.328399658203125,2.939593969131238e-06
330,487.67950439453125,163.98779296875,21.0836181640625,51.07794189453125,4.6687528083566576e-05
330,0.0,180.10455322265625,13.581310272216797,50.6427001953125,1.8272056649948354e-06
330,8.864909172058105,178.71743774414062,21.47817611694336,50.8497314453125,1.8526800431573065e-06
330,14.570622444152832,178.90859985351562,24.498546600341797,57.8101806640625,2.1383020794019103e-06
330,24.47561264038086,178.55111694335938,21.43267059326172,51.40789794921875,3.871094577334588e-06
330,63.97617721557617,174.8100128173828,23.787006378173828,54.890533447265625,2.8529318569781026e-06
330,72.69099426269531,174.9373779296875,20.53375244140625,50.56494140625,8.636833626951557e-06
330,466.90179443359375,168.43907165527344,21.738525390625,53.19464111328125,5.202338343224255e-06
330,620.3536987304688,179.23660278320312,20.14630126953125,97.99859619140625,3.003604888363043e-06
330,627.22021484375,217.5230255126953,13.27978515625,55.85545349121094,8.976677781902254e-05
330,601.6809692382812,362.3151550292969,38.81903076171875,118.18484497070312,5.7519073379808106e-06
360,511.7506103515625,158.74298095703125,21.5496826171875,51.355438232421875,0.00010933078738162294
360,491.3374938964844,161.29696655273438,21.1837158203125,51.23284912109375,3.143568028463051e-05
360,608.5032348632812,163.63064575195312,22.34716796875,53.447998046875,9.51107795117423e-05
360,224.77960205078125,168.6911163330078,24.2557373046875,56.275482177734375,1.0464306114954525e-06
360,233.74417114257812,169.07501220703125,22.18572998046875,54.3980712890625,1.4519946489599533e-05
360,239.83880615234375,170.43907165527344,24.978302001953125,58.185760498046875,0.0010727338958531618
360,517.66748046875,163.97305297851562,22.2313232421875,54.62347412109375,3.578553560146247e-06
360,0.0,177.89657592773438,14.209609031677246,51.8482666015625,6.254658728721552e-06
360,7.195314407348633,176.09844970703125,24.08858871459961,58.044891357421875,2.157864219043404e-05
360,14.932954788208008,177.2714080810547,23.80012321472168,55.9493408203125,3.1750773814565036e-06
360,483.55133056640625,173.53904724121094,20.5618896484375,50.523681640625,6.538046477544412e-07
360,496.97149658203125,172.77577209472656,21.97320556640625,52.310577392578125,7.830000686226413e-05
360,506.4474182128906,168.8729705810547,22.250091552734375,53.18743896484375,3.239448051317595e-05
360,0.0,138.23794555664062,28.46282386779785,129.66439819335938,1.8335841787120444e-06
360,0.0,180.88198852539062,23.929401397705078,59.823089599609375,5.100972430227557e-06
360,25.391559600830078,183.63853454589844,21.28729248046875,52.469757080078125,1.209447054861812e-05
360,33.760887145996094,184.04000854492188,20.60430145263672,50.589996337890625,8.742842510400806e-06
360,246.55816650390625,181.63201904296875,21.815673828125,52.835052490234375,3.4273914934601635e-05
360,489.10198974609375,175.39923095703125,24.60614013671875,59.3310546875,4.4387229536368977e-07
360,0.0,195.513916015625,16.594314575195312,59.9713134765625,1.6862863958522212e-06
360,239.34613037109375,189.85943603515625,24.837127685546875,58.74090576171875,1.2582397630467312e-06
360,0.0,342.06451416015625,57.510704040527344,138.43548583984375,2.631846655276604e-06
360,600.7430419921875,363.4642333984375,39.7569580078125,117.0357666015625,4.2440692595846485e-06
390,514.164306640625,157.6831817626953,21.736328125,50.88983154296875,3.873118657793384e-06
390,546.7737426757812,159.29827880859375,22.315185546875,53.2110595703125,3.642847514129244e-05
390,0.0,166.2081298828125,16.284198760986328,55.30938720703125,2.2632964373769937e-06
390,553.3213500976562,164.07009887695312,21.68896484375,50.997039794921875,8.338543557329103e-05
390,7.63037109375,173.8946990966797,22.279327392578125,52.96612548828125,6.670360744465142e-05
390,242.638671875,175.7329864501953,21.87347412109375,52.22100830078125,0.00044397174497134984
390,1.0034408569335938,178.2718048095703,23.07352066040039,55.22576904296875,0.00018348515732213855
390,225.27944946289062,176.884521484375,24.09844970703125,55.027374267578125,7.830719255252916e-07
390,235.6300506591797,177.66314697265625,20.938812255859375,50.548370361328125,1.5028760572022293e-05
390,14.711891174316406,180.12681579589844,23.39720916748047,56.92181396484375,2.333997872483451e-05
390,0.0,186.69850158691406,15.97680950164795,60.976043701171875,6.5389526753278915e-06
390,246.13844299316406,184.21746826171875,23.896438598632812,57.8236083984375,1.813109702197835e-05
390,0.0,168.2037353515625,23.058286666870117,102.72164916992188,3.0979445000411943e-06
390,239.62355041503906,191.64422607421875,22.676223754882812,53.566802978515625,2.7800647330877837e-06
390,0.0,347.68792724609375,59.072139739990234,132.81207275390625,2.480747525623883e-06
420,553.8350219726562,168.7308807373047,21.875732421875,50.84930419921875,2.531366772018373e-05
420,609.4386596679688,168.9700927734375,21.8055419921875,52.9736328125,2.0691961708507733e-06
420,241.31956481933594,180.52976989746094,22.479598999023438,53.5472412109375,0.00033786831772886217
420,559.7652587890625,174.18222045898438,21.3695068359375,51.134979248046875,8.835369044390973e-06
420,7.770611763000488,184.32188415527344,22.664363861083984,54.0115966796875,7.107726560207084e-05
420,15.293540954589844,184.4373321533203,22.914531707763672,54.413482666015625,1.3954704627394676e-05
420,226.0498809814453,185.8701934814453,23.5281982421875,55.217864990234375,2.778273028525291e-06
420,234.30499267578125,183.57179260253906,23.243499755859375,54.92901611328125,1.2290412087168079e-05
420,0.0,192.0470428466797,13.66244125366211,51.25213623046875,5.2429359129746445e-06
420,0.0,161.29974365234375,22.78647232055664,103.42266845703125,3.606121708799037e-06
420,1.5731678009033203,188.63296508789062,21.486433029174805,51.088287353515625,1.0201293662248645e-05
420,25.34610366821289,191.55686950683594,20.52794647216797,51.023529052734375,2.0960016627213918e-05
420,246.47186279296875,187.06927490234375,23.37213134765625,57.21014404296875,3.9383712646667846e-06
420,0.0,341.06817626953125,60.68982696533203,139.43182373046875,1.1794916190410731e-06
450,514.585693359375,162.6912384033203,21.970947265625,51.883453369140625,4.2729418055387214e-05
450,247.39935302734375,172.77267456054688,22.95587158203125,55.017364501953125,2.0756845060532214e-06
450,519.5825805664062,171.79995727539062,21.055419921875,50.62310791015625,3.034778274013661e-05
450,553.7955932617188,175.42869567871094,21.395263671875,50.542572021484375,4.345831257523969e-05
450,0.0,178.55203247070312,16.298160552978516,57.17486572265625,1.0041817404271569e-05
450,225.64088439941406,180.08135986328125,20.806396484375,50.566558837890625,4.676388471125392e-06
450,242.33309936523438,182.29417419433594,21.873321533203125,52.03375244140625,0.00855032354593277
450,7.122916221618652,186.62893676757812,23.326862335205078,55.1845703125,0.00011809991701738909
450,79.99974060058594,184.43606567382812,23.488327026367188,56.53424072265625,3.545169192875619e-06
450,233.97854614257812,171.68545532226562,34.917999267578125,81.260009765625,3.137560497634695e-06
450,514.9098510742188,180.1459197998047,21.5911865234375,52.031280517578125,7.1306303652818315e-06
450,0.0,189.5713348388672,23.56375503540039,59.16778564453125,2.3810705897631124e-05
450,16.433929443359375,192.2179718017578,21.094627380371094,50.663299560546875,5.06154538015835e-05
450,23.077556610107422,188.98255920410156,23.493545532226562,55.993621826171875,3.1299809961637948e-06
450,235.698486328125,188.1654510498047,22.55035400390625,52.709686279296875,9.487173520028591e-05
450,246.6696014404297,191.62265014648438,22.925674438476562,55.357940673828125,2.185047605962609e-06
450,0.0,202.3135223388672,16.767127990722656,62.53056335449219,4.890913714916678e-06
450,0.0,163.88201904296875,28.38802719116211,129.83340454101562,6.690717668789148e-07
450,238.43710327148438,196.0575714111328,26.163543701171875,62.76316833496094,7.976809683896136e-06
480,518.7484741210938,162.5501251220703,21.79150390625,51.637298583984375,1.6716274330974557e-05
480,528.3941650390625,168.78939819335938,22.311767578125,53.120269775390625,4.957323653798085e-07
480,226.05397033691406,180.4285430908203,20.77978515625,51.115753173828125,8.511266059940681e-06
480,241.93792724609375,179.63119506835938,23.041107177734375,54.86480712890625,0.0473974384367466
480,235.117919921875,170.6109619140625,34.8861083984375,80.21505737304688,3.09060669678729e-05
480,514.6951293945312,173.73110961914062,22.0958251953125,51.371795654296875,0.0004037972539663315
480,32.75936508178711,189.413330078125,21.7862548828125,50.697845458984375,2.6096201963810017e-06
480,39.98272705078125,188.50804138183594,22.418785095214844,53.260406494140625,1.4667391496914206e-06
480,0.0,194.00436401367188,23.089149475097656,56.76995849609375,1.2659925232583191e-06
480,236.02989196777344,186.96759033203125,22.557907104492188,53.600311279296875,0.00014730739349033684
480,246.34095764160156,191.476318359375,22.947921752929688,55.25762939453125,2.2648900994681753e-06
480,238.63917541503906,195.62472534179688,25.947555541992188,62.31744384765625,3.291445682407357e-05
480,0.0,339.931640625,62.65452575683594,140.568359375,4.682127382693579e-06
510,518.6102905273438,157.41270446777344,23.3973388671875,55.163543701171875,1.6695023532520281e-06
510,508.9418029785156,161.25840759277344,23.493804931640625,54.185546875,8.92954722075956e-06
510,234.4884796142578,174.9509735107422,24.418716430664062,60.538848876953125,2.1795865450258134e-06
510,247.02137756347656,179.12539672851562,21.403732299804688,50.526885986328125,0.00025157316122204065
510,514.5184326171875,169.45123291015625,22.4132080078125,52.743438720703125,0.007010745815932751
510,507.7461853027344,158.10006713867188,35.686737060546875,79.91253662109375,1.3864378161088098e-06
510,526.8568115234375,168.32559204101562,23.3389892578125,56.245880126953125,1.6365399915230228e-06
510,553.3076171875,176.31399536132812,21.6727294921875,51.07568359375,1.040186998579884e-05
510,225.8546905517578,185.77432250976562,20.895477294921875,51.564697265625,4.492245807341533e-06
510,241.45053100585938,189.3221893310547,22.744354248046875,53.375091552734375,0.013072519563138485
510,253.71810913085938,188.00820922851562,22.73309326171875,54.564117431640625,2.985582057135616e-07
510,507.7945861816406,178.5949249267578,23.606353759765625,55.6376953125,2.9557297693827422e-06
510,38.1460075378418,191.278076171875,26.026390075683594,61.364990234375,2.3674804197071353e-06
510,46.69253158569336,191.62989807128906,25.24448013305664,59.082763671875,2.9394818739092443e-06
510,233.55316162109375,180.20191955566406,35.91571044921875,82.76756286621094,1.0898035725404043e-05
510,235.91648864746094,195.5524139404297,22.376388549804688,53.261383056640625,3.7712328776251525e-05
510,244.94761657714844,199.0822296142578,26.056472778320312,62.35130310058594,0.0002086834138026461
510,0.0,424.30731201171875,23.425813674926758,56.19268798828125,3.309280828034389e-06
510,0.0,341.97601318359375,63.45901870727539,138.52398681640625,6.673074040008942e-06
540,513.0789794921875,173.5875701904297,22.5120849609375,53.734283447265625,0.0006429829518310726
540,552.5223999023438,172.5797119140625,23.2154541015625,54.45831298828125,4.380711743579013e-06
540,498.3949890136719,178.49032592773438,21.131683349609375,50.869964599609375,3.844784714601701e-06
540,239.5088653564453,186.15382385253906,24.424697875976562,56.512542724609375,8.286628144560382e-06
540,559.3673706054688,183.11328125,21.307373046875,51.07183837890625,4.430038188729668e-06
540,506.7485046386719,187.0901641845703,22.057281494140625,51.584320068359375,0.002186387777328491
540,0.0,424.9302673339844,24.61229133605957,55.569732666015625,5.0914222811115906e-06
540,0.0,344.719482421875,63.831809997558594,135.780517578125,2.6037509087473154e-05
570,233.7202606201172,184.1776580810547,20.692779541015625,51.981170654296875,1.3425570841718582e-06
570,239.22874450683594,183.58389282226562,23.947891235351562,55.967437744140625,1.0675291377992835e-05
570,0.0,350.95062255859375,63.44318389892578,129.54937744140625,8.034083293750882e-06
600,518.0230712890625,165.1337432861328,23.4122314453125,55.117340087890625,1.1033892405976076e-05
600,496.5055236816406,172.2550048828125,22.272613525390625,54.392181396484375,1.1955787613260327e-06
600,513.447998046875,174.9036102294922,21.85400390625,51.9776611328125,0.0012006084434688091
600,554.7825927734375,176.21180725097656,21.896484375,51.283477783203125,0.0003491771640256047
600,55.88985824584961,176.22918701171875,27.040645599365234,62.055145263671875,1.2606464224518277e-05
600,71.47547149658203,177.63400268554688,25.91058349609375,61.584136962890625,9.893284186546225e-06
600,241.31617736816406,177.13670349121094,21.653060913085938,52.31256103515625,3.4865242923842743e-06
600,61.19425964355469,178.6357421875,31.8153076171875,74.92681884765625,5.480532126966864e-05
600,233.83734130859375,183.42465209960938,20.9627685546875,52.124237060546875,6.954903142286639e-07
600,506.20147705078125,181.1429443359375,21.8216552734375,51.830657958984375,3.0325132684083655e-05
600,548.7422485351562,179.9334716796875,20.825927734375,50.75665283203125,1.9564431568142027e-05
600,627.9150390625,183.52203369140625,12.5849609375,54.4639892578125,1.7319069229415618e-05
600,73.19961547851562,183.3764190673828,32.24493408203125,78.05076599121094,6.840055903012399e-06
600,490.2001953125,185.81735229492188,21.92681884765625,53.13031005859375,1.5165942386374809e-05
600,496.5348815917969,193.6177520751953,20.813262939453125,50.602203369140625,2.132691406586673e-06
600,56.659088134765625,198.4440460205078,42.042327880859375,102.18803405761719,5.928127393417526e-06
600,0.0,424.9803466796875,23.92862319946289,55.5196533203125,5.324518951965729e-06
600,0.0,348.1070861816406,62.58219528198242,132.39291381835938,1.159559360530693e-05
630,496.90753173828125,172.98252868652344,22.60931396484375,55.137542724609375,4.566614734358154e-06
630,518.3599243164062,174.91456604003906,21.6817626953125,51.536407470703125,9.455913823330775e-05
630,553.5714721679688,175.49856567382812,21.926025390625,51.052978515625,8.859137778927106e-06
630,240.9373321533203,177.008056640625,21.763504028320312,52.546905517578125,3.960329649999039e-06
630,505.48236083984375,162.07508850097656,38.7183837890625,84.06851196289062,2.199158871007967e-06
630,439.44317626953125,105.25465393066406,141.56561279296875,299.9150390625,5.447319836093811e-06
630,512.5669555664062,181.98182678222656,21.76220703125,50.870513916015625,0.0021805220749229193
630,483.00970458984375,188.00152587890625,23.15863037109375,55.13079833984375,9.797709026315715e-07
630,490.90460205078125,187.52752685546875,21.685302734375,51.651611328125,0.00010739747813204303
630,503.8996276855469,180.27603149414062,26.750030517578125,62.38134765625,0.00014735094737261534
630,496.8372497558594,192.08790588378906,21.489959716796875,50.998748779296875,2.6375040761195123e-05
630,0.0,425.3983459472656,24.096445083618164,55.101654052734375,3.647025323516573e-06
630,0.0,344.27398681640625,63.23093032836914,136.22601318359375,1.8395008737570606e-05
660,25.977493286132812,135.6761474609375,22.571975708007812,52.231231689453125,0.004216865636408329
660,20.45488929748535,140.41465759277344,21.41347312927246,50.9537353515625,5.4864256526343524e-05
660,537.480224609375,167.87478637695312,21.4072265625,51.155517578125,2.4012584617594257e-05
660,545.6232299804688,169.88717651367188,23.4766845703125,57.449249267578125,8.804508979665115e-06
660,79.29328918457031,177.64608764648438,23.930404663085938,55.412322998046875,3.904827735823346e-06
660,240.41500854492188,176.47142028808594,22.792205810546875,53.9810791015625,3.2250898129859706e-06
660,553.4100952148438,174.7239532470703,22.8265380859375,53.9359130859375,9.655296889832243e-05
660,233.42491149902344,182.64707946777344,21.09259033203125,52.406097412109375,5.37964524482959e-07
660,0.0,411.3385925292969,34.63348388671875,69.16140747070312,3.6813826227444224e-06
660,0.0,345.78253173828125,64.00595092773438,134.71746826171875,4.643808551918482e-06
690,24.77918243408203,138.8974609375,23.702911376953125,54.663299560546875,2.446049393256544e-06
690,518.1839599609375,165.56759643554688,23.681884765625,55.841064453125,1.0514129826333374e-05
690,491.2918701171875,169.90200805664062,22.308349609375,54.583740234375,8.981960127130151e-05
690,513.3328857421875,175.22500610351562,21.6859130859375,51.2049560546875,0.006451982539147139
690,554.516357421875,172.40457153320312,22.1639404296875,51.72882080078125,0.0008118492551147938
690,608.9326171875,172.98387145996094,22.1356201171875,52.5838623046875,6.588315500266617e-06
690,240.966064453125,175.85299682617188,22.044677734375,52.999053955078125,1.8936906371891382e-06
690,504.9673767089844,160.7489013671875,38.135345458984375,84.95147705078125,6.146122473182913e-07
690,440.8846130371094,103.656494140625,137.32467651367188,297.79193115234375,3.458979563220055e-06
690,547.6432495117188,173.653076171875,22.9384765625,55.57293701171875,3.04455033983686e-06
690,627.7064208984375,178.2556610107422,12.7935791015625,54.904754638671875,1.6119984138640575e-05
690,506.82977294921875,182.7654266357422,21.47998046875,51.57977294921875,0.003614326473325491
690,483.3356018066406,188.94483947753906,20.8226318359375,51.55963134765625,9.460135856897978e-07
690,490.0765686035156,187.0926055908203,22.25360107421875,54.09625244140625,0.0002477231319062412
690,497.40936279296875,187.0836639404297,21.76263427734375,51.86492919921875,0.0019624466076493263
690,519.7459716796875,185.4980926513672,21.076416015625,50.9920654296875,6.053467132005608e-07
690,0.0,410.908447265625,35.16837692260742,69.591552734375,6.2662948039360344e-06
690,0.0,341.684814453125,65.12126159667969,138.815185546875,8.519418770447373e-06
720,24.607097625732422,139.56759643554688,23.377197265625,53.82720947265625,4.694745257438626e-06
720,537.2029418945312,169.4143524169922,23.32958984375,55.873138427734375,8.400154911214486e-06
720,552.0926513671875,172.66172790527344,22.29833984375,52.7794189453125,3.0291143048088998e-05
720,240.78981018066406,176.37733459472656,22.266952514648438,53.430511474609375,2.1552375528699486e-06
720,233.3910369873047,182.20819091796875,21.014251708984375,52.327972412109375,1.2161738141003298e-06
720,546.0420532226562,178.79161071777344,20.6689453125,50.87445068359375,1.4960543239794788e-06
720,0.0,411.36322021484375,34.7411994934082,69.13677978515625,5.053362201579148e-06
720,0.0,340.3818359375,64.22018432617188,140.1181640625,1.1051857654820196e-05
750,24.411502838134766,138.2942352294922,23.889266967773438,54.830047607421875,1.8249104414280737e-06
750,491.8412170410156,172.21893310546875,21.677947998046875,51.897216796875,0.000157682501594536
750,518.40478515625,167.7759246826172,23.027099609375,55.101470947265625,1.898913524200907e-06
750,512.4630126953125,177.07928466796875,21.77978515625,51.699798583984375,0.02194652520120144
750,553.3705444335938,175.23410034179688,22.0517578125,51.884765625,5.833400336996419e-06
750,241.44895935058594,175.8087921142578,21.754287719726562,52.1053466796875,3.86307738153846e-06
750,415.5318603515625,76.64312744140625,148.465576171875,306.81512451171875,3.8729926927771885e-06
750,506.4158020019531,182.74522399902344,21.219390869140625,50.905853271484375,0.009509040042757988
750,484.15814208984375,187.78793334960938,20.75653076171875,51.75994873046875,7.044022822810803e-07
750,487.58648681640625,182.1547088623047,27.23968505859375,63.385406494140625,3.9701576497463975e-06
750,496.7750549316406,185.20172119140625,22.224700927734375,52.847076416015625,0.0005446673603728414
750,0.0,411.3932800292969,35.25776672363281,69.10671997070312,6.754013156751171e-06
750,0.0,340.4124755859375,64.77510070800781,140.0875244140625,8.99558472156059e-06
780,608.4903564453125,168.0554656982422,22.1861572265625,51.28839111328125,0.0002503946016076952
780,627.38720703125,164.5685272216797,13.11279296875,51.194000244140625,8.657003490952775e-06
780,518.5173950195312,171.99783325195312,22.112060546875,52.770416259765625,4.7097139031393453e-05
780,553.4119873046875,171.93605041503906,22.033447265625,51.6783447265625,0.0007433514692820609
780,241.05918884277344,176.132568359375,22.194046020507812,53.2130126953125,1.3506270306606893e-06
780,483.09832763671875,179.15170288085938,22.8173828125,52.972137451171875,2.0030713585583726e-06
780,490.852783203125,178.5662384033203,22.06683349609375,51.03240966796875,9.347459126729518e-06
780,512.1277465820312,177.52908325195312,22.5225830078125,52.89276123046875,0.0008691205875948071
780,615.2615356445312,172.98272705078125,22.885498046875,53.326568603515625,9.035193215822801e-06
780,498.53057861328125,184.88844299316406,22.43255615234375,52.99359130859375,4.0708975575398654e-05
780,507.2579345703125,184.42515563964844,22.0390625,52.765899658203125,0.0003344277502037585
780,547.535888671875,178.66917419433594,20.7767333984375,50.758575439453125,5.69924850424286e-06
780,559.6505126953125,177.4393310546875,22.0360107421875,53.000885009765625,4.5721694164058135e-07
780,0.0,411.2041015625,34.69154357910156,69.2958984375,5.398566827352624e-06
780,0.0,342.70208740234375,64.23405456542969,137.79791259765625,5.973124189040391e-06
810,496.68896484375,174.08139038085938,21.21075439453125,51.824798583984375,1.8869772020480013e-06
810,607.9525146484375,169.8751678466797,21.6494140625,52.489044189453125,0.02426551654934883
810,601.8840942382812,155.38536071777344,34.0867919921875,78.1878662109375,2.0495485841820482e-06
810,553.9819946289062,173.56884765625,21.8382568359375,50.925445556640625,2.1336587451514788e-05
810,626.0961303710938,171.11749267578125,14.40386962890625,52.1981201171875,1.5410498235723935e-05
810,241.32395935058594,176.2220916748047,21.944168090820312,52.641937255859375,6.744988240825478e-06
810,512.0848388671875,179.32675170898438,21.14385986328125,50.79119873046875,6.0371596191544086e-05
810,613.6561889648438,174.04844665527344,22.6856689453125,54.007843017578125,0.0007757915882393718
810,233.8245849609375,181.68194580078125,20.71527099609375,52.4598388671875,8.096122883216594e-07
810,490.01318359375,185.07310485839844,22.22998046875,53.471466064453125,3.597941031330265e-05
810,505.6509704589844,184.9410400390625,21.687103271484375,51.826263427734375,0.0001427925017196685
810,0.0,411.8641052246094,34.77006149291992,68.63589477539062,4.815326519747032e-06
810,0.0,341.6427917480469,64.79153442382812,138.85720825195312,7.3269629865535535e-06
840,491.690673828125,171.42062377929688,21.7420654296875,52.52178955078125,0.0001446400274289772
840,512.7421875,175.6020965576172,21.2987060546875,50.998748779296875,2.8540251150843687e-05
840,609.6444702148438,176.05227661132812,21.564208984375,50.5263671875,0.06333077698945999
840,626.339111328125,173.4107208251953,14.160888671875,50.873687744140625,2.5008313969010487e-05
840,241.55442810058594,176.01844787597656,21.723770141601562,52.08544921875,9.348912499262951e-06
840,552.9847412109375,179.01539611816406,21.7578125,51.689117431640625,5.529847840080038e-06
840,505.46038818359375,182.8992156982422,21.2664794921875,50.73089599609375,0.0004621264524757862
840,615.721923828125,179.57769775390625,21.2423095703125,51.171356201171875,0.00013720071001444012
840,496.8748779296875,187.82131958007812,21.80810546875,51.43994140625,0.0002378923527430743
840,0.0,425.23370361328125,23.986812591552734,55.26629638671875,6.12795975030167e-06
840,0.0,342.011962890625,65.21581268310547,138.488037109375,6.678454155917279e-06
870,609.1365356445312,171.371337890625,22.7861328125,54.452362060546875,3.408935299376026e-05
870,553.2210693359375,175.04847717285156,21.9688720703125,51.808074951171875,2.92868116957834e-06
870,241.38731384277344,176.1420135498047,22.359878540039062,53.235595703125,3.3716360121616162e-06
870,626.6807250976562,176.75579833984375,13.81927490234375,55.078399658203125,7.84769781603245e-06
870,504.7727966308594,183.867431640625,21.318695068359375,51.238128662109375,7.111380546120927e-05
870,616.2808837890625,181.0600128173828,21.1256103515625,50.80450439453125,1.1296992852294352e-05
870,497.06732177734375,188.88986206054688,21.9322509765625,51.87994384765625,0.00012700961087830365
870,0.0,424.8749694824219,23.806644439697266,55.625030517578125,5.83531937081716e-06
870,0.0,341.7001953125,65.0280990600586,138.7998046875,6.2706403696211055e-06
900,492.05853271484375,172.48757934570312,21.25836181640625,51.01983642578125,2.6501104002818465e-05
900,608.2671508789062,172.55447387695312,22.4173583984375,53.306060791015625,0.0013576553901657462
900,512.703857421875,175.36180114746094,21.4677734375,51.923919677734375,9.730119018058758e-06
900,626.9725952148438,173.78053283691406,13.52740478515625,50.525390625,1.0205642865912523e-05
900,240.89727783203125,177.43792724609375,22.150238037109375,52.266326904296875,3.077860355915618e-06
900,534.747802734375,87.90556335449219,105.752197265625,297.90521240234375,9.581198355590459e-06
900,233.64845275878906,183.4791717529297,21.2791748046875,52.338653564453125,8.690321351423336e-07
900,504.1708068847656,182.89686584472656,21.197662353515625,50.923675537109375,0.0028218987863510847
900,615.3302612304688,179.6335906982422,21.1859130859375,50.9666748046875,2.437551120237913e-05
900,483.2546691894531,188.96742248535156,20.64886474609375,50.706512451171875,1.1343372534611262e-06
900,486.5834045410156,180.3566436767578,27.784576416015625,65.20431518554688,9.897246400214499e-07
900,496.5296630859375,186.23587036132812,22.27423095703125,52.710235595703125,0.00020866471459157765
900,0.0,411.1822509765625,35.060340881347656,69.3177490234375,6.017681243974948e-06
900,0.0,341.2089538574219,65.1925048828125,139.29104614257812,8.27205349196447e-06
930,513.4663696289062,177.42974853515625,21.1331787109375,50.555999755859375,8.196893759304658e-05
930,552.8436889648438,174.43209838867188,22.0283203125,51.79718017578125,2.6226889531244524e-06
930,609.390625,176.45681762695312,21.6016845703125,50.53509521484375,0.0008849705336615443
930,626.8165283203125,173.30320739746094,13.6834716796875,50.773223876953125,1.3147554454917554e-05
930,64.51280212402344,174.29144287109375,21.74517822265625,51.31536865234375,7.486221875296906e-06
930,506.9006652832031,182.6432342529297,21.180877685546875,50.7672119140625,4.698552947957069e-05
930,519.0172729492188,179.0489044189453,22.688232421875,54.92047119140625,1.3002858167965314e-06
930,615.6656494140625,180.00942993164062,21.481201171875,51.45416259765625,2.9308072043932043e-05
930,489.9823913574219,186.1192169189453,22.5369873046875,54.4644775390625,2.2888468720339006e-06
930,497.50543212890625,187.87319946289062,22.09130859375,53.282379150390625,4.56201087217778e-05
930,0.0,411.89886474609375,34.810508728027344,68.60113525390625,3.847693733405322e-06
930,0.0,342.4842529296875,64.19204711914062,138.0157470703125,5.151172899786616e-06
960,609.9246215820312,177.69137573242188,21.4088134765625,51.160919189453125,3.493942131171934e-05
960,626.8169555664062,176.95956420898438,13.68304443359375,55.94744873046875,3.511072236506152e-06
960,616.3329467773438,181.63394165039062,21.505859375,51.460205078125,7.072839707689127e-06
960,489.33636474609375,187.18612670898438,22.82464599609375,55.18896484375,2.2521562641486526e-06
960,0.0,411.67755126953125,34.95001220703125,68.82244873046875,4.654817530536093e-06
960,0.0,343.644287109375,65.2557144165039,136.855712890625,5.406232958193868e-06
990,601.722412109375,163.97708129882812,24.6197509765625,57.85919189453125,0.0003864045429509133
990,613.9346313476562,162.33035278320312,22.3011474609375,53.713043212890625,2.490896440576762e-05
990,496.86474609375,176.6525421142578,21.15618896484375,50.812835693359375,7.5307565566618e-05
990,608.4375,174.1422882080078,22.08447265625,52.227752685546875,0.036856938153505325
990,601.2628173828125,156.89703369140625,35.9285888671875,79.75341796875,3.7344982501963386e-06
990,504.45391845703125,176.7125244140625,22.1517333984375,51.995025634765625,6.599131666007452e-06
990,512.5006103515625,180.52328491210938,22.13525390625,52.04547119140625,3.7974014048813842e-06
990,543.681884765625,117.90940856933594,96.818115234375,279.56072998046875,7.3045812314376235e-06
990,626.341552734375,176.81350708007812,14.158447265625,51.37774658203125,8.705108484718949e-05
990,612.8846435546875,175.7866973876953,26.771240234375,62.878662109375,1.533395698061213e-05
990,0.0,423.7048034667969,23.642911911010742,56.795196533203125,3.916882178600645e-06
990,0.0,347.94134521484375,64.10052490234375,132.55865478515625,9.647396836953703e-06
1020,609.4675903320312,164.2624053955078,21.7076416015625,51.725830078125,2.6083436750923283e-05
1020,618.9563598632812,145.8687744140625,21.54364013671875,90.35079956054688,1.1636097951850388e-06
1020,0.0,172.34176635742188,23.97785758972168,55.352294921875,4.49467097496381e-06
1020,499.0654296875,173.8745880126953,21.411376953125,51.866973876953125,0.0001019656119751744
1020,604.269775390625,175.27963256835938,21.574462890625,51.18768310546875,4.821497441298561e-06
1020,615.4156494140625,175.6361541748047,21.899658203125,52.00543212890625,0.007024741731584072
1020,625.2548828125,172.94659423828125,15.2451171875,50.79388427734375,9.115843567997217e-05
1020,506.8249206542969,179.601318359375,21.447357177734375,50.733428955078125,1.5903644452919252e-05
1020,518.9530639648438,179.77635192871094,21.40625,51.343292236328125,0.00023711944231763482
1020,0.0,184.0717010498047,15.890422821044922,54.823394775390625,2.6982936105923727e-05
1020,264.1162109375,192.201416015625,21.75640869140625,52.209930419921875,3.881681550410576e-06
1020,258.2511291503906,197.42140197753906,21.83880615234375,52.9981689453125,8.128871741064359e-06
1020,512.6146240234375,189.3180389404297,23.8304443359375,56.789642333984375,3.275361086707562e-05
1020,0.0,349.4320983886719,62.2698974609375,131.06790161132812,6.928416951268446e-06
1050,562.24560546875,172.5512237548828,20.9456787109375,50.946014404296875,4.328638624429004e-06
1050,574.9921264648438,171.07955932617188,23.95947265625,57.07476806640625,1.5712957974756137e-06
1050,0.0,182.63233947753906,13.858600616455078,52.515655517578125,6.324199148366461e-06
1050,569.3600463867188,183.63223266601562,21.77294921875,51.300384521484375,0.001066673081368208
1050,626.3289794921875,178.43557739257812,14.1710205078125,55.486328125,8.927384442358743e-06
1050,0.0,167.68902587890625,24.546924591064453,110.47793579101562,2.1029673007433303e-05
1050,2.312183380126953,184.0137481689453,32.845787048339844,80.65589904785156,2.129233678260789e-07
1050,499.4632568359375,185.3297576904297,21.45819091796875,50.510650634765625,2.1084231775603257e-05
1050,515.5311279296875,181.4822235107422,21.9246826171875,51.34716796875,6.173359906824771e-06
1050,528.7711181640625,182.2929229736328,21.6820068359375,51.822662353515625,1.7719139577820897e-05
1050,537.26904296875,182.51785278320312,21.0819091796875,50.6717529296875,0.00023104599677026272
1050,0.0,192.64425659179688,17.71432113647461,66.08712768554688,8.675640856381506e-06
1050,8.522387504577637,195.74754333496094,21.8837890625,51.20489501953125,1.0680586456146557e-05
1050,16.24930191040039,194.6773681640625,23.546268463134766,57.439788818359375,5.088831471766753e-07
1050,24.627582550048828,194.98944091796875,22.95056915283203,54.458831787109375,2.016309281316353e-06
1050,505.5921630859375,188.25152587890625,22.2254638671875,53.12139892578125,1.947138116520364e-06
1050,520.732421875,186.7422332763672,22.68896484375,54.1461181640625,8.963206710177474e-06
1050,0.0,114.08543395996094,70.73995208740234,308.13519287109375,2.0262759790057316e-05
1050,31.83453369140625,199.45223999023438,21.961044311523438,52.01025390625,3.35753065883182e-06
1050,0.0,170.2872772216797,33.90855026245117,155.5180206298828,0.00010285328608006239
1050,0.0,211.13763427734375,25.059297561645508,98.690673828125,1.5833161342015956e-06
1050,0.0,148.62420654296875,50.392086029052734,214.75128173828125,0.0018827663734555244
1050,0.0,219.496337890625,38.55087661743164,163.36248779296875,0.0002191562089137733
1080,592.634521484375,156.21310424804688,21.0980224609375,50.738189697265625,0.0007829689420759678
1080,600.6213989257812,155.78152465820312,21.1053466796875,50.7327880859375,2.0094801584491506e-05
1080,628.0783081054688,149.88296508789062,12.42169189453125,56.522369384765625,1.4508364074572455e-06
1080,0.0,89.70467376708984,51.08995819091797,222.84771728515625,8.783650628174655e-06
1080,0.0,144.8203125,21.76128387451172,84.85739135742188,5.595063612418016e-06
1080,0.0,116.7488784790039,32.76109313964844,136.16363525390625,1.8037966583506204e-05
1080,6.01832389831543,135.015380859375,44.6217041015625,106.60549926757812,1.8817778254742734e-05
1080,597.2032470703125,163.1483154296875,29.2327880859375,70.6199951171875,0.00801527313888073
1080,606.7484130859375,165.8729248046875,23.81396484375,56.500274658203125,0.0002475316869094968
1080,615.4012451171875,166.07666015625,25.0987548828125,59.437713623046875,2.847516407200601e-05
1080,626.7835693359375,169.5598602294922,13.7164306640625,52.70135498046875,7.13769331923686e-05
1080,613.111572265625,131.70423889160156,27.388427734375,130.90354919433594,2.5897538762365002e-06
1080,578.953369140625,176.5301971435547,21.27490234375,51.36083984375,2.0004708858323283e-05
1080,585.6663208007812,173.6624298095703,22.90869140625,54.1492919921875,0.0013328874483704567
1080,591.1763305664062,169.0885467529297,25.9056396484375,61.09942626953125,0.002142922719940543
1080,579.318115234375,160.85914611816406,36.0438232421875,87.90850830078125,4.489992988965241e-06
1080,626.72021484375,191.27650451660156,13.77978515625,50.97540283203125,8.413831892539747e-06
1080,73.10218811035156,201.54376220703125,22.510284423828125,54.088653564453125,1.8800722045853036e-06
1080,488.28375244140625,199.90817260742188,22.74688720703125,53.502105712890625,6.130315341579262e-06
1080,585.0787963867188,192.74868774414062,20.96826171875,50.8038330078125,1.0209595302512753e-06
1080,0.0,181.73248291015625,32.350975036621094,147.37130737304688,1.1900494428118691e-05
1080,0.0,162.39111328125,48.00094223022461,217.75421142578125,1.2559066817630082e-05
1080,0.0,228.5279083251953,35.58457565307617,144.89366149902344,4.574269405566156e-05
1080,0.0,263.7715759277344,22.320249557495117,92.0528564453125,1.2032630820613122e-06
1110,627.0584716796875,165.6064910888672,13.4415283203125,51.841217041015625,3.686142372316681e-05
1110,617.42236328125,171.2620849609375,22.31005859375,53.731170654296875,1.552366120449733e-05
1110,518.7054443359375,193.02505493164062,21.226806640625,50.67645263671875,2.4502503947587684e-05
1110,610.109130859375,186.08045959472656,21.31201171875,52.046661376953125,1.0905030194408027e-06
1110,614.87451171875,177.83090209960938,25.62548828125,76.33596801757812,1.0223255230812356e-05
1110,625.9877319335938,185.4869384765625,14.51226806640625,54.29901123046875,0.00026406379765830934
1110,106.32040405273438,192.5107879638672,21.778610229492188,51.126983642578125,7.624709542142227e-05
1110,495.614013671875,195.4686279296875,21.09368896484375,50.788421630859375,0.614289402961731
1110,506.5355529785156,193.07142639160156,21.459259033203125,50.998046875,0.00021816320077050477
1110,80.12763977050781,199.92626953125,23.057357788085938,55.377655029296875,1.8401060515316203e-05
1110,112.55733489990234,196.385498046875,21.75835418701172,51.152740478515625,2.1806114091305062e-05
1110,482.20550537109375,200.57461547851562,23.9842529296875,55.954193115234375,3.436607585172169e-06
1110,562.87841796875,209.14743041992188,21.1170654296875,50.70623779296875,8.679448001203127e-06
1110,490.60528564453125,202.708740234375,21.67523193359375,52.64825439453125,0.002196389716118574
1110,511.3128662109375,198.98455810546875,22.697509765625,54.04931640625,1.3508329175238032e-05
1110,627.3792114257812,206.82315063476562,13.12078857421875,51.51495361328125,1.3521268556360155e-05
1110,569.3917846679688,216.38710021972656,21.2117919921875,51.36100769042969,2.4037533876253292e-05
1110,486.8614501953125,214.18434143066406,24.97943115234375,60.11595153808594,1.7095424482249655e-05
1110,575.2390747070312,217.97683715820312,22.114013671875,53.49853515625,4.633125172404107e-06
1110,25.314828872680664,209.85951232910156,51.89152526855469,119.04371643066406,4.161458491580561e-06
1110,0.0,344.88671875,61.41681671142578,135.61328125,7.471258868463337e-06
1140,522.9066772460938,170.81605529785156,21.132080078125,50.880218505859375,5.26475105289137e-06
1140,626.953125,163.4136962890625,13.546875,54.447021484375,0.00010517070768401027
1140,517.214599609375,168.05816650390625,31.614501953125,76.37005615234375,0.00032635859679430723
1140,517.0115966796875,184.32669067382812,22.1451416015625,53.980255126953125,0.0001675331877777353
1140,619.5218505859375,159.8373565673828,20.9781494140625,94.33929443359375,1.050705395755358e-05
1140,523.6112670898438,188.077392578125,22.5145263671875,53.687225341796875,0.9686636924743652
1140,532.4822387695312,188.39541625976562,21.0867919921875,51.27880859375,0.3360328674316406
1140,625.9437866210938,180.08407592773438,14.55621337890625,61.39935302734375,1.749344664858654e-05
1140,461.6754150390625,143.3845977783203,129.8634033203125,271.2425537109375,4.310401891416404e-06
1140,121.49201202392578,200.5664825439453,21.12902069091797,51.445831298828125,1.1082623814218096e-06
1140,128.63134765625,200.06776428222656,21.335235595703125,51.0765380859375,3.777996425924357e-06
1140,593.6114501953125,130.8804931640625,46.8885498046875,238.21563720703125,5.9055114434158895e-06
1140,515.467041015625,199.68701171875,21.6588134765625,54.2691650390625,1.5595719560224097e-06
1140,624.4805297851562,198.5429229736328,16.01947021484375,79.28053283691406,4.4728290049533825e-06
1140,614.181396484375,166.70262145996094,26.318603515625,133.55104064941406,3.64735228686186e-06
1140,627.242431640625,232.75970458984375,13.257568359375,51.444580078125,0.00011614915274549276
1140,0.0,424.65185546875,23.89443016052246,55.84814453125,3.082690000155708e-06
1140,0.0,377.9736633300781,52.35603713989258,102.52633666992188,3.995750830654288e-06
1170,599.0794067382812,163.8565216064453,23.3128662109375,56.537567138671875,0.0002758126938715577
1170,625.7117309570312,163.8191375732422,14.78826904296875,58.588592529296875,1.8888316617449163e-06
1170,586.4613037109375,177.1836395263672,22.526123046875,53.34417724609375,8.651952157379128e-06
1170,595.412353515625,177.31964111328125,21.2020263671875,51.06036376953125,0.00025607869611121714
1170,604.1026611328125,180.2458038330078,25.56884765625,60.40826416015625,0.00015698146307840943
1170,597.8696899414062,164.63336181640625,35.8577880859375,87.85601806640625,4.823474955628626e-05
1170,582.8359985351562,172.28558349609375,34.759765625,86.76657104492188,1.183921767733409e-06
1170,613.702880859375,184.12657165527344,24.0533447265625,57.2198486328125,0.00021095886768307537
1170,626.47509765625,185.21693420410156,14.02490234375,52.203826904296875,6.021480294293724e-05
1170,177.30735778808594,194.55426025390625,22.507476806640625,54.26904296875,2.6675068511394784e-05
1170,184.38319396972656,193.69830322265625,22.608123779296875,53.9639892578125,1.3088530977256596e-05
1170,588.371337890625,192.19100952148438,22.708740234375,54.511016845703125,0.00029268363141454756
1170,534.3012084960938,158.58346557617188,106.19879150390625,275.88360595703125,1.5429054656124208e-06
1170,597.2235717773438,186.28970336914062,25.6265869140625,60.819671630859375,0.9842445254325867
1170,576.371337890625,196.2895050048828,26.1856689453125,61.57752990722656,0.00014840057701803744
1170,618.71337890625,169.3638458251953,21.78662109375,92.47517395019531,2.537502041377593e-06
1170,583.3739013671875,203.99282836914062,26.4344482421875,65.89877319335938,1.909348793560639e-05
1170,591.14697265625,198.46743774414062,27.365966796875,65.3277587890625,5.9112015151185915e-05
1200,72.03895568847656,180.38804626464844,23.984115600585938,58.916107177734375,2.3150585093389964e-06
1200,80.59136962890625,182.435302734375,21.805816650390625,50.841033935546875,2.104625082210987e-06
1200,0.0,202.3228759765625,14.998147010803223,53.582977294921875,3.9326903788605705e-05
1200,0.0,424.8039855957031,24.098140716552734,55.696014404296875,3.5169800867151935e-06
1200,0.0,346.1544494628906,64.0917739868164,134.34555053710938,4.694798917626031e-06
1230,611.7662963867188,0.0,28.73370361328125,63.23691940307617,2.584715730336029e-06
1230,595.4268798828125,0.0,45.0731201171875,123.50540924072266,5.173598310648231e-06
1230,0.0,178.46987915039062,15.413753509521484,54.11859130859375,7.111730155884288e-06
1230,626.8383178710938,173.26168823242188,13.66168212890625,58.56500244140625,4.442057161213597e-06
1230,0.6554632186889648,186.2715606689453,22.41849136352539,53.606475830078125,9.875874638964888e-06
1230,33.093231201171875,188.55332946777344,21.790069580078125,50.786163330078125,1.4153664551486145e-06
1230,41.437740325927734,194.71182250976562,21.404373168945312,51.14385986328125,2.0085060441488167e-06
1230,0.0,199.91600036621094,13.26026725769043,51.0555419921875,6.924882654857356e-06
1230,0.0,425.99700927734375,24.497114181518555,54.50299072265625,2.4465882688673446e-06
1230,0.0,347.6119079589844,63.066986083984375,132.88809204101562,1.5813837308087386e-05
1260,0.0,185.38047790527344,15.249135971069336,55.998748779296875,3.81759036827134e-06
1260,9.035870552062988,187.3308868408203,21.782127380371094,52.28125,8.548926189178019e-07
1260,627.0565795898438,183.5255889892578,13.44342041015625,57.162139892578125,5.216387762629893e-06
1290,0.0,179.623291015625,14.987990379333496,58.33642578125,3.850711436825804e-06
1290,280.25384521484375,188.72677612304688,21.88134765625,52.167236328125,3.406221730983816e-05
1290,544.8958129882812,197.78753662109375,22.5269775390625,52.178253173828125,6.826344906585291e-05
1290,0.0,201.8236541748047,15.170696258544922,57.36555480957031,6.04204906267114e-05
1290,8.310220718383789,201.7808380126953,23.26230239868164,55.34544372558594,2.8049596949131228e-05
1290,16.105819702148438,201.26126098632812,22.831451416015625,53.71820068359375,3.400348987270263e-06
1290,24.49562644958496,200.17279052734375,23.024682998657227,54.468292236328125,3.212522869944223e-06
1290,274.09088134765625,193.6131591796875,20.78717041015625,51.136962890625,3.5039342947129626e-06
1290,0.0,186.37750244140625,22.025291442871094,101.14190673828125,9.41540019994136e-06
1290,2.115985870361328,203.3685302734375,32.686092376708984,81.19976806640625,1.949834540937445e-06
1290,0.0,217.9967498779297,16.946027755737305,61.89555358886719,5.967635388515191e-06
1290,0.0,170.37124633789062,42.09990310668945,211.398193359375,1.7901393221109174e-06
1320,616.9348754882812,205.04376220703125,21.7486572265625,51.98883056640625,5.12457154400181e-06
1320,626.9150390625,203.5172119140625,13.5849609375,52.14947509765625,1.7318458048976026e-05
1320,619.880615234375,177.9577178955078,20.619384765625,95.47077941894531,4.331971467763651e-06
1320,609.4525756835938,209.08453369140625,23.3175048828125,53.929901123046875,1.6068086097220657e-06
1320,626.5478515625,220.92453002929688,13.9521484375,56.3846435546875,1.3530826436181087e-05
1320,6.1575164794921875,254.5311737060547,25.47687530517578,61.12690734863281,2.4198220671678428e-06
1320,0.0,226.78749084472656,33.298458099365234,138.7310028076172,1.7180525901494548e-05
1320,0.0,210.655517578125,46.203346252441406,227.9375,1.0874624422285706e-05
1350,111.86061096191406,195.42892456054688,22.643386840820312,53.00396728515625,6.814525477238931e-07
1350,0.0,225.07591247558594,15.206026077270508,55.90611267089844,1.9337217054271605e-06
1350,0.0,349.4446716308594,62.35277557373047,131.05532836914062,9.176127605314832e-06
1410,0.0,176.0624542236328,15.827876091003418,56.867095947265625,5.341445103113074e-06
1410,439.822021484375,189.09954833984375,23.55633544921875,55.602935791015625,2.17697106563719e-06
1410,0.0,349.0270690917969,62.675872802734375,131.47293090820312,9.197075087286066e-06
1440,0.0,175.55615234375,15.311084747314453,56.575958251953125,1.1680943316605408e-05
1440,8.403032302856445,182.2880859375,20.996196746826172,50.5638427734375,3.594108420656994e-06
1440,240.97500610351562,191.5919189453125,22.9256591796875,55.284027099609375,1.1088301107520238e-05
1440,616.3019409179688,213.49314880371094,20.928466796875,50.96611022949219,4.69901024189312e-05
1440,608.773193359375,218.8234100341797,23.441650390625,55.86054992675781,2.0183573724352755e-05
1440,602.4454956054688,220.7761688232422,21.326416015625,52.43431091308594,1.1188148164364975e-05
1440,598.5283203125,214.84934997558594,30.5635986328125,73.46003723144531,4.7616367737646215e-06
1440,626.7525024414062,223.5697021484375,13.74749755859375,54.146514892578125,1.0293950253981166e-05
1440,614.2234497070312,227.2112579345703,25.9459228515625,60.52580261230469,6.038917945261346e-06
1440,603.8435668945312,226.4198455810547,32.3309326171875,78.30012512207031,1.1572392395464703e-05
1440,0.0,425.86346435546875,23.527746200561523,54.63653564453125,8.510876796208322e-06
1440,0.0,344.63592529296875,65.74385833740234,135.86407470703125,9.100083843804896e-06
1470,67.23442840576172,165.15542602539062,22.239334106445312,52.02783203125,1.1517036909935996e-05
1470,79.35401916503906,169.99549865722656,21.141571044921875,51.736785888671875,0.010606841184198856
1470,72.40139770507812,174.80477905273438,21.667755126953125,50.943359375,0.0006226605037227273
1470,64.8272933959961,157.22848510742188,35.92051696777344,85.66006469726562,1.8149514744436601e-06
1470,86.67744445800781,177.02108764648438,23.311737060546875,54.68829345703125,3.440234422669164e-06
1470,65.7996826171875,182.21505737304688,23.72076416015625,55.327606201171875,7.1490144364361186e-06
1470,0.0,195.16273498535156,13.725953102111816,50.5040283203125,4.313811132306e-06
1470,0.0,189.8492431640625,18.891698837280273,75.67083740234375,8.054549653024878e-06
1470,0.0,426.2564697265625,23.086017608642578,54.2435302734375,6.7437085817800835e-06
1470,0.0,347.2705993652344,64.39533233642578,133.22940063476562,1.2047859854646958e-05
1500,442.9525451660156,178.27415466308594,21.85736083984375,51.7589111328125,1.464845900045475e-05
1500,556.8917846679688,177.84165954589844,21.72314453125,51.999481201171875,4.6450618356175255e-06
1500,566.8030395507812,175.4446258544922,21.75537109375,51.309173583984375,0.00014908163575455546
1500,557.6137084960938,174.14169311523438,30.7462158203125,71.34634399414062,2.895268153224606e-06
1500,0.0,350.64776611328125,63.62838363647461,129.85223388671875,5.429949851532001e-06
1530,619.3580932617188,146.3911590576172,21.14190673828125,92.9677734375,1.4602840110455872e-06
1530,487.59600830078125,170.29342651367188,20.975830078125,50.71002197265625,0.0005046571022830904
1530,625.3112182617188,166.73731994628906,15.18878173828125,56.28729248046875,1.9048889953410253e-05
1530,481.3377685546875,173.6248016357422,21.337890625,51.381072998046875,0.0002293966681463644
1530,562.5537109375,175.16952514648438,21.2943115234375,51.1396484375,2.231566577393096e-05
1530,0.0,185.1925811767578,13.755730628967285,50.700225830078125,2.174147630285006e-05
1530,0.0,159.23731994628906,21.81106185913086,97.55839538574219,4.830283160117688e-06
1530,474.2206726074219,179.46963500976562,23.75970458984375,56.412139892578125,1.9835279090330005e-06
1530,602.4295043945312,355.43609619140625,38.07049560546875,125.06390380859375,3.1792160370969214e-06
1560,522.2560424804688,148.43849182128906,34.0609130859375,80.69091796875,4.629057457350427e-06
1560,536.2420043945312,165.54266357421875,22.03857421875,51.563140869140625,0.0008477716473862529
1560,528.2332153320312,167.27078247070312,23.3616943359375,55.602874755859375,0.053881652653217316
1560,542.8243408203125,168.89718627929688,22.135986328125,52.66595458984375,0.00014708029630128294
1560,25.026004791259766,181.28514099121094,22.14112091064453,52.669586181640625,1.3735910215473268e-05
1560,550.7675170898438,172.65475463867188,23.0916748046875,54.54693603515625,1.697565858194139e-05
1560,0.0,182.94351196289062,15.009819984436035,55.5789794921875,4.483899374463363e-06
1560,514.6728515625,176.6134796142578,22.974853515625,56.5970458984375,0.0003970902762375772
1560,519.2971801757812,169.75482177734375,27.5548095703125,66.00225830078125,0.049589451402425766
1560,528.0404052734375,168.6660919189453,33.119873046875,77.92877197265625,0.0005280402838252485
1560,512.9871826171875,165.36236572265625,39.8468017578125,94.57427978515625,6.288141207733133e-07
1590,594.9608154296875,0.0,45.5391845703125,122.69644165039062,1.4766548019906622e-06
1590,627.1073608398438,122.74687194824219,13.39263916015625,51.66839599609375,1.0706122338888235e-05
1590,0.0,165.9203338623047,16.479122161865234,57.0654296875,3.45087437381153e-06
1590,25.759140014648438,174.13076782226562,21.07549285888672,51.428955078125,3.736186329206248e-07
1590,18.693084716796875,175.29165649414062,21.15540313720703,50.876739501953125,6.1297655520320404e-06
1590,378.7522277832031,177.53684997558594,21.69970703125,52.294952392578125,3.3239348340430297e-06
1590,0.0,158.55076599121094,23.981412887573242,94.21633911132812,1.342376663160394e-06
1590,0.7508468627929688,185.1758575439453,21.700450897216797,50.90960693359375,9.302601392846555e-05
1590,8.788912773132324,185.54031372070312,21.44968032836914,51.6455078125,2.042682535829954e-05
1590,0.0,196.52896118164062,13.527567863464355,51.42724609375,4.85182499687653e-06
1620,0.0,143.41372680664062,18.42121124267578,75.97750854492188,4.235763753968058e-06
1620,0.0,166.76028442382812,13.663676261901855,50.555145263671875,4.415191870066337e-05
1620,33.89540100097656,171.51747131347656,23.164947509765625,53.605987548828125,3.3113960853370372e-06
1620,0.19728469848632812,172.44863891601562,22.83267593383789,54.09930419921875,9.87491657724604e-05
1620,8.678593635559082,172.99282836914062,22.42620849609375,53.075775146484375,0.00033273748704232275
1620,45.09320068359375,171.74627685546875,23.771865844726562,55.002166748046875,1.5793582861078903e-05
1620,0.0,131.54013061523438,28.178421020507812,125.30569458007812,5.972958661004668e-06
1620,0.0,106.44315338134766,45.35489273071289,228.18896484375,3.7023526147095254e-06
1620,17.685195922851562,177.17764282226562,21.920673370361328,52.342193603515625,6.643217784585431e-05
1620,24.733285903930664,180.26998901367188,21.122404098510742,51.4786376953125,3.588541949284263e-05
1620,40.06182861328125,179.10130310058594,21.68285369873047,51.345855712890625,7.197012746473774e-05
1620,0.0,182.1278839111328,15.112810134887695,57.9898681640625,7.406652002828196e-06
1620,628.04052734375,192.860107421875,12.45947265625,57.31304931640625,4.601631644618465e-06
1650,0.0,181.9256591796875,15.512374877929688,56.963134765625,5.102214709040709e-05
1650,0.0,159.708740234375,22.9609317779541,97.44073486328125,4.034674475406064e-06
1650,481.3837585449219,183.96139526367188,21.773681640625,51.89044189453125,6.522752755699912e-06
1650,486.3817138671875,183.63638305664062,24.81048583984375,59.477081298828125,7.879171789682005e-06
1650,626.5803833007812,182.77621459960938,13.91961669921875,57.461517333984375,9.817971658776514e-06
1650,464.1236877441406,192.51327514648438,23.87542724609375,56.974273681640625,2.2380679638445145e-06
1650,473.0834045410156,191.0283660888672,21.06732177734375,51.027191162109375,3.328569391669589e-06
1680,58.89419174194336,160.044189453125,22.275287628173828,52.66143798828125,4.273052036296576e-05
1680,69.98499298095703,158.79281616210938,22.571273803710938,52.6346435546875,0.03163975104689598
1680,63.047576904296875,162.2616424560547,25.75213623046875,61.063751220703125,0.3099132478237152
1680,79.49507904052734,164.91798400878906,21.061676025390625,50.670654296875,0.00016952709120232612
1680,74.45132446289062,161.82557678222656,29.736404418945312,71.62612915039062,1.6893809515750036e-05
1680,49.285884857177734,175.35362243652344,22.028934478759766,52.451873779296875,2.4145469069480896e-05
1680,54.64262771606445,170.3564453125,26.968318939208984,61.854888916015625,1.0215615475317463e-05
1680,201.76644897460938,177.8848419189453,21.500518798828125,50.7581787109375,1.0912062862189487e-06
1680,209.71456909179688,176.33522033691406,21.33453369140625,51.40728759765625,2.3050456547935028e-06
1680,0.0,186.15576171875,21.059001922607422,55.061279296875,0.00041678696288727224
1680,54.30791473388672,154.26324462890625,37.89759826660156,91.29696655273438,0.0004172727931290865
1680,68.88929748535156,173.906982421875,26.205718994140625,60.747283935546875,9.067527571460232e-05
1680,6.517426490783691,188.26324462890625,21.227645874023438,50.90802001953125,2.3468495783163235e-05
1680,0.0,168.85276794433594,23.21376609802246,99.30778503417969,3.624668897828087e-05
1680,0.0,199.90594482421875,16.331764221191406,61.580810546875,7.654482942598406e-06
1680,618.14013671875,213.2041015625,22.35986328125,104.84454345703125,5.5697219067951664e-06
1680,0.0,425.1740417480469,23.3067626953125,55.325958251953125,4.126184194319649e-06
1680,0.0,345.44342041015625,62.295372009277344,135.05657958984375,7.1676035986456554e-06
1710,593.9713134765625,0.0,46.5286865234375,124.16394805908203,7.318791631405475e-06
1710,0.0,140.9976043701172,22.29486656188965,100.26858520507812,3.777586016440182e-06
1710,1.9381494522094727,174.32217407226562,21.323368072509766,50.618988037109375,9.482089808443561e-06
1710,0.0,177.71878051757812,15.810027122497559,56.390380859375,1.7372914953739382e-05
1710,6.6517486572265625,180.00973510742188,22.98564910888672,54.8507080078125,0.0001323286269325763
1710,14.177690505981445,177.6474609375,23.207685470581055,55.16815185546875,6.690483132842928e-06
1710,218.15489196777344,176.87135314941406,21.617401123046875,50.641510009765625,3.541651494742837e-06
1710,65.21143341064453,182.541015625,22.360671997070312,52.29119873046875,3.090567133767763e-06
1710,609.966796875,188.23146057128906,22.56103515625,53.558807373046875,2.3774921373842517e-06
1710,626.6824951171875,188.42376708984375,13.8175048828125,51.64910888671875,6.268093784456141e-06
1710,2.0098514556884766,190.36676025390625,22.022539138793945,51.892791748046875,7.383047432085732e-06
1710,616.9711303710938,193.1073455810547,22.3829345703125,53.9288330078125,1.0343436770199332e-05
1710,0.0,426.270263671875,22.622434616088867,54.229736328125,2.4447153919027187e-06
1710,0.0,347.236328125,64.47360229492188,133.263671875,5.03669616591651e-06
1740,596.0216064453125,0.0,44.4783935546875,119.05538940429688,7.541829745605355e-06
1740,129.04820251464844,163.23394775390625,23.727386474609375,56.504638671875,1.0989281690854114e-05
1740,0.4122438430786133,164.18446350097656,25.00332260131836,60.213043212890625,7.211024239950348e-06
1740,122.07051086425781,168.93130493164062,21.986175537109375,52.416656494140625,2.282364403072279e-05
1740,134.96530151367188,173.89752197265625,21.522857666015625,50.728607177734375,0.00010702096187742427
1740,15.300450325012207,169.17950439453125,21.822982788085938,53.2421875,2.185247649322264e-05
1740,115.87397766113281,173.4492645263672,21.85040283203125,51.938507080078125,9.182413123198785e-06
1740,486.8437194824219,176.1427001953125,21.36761474609375,51.042999267578125,0.0013079806230962276
1740,0.0,176.15240478515625,15.80979061126709,59.273956298828125,3.949116489820881e-06
1740,6.159158706665039,172.78042602539062,25.789043426513672,60.092559814453125,2.690251130843535e-05
1740,416.88519287109375,186.0921173095703,20.9708251953125,50.96099853515625,5.129255896463292e-06
1740,441.5679016113281,188.62603759765625,22.17266845703125,51.11785888671875,3.752223346964456e-05
1740,483.2146911621094,186.76397705078125,21.63555908203125,50.59283447265625,5.331683496478945e-06
1740,627.4092407226562,209.1999969482422,13.09075927734375,51.10075378417969,3.914656645065406e-06
1740,0.0,349.680908203125,62.939186096191406,130.819091796875,7.457128958776593e-06
1770,611.5822143554688,0.0,28.91778564453125,53.34772872924805,4.803713181900093e-06
1770,593.813232421875,0.0,46.686767578125,119.32543182373047,7.019993518042611e-06
1770,161.6479949951172,172.08792114257812,21.1348876953125,50.904205322265625,5.212409632804338e-06
1770,479.6483459472656,182.6227264404297,23.03704833984375,54.1622314453125,5.2611871069530025e-05
1770,543.8292236328125,175.6873321533203,25.5511474609375,58.23431396484375,4.996813459001714e-06
1770,453.1060485839844,184.84194946289062,28.7587890625,69.91729736328125,3.7138965126359835e-05
1770,451.4584655761719,200.7434539794922,21.51593017578125,50.727294921875,0.0007939107017591596
1770,464.16015625,189.51744079589844,25.28155517578125,59.78997802734375,5.3547468269243836e-05
1770,472.1265869140625,188.75253295898438,25.209716796875,58.732025146484375,0.004513686057180166
1770,484.2113037109375,186.79721069335938,25.8570556640625,59.5223388671875,3.5947321066487348e-06
1770,470.75140380859375,179.66148376464844,34.96044921875,84.45625305175781,1.563458795317274e-06
1770,0.0,350.1393737792969,63.10322952270508,130.36062622070312,2.332083340661484e-06
1770,610.6600341796875,408.72503662109375,29.8399658203125,71.77496337890625,6.727989784849342e-06
1770,598.7976684570312,359.1807556152344,41.70233154296875,121.31924438476562,1.0964577086269855e-05
1800,596.2095947265625,0.0,44.2904052734375,124.88980102539062,3.077566816500621e-06
1800,153.37100219726562,172.14234924316406,21.84539794921875,50.6907958984375,4.5255825398271554e-07
1800,391.7701416015625,174.26089477539062,25.60076904296875,61.511505126953125,5.695879281120142e-06
1800,0.0,178.45359802246094,16.523935317993164,59.435760498046875,3.3086285839090124e-05
1800,0.0,152.9110565185547,22.835227966308594,100.75234985351562,1.589221392350737e-05
1800,5.720067977905273,180.0416259765625,24.46689224243164,58.010345458984375,3.7967422485962743e-06
1800,387.50091552734375,189.1570281982422,24.117431640625,54.8189697265625,2.4970947833935497e-06
1800,405.803466796875,190.32687377929688,22.4827880859375,52.9676513671875,2.7407109882915393e-05
1800,393.71051025390625,198.61605834960938,22.00042724609375,52.2064208984375,0.004324573092162609
1800,398.82843017578125,191.87274169921875,22.55126953125,52.900970458984375,0.001102245063520968
1800,0.0,199.20077514648438,15.48054027557373,57.3067626953125,2.3636546757188626e-05
1800,8.218179702758789,200.1849365234375,23.581085205078125,54.458984375,4.081537099409616e-06
1800,15.863119125366211,208.98548889160156,21.41343116760254,50.97901916503906,8.536301720596384e-06
1800,545.578125,220.54180908203125,23.109619140625,53.689208984375,0.00016472865536343306
1800,0.0,217.82489013671875,16.306535720825195,62.962310791015625,4.826862095796969e-06
1800,0.0,193.5498504638672,22.427690505981445,106.83845520019531,9.177930223813746e-06
1800,550.7674560546875,227.48985290527344,24.791259765625,57.54756164550781,8.206529855669942e-06
1800,0.0,163.62612915039062,48.04814147949219,224.9892578125,2.346235305594746e-06
1800,0.0,197.76170349121094,31.220373153686523,143.5628204345703,2.9781192552036373e-06
1800,593.3865966796875,157.07363891601562,47.1134033203125,240.748046875,2.012011464103125e-05
1830,126.76477813720703,167.73573303222656,23.012123107910156,53.84747314453125,0.0007141808164305985
1830,386.8900451660156,168.9798126220703,21.73876953125,50.97705078125,6.909573130542412e-05
1830,0.0,146.66677856445312,25.296894073486328,110.72207641601562,2.632034920679871e-06
1830,0.0,138.86618041992188,52.094810485839844,141.38214111328125,9.123371455643792e-06
1830,134.02557373046875,171.0191650390625,24.0574951171875,56.43731689453125,5.856756615685299e-06
1830,119.34428405761719,174.9852752685547,26.347869873046875,62.27593994140625,1.3878228628527722e-06
1830,281.6444396972656,181.59230041503906,21.58648681640625,51.581298828125,1.7960552213480696e-05
1830,424.39697265625,187.99053955078125,25.2684326171875,59.503875732421875,3.0963974495534785e-07
1830,431.1593933105469,203.10488891601562,23.9622802734375,57.531829833984375,2.7848682293551974e-05
1830,439.5576477050781,208.73985290527344,25.52294921875,58.63771057128906,7.200812888186192e-06
1830,446.5249328613281,215.0983428955078,26.70159912109375,59.82255554199219,2.224144054707722e-06
1830,0.0,165.24652099609375,72.58158874511719,240.58929443359375,2.3626223992323503e-05
1830,0.0,246.81362915039062,35.74118423461914,155.045166015625,3.820432903012261e-05
1830,0.0,216.30709838867188,50.81597137451172,226.7607421875,0.00013621884863823652
1830,610.3106079101562,408.3798522949219,30.18939208984375,72.12014770507812,4.745515980175696e-06
1830,597.4415283203125,362.5126647949219,43.0584716796875,117.98733520507812,5.169061296328437e-06
