30,594.016357421875,0.0,46.483642578125,132.17779541015625,3.3734884254954522e-06
30,153.64898681640625,176.25332641601562,21.473907470703125,50.568695068359375,7.120114605640993e-05
30,185.08367919921875,174.06976318359375,22.033843994140625,51.50054931640625,3.608897941376199e-06
30,0.0,350.70501708984375,62.36018371582031,129.79498291015625,7.254609499796061e-06
60,538.18701171875,172.0715789794922,24.2808837890625,56.25140380859375,0.00033871858613565564
60,535.2478637695312,157.87591552734375,34.0369873046875,79.91891479492188,3.3060948680940783e-06
60,550.0345458984375,168.7267303466797,21.4033203125,51.267608642578125,2.6813299882633146e-06
90,0.0,198.1821746826172,14.429923057556152,54.443939208984375,8.754189366300125e-06
90,628.0813598632812,202.8225860595703,12.41864013671875,51.80230712890625,5.528724159375997e-06
120,0.0,143.47999572753906,15.231954574584961,57.603363037109375,8.64345838635927e-06
120,407.4222412109375,159.68179321289062,21.514404296875,51.37353515625,0.0003036966663785279
120,23.801136016845703,166.28875732421875,21.844993591308594,54.04290771484375,1.8369029930909164e-05
120,58.410518646240234,156.95068359375,33.71718215942383,80.21450805664062,3.774146534851752e-05
120,70.13369750976562,168.3963165283203,22.602432250976562,52.9891357421875,0.00016061760834418237
120,191.00709533691406,167.89495849609375,22.0772705078125,52.21258544921875,5.439205779111944e-06
120,369.8921203613281,163.6011505126953,21.4991455078125,50.713470458984375,8.558465196983889e-06
120,50.967594146728516,171.4466094970703,21.256168365478516,51.269561767578125,1.471867199143162e-05
120,57.88127899169922,172.64979553222656,21.947906494140625,52.810272216796875,0.00036556768463924527
120,79.08888244628906,169.30235290527344,20.939239501953125,50.6719970703125,2.8536233003251255e-06
120,0.0,177.46908569335938,13.519330024719238,50.7978515625,1.9953040464315563e-06
120,0.0,165.2189178466797,19.6756591796875,77.66680908203125,2.9987620564497774e-06
120,8.115677833557129,171.8354949951172,25.81125259399414,61.287017822265625,1.6165722627192736e-05
120,16.22822380065918,170.7764892578125,26.678422927856445,61.62628173828125,0.00011474973143776879
120,29.363197326660156,169.9989776611328,26.701499938964844,62.859710693359375,1.9931756469304673e-05
120,47.19743728637695,169.34979248046875,30.458087921142578,72.04257202148438,1.259936107089743e-05
120,64.79917907714844,175.81198120117188,21.892410278320312,52.601898193359375,0.0012041648151353002
120,464.2621154785156,184.24575805664062,22.27374267578125,53.573089599609375,5.027803126722574e-06
120,15.626592636108398,157.13406372070312,36.669189453125,93.65151977539062,1.229230065291631e-06
120,458.22882080078125,194.29400634765625,22.83111572265625,54.051849365234375,7.005093721090816e-06
120,604.101318359375,196.0530242919922,21.319091796875,50.669036865234375,2.628660922709969e-06
120,616.8338012695312,192.32742309570312,21.78955078125,50.96429443359375,0.00019105584942735732
120,592.5158081054688,112.76455688476562,47.98419189453125,236.69635009765625,1.4022740288055502e-05
120,567.223388671875,74.62368774414062,73.276611328125,318.22735595703125,7.077036570990458e-06
120,610.3075561523438,198.0528106689453,21.7393798828125,51.058135986328125,6.691644102829741e-06
120,626.6593627929688,195.01768493652344,13.84063720703125,56.392608642578125,1.0924142770818435e-05
150,623.2017822265625,61.73637008666992,17.2982177734375,77.58908081054688,3.876062237395672e-06
150,463.9282531738281,163.7410125732422,23.77008056640625,55.950927734375,2.3741549739497714e-05
150,24.455032348632812,170.4557342529297,22.58867645263672,53.0611572265625,2.725718786678044e-06
150,460.2523193359375,173.73927307128906,21.1246337890625,50.86126708984375,4.5811211180080136e-07
150,560.6793823242188,192.69613647460938,21.57421875,51.034088134765625,3.6530332181428093e-07
150,628.2135009765625,216.9091339111328,12.2864990234375,50.53938293457031,9.0293442553957e-06
180,626.0186767578125,65.96729278564453,14.4813232421875,57.62104797363281,2.9101306608936284e-06
180,531.417724609375,165.4867706298828,21.87451171875,52.567596435546875,5.161035733181052e-05
180,0.0,163.34791564941406,13.964019775390625,50.57928466796875,1.6349972611351404e-06
180,530.4176635742188,155.83822631835938,33.7469482421875,77.23263549804688,6.8631670728791505e-06
180,536.7012329101562,171.39183044433594,22.0748291015625,53.1785888671875,0.048608776181936264
180,550.2224731445312,168.8631591796875,21.4971923828125,52.630279541015625,1.4608294804929756e-05
210,18.486848831176758,128.2273712158203,23.437498092651367,55.142578125,7.359399660344934e-06
210,30.767499923706055,132.4658203125,22.320497512817383,54.509857177734375,2.0142155335634016e-05
210,372.5168151855469,127.26115417480469,37.7984619140625,88.46661376953125,0.011694430373609066
210,25.896987915039062,141.6408233642578,22.029144287109375,51.63580322265625,0.005435458850115538
210,36.46803283691406,141.73207092285156,26.070266723632812,63.371063232421875,4.3175109567528125e-06
210,17.739458084106445,145.59754943847656,26.7419490814209,62.406707763671875,5.22770278621465e-06
210,26.38866424560547,141.06814575195312,30.989463806152344,74.8621826171875,0.00019373340182937682
210,372.25,148.86801147460938,25.90283203125,60.99285888671875,0.000864642031956464
210,380.59027099609375,148.39309692382812,26.10321044921875,62.907562255859375,0.02795763686299324
210,390.75433349609375,151.7030792236328,23.23516845703125,54.205841064453125,0.003943140152841806
210,577.9072875976562,162.24771118164062,21.2479248046875,50.59735107421875,6.153474259917857e-06
210,399.4724426269531,160.735595703125,21.0870361328125,51.2830810546875,3.65850719390437e-05
210,0.0,175.23748779296875,15.563681602478027,54.471710205078125,5.171610155230155e-06
210,627.1339721679688,186.70166015625,13.36602783203125,50.8331298828125,2.0770348783116788e-05
210,617.2777709960938,194.15342712402344,22.5833740234375,52.919830322265625,1.7501488400739618e-06
240,317.8154602050781,134.6862335205078,26.0640869140625,62.951995849609375,0.0021996789146214724
240,297.7912292480469,125.10398864746094,36.95782470703125,92.27529907226562,1.5203068869595882e-05
240,609.8397216796875,157.33544921875,22.8428955078125,54.31512451171875,5.6973400205606595e-05
240,311.0368957519531,145.22657775878906,26.25103759765625,61.601409912109375,0.00014649328659288585
240,297.8599548339844,151.89854431152344,23.14434814453125,55.406982421875,4.014297155663371e-05
240,303.3804931640625,150.09388732910156,26.30615234375,62.099945068359375,0.00013832698459737003
240,625.5894165039062,163.79278564453125,14.91058349609375,50.9522705078125,0.00016809452790766954
240,216.07501220703125,166.46556091308594,22.54296875,54.338134765625,1.0821924661286175e-05
240,319.12091064453125,158.968505859375,22.3040771484375,54.556671142578125,2.7691770810633898e-05
240,604.0790405273438,166.8584442138672,21.1580810546875,51.930084228515625,1.6785410480224527e-05
240,615.7271118164062,166.55145263671875,21.677490234375,50.78729248046875,0.01573084108531475
240,2.075303077697754,178.43829345703125,22.473312377929688,53.56634521484375,4.219809852656908e-06
240,0.0,183.57315063476562,15.191299438476562,54.379150390625,2.285404889335041e-06
240,609.9133911132812,176.14280700683594,20.7525634765625,51.7716064453125,3.7451231946761254e-06
270,0.0,186.8542022705078,14.734703063964844,51.800628662109375,7.284101229743101e-06
330,0.0,95.54927062988281,23.14362335205078,104.84912109375,6.484856385213789e-06
330,0.0,137.30615234375,18.512643814086914,62.754302978515625,1.1234273188165389e-05
330,369.0413513183594,147.20538330078125,22.22088623046875,53.467864990234375,6.607199611607939e-05
330,6.085812568664551,145.35133361816406,22.20785903930664,53.2332763671875,2.139359639841132e-05
330,0.0,120.18167114257812,27.491260528564453,120.8553466796875,1.4789614397159312e-05
330,0.0,106.39368438720703,45.09822082519531,206.61480712890625,6.564607701875502e-06
330,0.0,151.47129821777344,24.72018051147461,63.250091552734375,0.0001149904855992645
330,0.0,163.9385528564453,15.368242263793945,55.436798095703125,1.1773859114327934e-05
330,0.0,182.06605529785156,13.947258949279785,51.720794677734375,8.662504114909098e-06
330,601.67529296875,362.87127685546875,38.82470703125,117.62872314453125,3.9043661672621965e-06
360,8.04687786102295,168.9065704345703,21.71151351928711,51.88592529296875,7.766892849758733e-06
360,601.5479125976562,361.2809143066406,38.95208740234375,119.21908569335938,5.9677263379853684e-06
390,562.0573120117188,171.7945098876953,21.7332763671875,52.084991455078125,4.565238668874372e-06
390,610.2651977539062,408.2099304199219,30.23480224609375,72.29006958007812,2.4625458081573015e-06
390,599.4988403320312,360.200927734375,41.00115966796875,120.299072265625,6.331754775601439e-06
420,486.7536315917969,166.22500610351562,21.4652099609375,51.412017822265625,1.806755335564958e-06
420,616.792236328125,158.24256896972656,21.57666015625,51.062591552734375,0.00012935930863022804
420,611.06005859375,163.27601623535156,22.729248046875,54.254852294921875,6.857573225715896e-06
420,626.9117431640625,161.80393981933594,13.5882568359375,51.709320068359375,8.541570423403755e-05
420,617.6671142578125,138.1580810546875,22.8328857421875,96.12246704101562,3.808216206380166e-06
420,591.9758911132812,83.47688293457031,48.52410888671875,234.47349548339844,4.216193701722659e-06
420,627.2728271484375,182.4609832763672,13.2271728515625,51.404541015625,5.03249475514167e-06
420,599.6045532226562,360.96807861328125,40.89544677734375,119.53192138671875,4.8722035899118055e-06
450,627.8710327148438,200.1182098388672,12.62896728515625,50.792816162109375,1.8384939721727278e-06
450,600.33349609375,359.4402770996094,40.16650390625,121.05972290039062,1.034707747749053e-05
480,0.0,209.92056274414062,14.643636703491211,51.988800048828125,2.2041849661036395e-05
480,627.8467407226562,217.81488037109375,12.65325927734375,50.927764892578125,2.2275933133641956e-06
510,609.2597045898438,199.4332275390625,21.8892822265625,51.75970458984375,5.767573384218849e-05
510,614.8617553710938,203.11837768554688,22.938720703125,53.866241455078125,4.344567787484266e-05
510,627.0433349609375,201.50201416015625,13.4566650390625,56.325439453125,4.548424840322696e-06
540,527.2896118164062,188.66122436523438,21.9271240234375,51.2601318359375,4.4905964386998676e-06
540,511.2493896484375,193.52749633789062,21.9537353515625,50.61871337890625,0.0012256011832505465
540,520.0853271484375,190.47561645507812,22.9471435546875,54.19683837890625,2.5146347979898565e-05
540,426.8172912597656,212.29129028320312,22.0894775390625,51.60821533203125,3.228610512451269e-05
540,505.5146484375,198.78952026367188,23.010009765625,55.176849365234375,7.451832061633468e-06
540,503.98614501953125,184.9137725830078,35.1812744140625,83.21116638183594,7.173183803388383e-06
570,552.5238647460938,178.69406127929688,22.583984375,52.608154296875,7.29359635442961e-06
570,627.5922241210938,183.85968017578125,12.90777587890625,52.057037353515625,2.8712142920994665e-06
570,136.13934326171875,204.20301818847656,22.17059326171875,53.31733703613281,6.939658305782359e-06
570,427.98699951171875,200.25424194335938,24.182861328125,55.425201416015625,0.0020695128478109837
570,436.2605285644531,208.50669860839844,21.468017578125,50.59709167480469,0.029275093227624893
570,0.0,209.07078552246094,15.27897834777832,53.76094055175781,4.35103356721811e-06
600,566.3990478515625,162.49786376953125,23.472412109375,54.79437255859375,0.0004367296933196485
600,560.2721557617188,169.48988342285156,25.5953369140625,59.3798828125,0.00015709991566836834
600,0.0,202.6358184814453,15.785533905029297,52.98480224609375,9.919312105921563e-06
600,185.8951873779297,205.44955444335938,21.87847900390625,52.79156494140625,7.729229309916263e-07
630,439.061279296875,161.8911590576172,22.2742919921875,51.94921875,1.3361704077397007e-05
630,428.17266845703125,168.70724487304688,23.2825927734375,52.99432373046875,9.768047311808914e-05
630,431.50042724609375,164.33908081054688,28.45745849609375,67.97201538085938,0.995895266532898
630,600.7977905273438,161.99822998046875,37.3687744140625,89.89117431640625,0.00013310297799762338
630,625.4356689453125,171.04739379882812,15.0643310546875,55.965667724609375,2.881814907595981e-05
630,423.6561584472656,150.95028686523438,43.17132568359375,99.4027099609375,1.0552159437793307e-05
630,443.4139709472656,169.0188446044922,26.71954345703125,62.09051513671875,0.00015812650963198394
630,603.2836303710938,182.60333251953125,22.0994873046875,54.02105712890625,1.4709242350363638e-05
630,552.656494140625,193.1173858642578,20.8355712890625,50.87615966796875,2.4059004317678045e-06
630,613.0355834960938,179.80955505371094,26.45751953125,62.439605712890625,0.0009892535163089633
630,614.67529296875,139.98684692382812,25.82470703125,132.17041015625,1.7404470781912096e-05
630,608.8346557617188,191.1836700439453,22.163330078125,52.478515625,0.0012104782508686185
630,624.091064453125,188.29286193847656,16.408935546875,60.43328857421875,0.00023609932395629585
630,593.2265625,118.82752227783203,47.2734375,227.00015258789062,1.5739426089567132e-05
660,371.1332092285156,116.60678100585938,33.6517333984375,78.02462768554688,1.5954503396642394e-05
660,383.2398986816406,124.48512268066406,25.0845947265625,57.675628662109375,5.937785772403004e-06
660,389.3988037109375,127.89142608642578,27.235595703125,61.727684020996094,9.955708810593933e-05
660,375.50360107421875,130.98951721191406,23.33013916015625,56.3536376953125,1.3971217413200065e-05
660,382.3851623535156,114.93821716308594,37.83740234375,89.20223999023438,2.4417563508905005e-06
660,551.34326171875,162.78179931640625,21.9923095703125,51.52923583984375,0.0035077775828540325
660,626.048095703125,171.4467010498047,14.451904296875,53.421234130859375,2.1257093976601027e-05
660,590.6351318359375,104.09590148925781,49.8648681640625,230.8409881591797,6.990598194533959e-06
660,459.1353759765625,152.06805419921875,32.65179443359375,79.71939086914062,3.0170460831868695e-06
660,556.9693603515625,163.23475646972656,25.057861328125,59.392852783203125,5.3741558076580986e-05
660,538.0964965820312,171.48748779296875,23.0599365234375,55.5660400390625,8.213247201638296e-05
660,545.2909545898438,169.64561462402344,21.7808837890625,52.166412353515625,0.0007564176921732724
660,545.5538940429688,150.04110717773438,35.5543212890625,85.62832641601562,3.402626134629827e-06
660,611.4634399414062,188.4273223876953,21.0703125,51.37603759765625,7.214524885057472e-06
660,624.8063354492188,186.174560546875,15.69366455078125,58.351959228515625,0.08938296884298325
660,575.3845825195312,139.78282165527344,65.11541748046875,284.44598388671875,1.8782064216793515e-05
660,618.9868774414062,176.58702087402344,21.51312255859375,86.86940002441406,0.0004519277426879853
660,624.1641845703125,203.2904815673828,16.3358154296875,66.88871765136719,3.812673094216734e-05
660,608.732177734375,166.03817749023438,31.767822265625,127.24026489257812,2.5943816581275314e-05
690,438.8847351074219,126.71002197265625,28.15472412109375,65.53570556640625,2.0264615159248933e-05
690,456.44049072265625,134.95455932617188,21.92755126953125,50.855133056640625,3.0321145914058434e-06
690,445.4232482910156,131.58526611328125,31.756591796875,74.90853881835938,0.001650592195801437
690,458.91644287109375,136.74679565429688,27.567626953125,64.46395874023438,2.5865136194624938e-05
690,581.6723022460938,110.70235443115234,52.1124267578125,130.85113525390625,8.112476280075498e-06
690,603.3451538085938,144.70730590820312,30.1829833984375,70.5447998046875,0.0007492211298085749
690,593.973876953125,154.73043823242188,25.5477294921875,60.957305908203125,1.2764312486979179e-05
690,591.0888061523438,140.8109588623047,37.6011962890625,87.7730712890625,0.0006103237974457443
690,384.7254333496094,162.20407104492188,22.0877685546875,51.192413330078125,4.673655439546565e-06
690,612.6007690429688,157.63882446289062,27.4141845703125,62.848480224609375,2.6824171072803438e-05
690,625.7283325195312,161.0267791748047,14.77166748046875,53.499847412109375,7.627324521308765e-06
690,609.74462890625,103.41819763183594,30.75537109375,143.82864379882812,2.2212900148588233e-05
690,368.55731201171875,177.6910400390625,21.32806396484375,51.875396728515625,4.858569445786998e-05
690,376.0133056640625,170.0796661376953,23.06536865234375,54.8017578125,2.534548912080936e-06
690,452.4095764160156,148.6381072998047,29.71075439453125,67.123046875,1.775249620550312e-05
690,592.0404663085938,89.0394515991211,48.45953369140625,227.574462890625,7.662363714189269e-06
690,530.0567626953125,171.21273803710938,21.499267578125,52.220123291015625,4.989756689610658e-06
690,598.7783203125,164.13587951660156,26.607421875,62.02166748046875,0.025401735678315163
690,586.7852783203125,180.20668029785156,21.97607421875,52.56396484375,3.1169227440841496e-05
690,594.3106079101562,174.64669799804688,23.123779296875,55.52423095703125,0.0030152718536555767
690,607.2032470703125,174.0123291015625,23.650390625,55.552093505859375,0.0005737464525736868
690,627.0314331054688,184.1989288330078,13.46856689453125,51.93890380859375,1.7306836525676772e-05
690,601.096435546875,362.71240234375,39.403564453125,117.78759765625,5.368132860894548e-06
720,543.4141235351562,32.15447235107422,90.0618896484375,214.58389282226562,3.908086728188209e-05
720,607.4165649414062,37.81489562988281,33.08343505859375,150.37013244628906,2.1886912691115867e-06
720,513.7667846679688,41.954864501953125,84.0379638671875,202.18295288085938,1.284297013626201e-05
720,541.3193969726562,58.22515869140625,60.5250244140625,145.13272094726562,0.0052818721160292625
720,533.1859130859375,86.69418334960938,44.9295654296875,107.24969482421875,0.0008754539303481579
720,550.87158203125,99.89903259277344,40.36376953125,93.63299560546875,4.449894913705066e-05
720,563.7161865234375,52.111000061035156,61.9447021484375,150.66067504882812,0.004955906420946121
720,583.4121704101562,63.24964904785156,57.08782958984375,158.994873046875,8.927308044803794e-06
720,571.4443359375,0.0,69.0556640625,308.873046875,3.3142518987006042e-06
720,536.7289428710938,131.41989135742188,24.8438720703125,59.23980712890625,2.193507316405885e-05
720,548.5868530273438,120.97400665283203,30.1505126953125,68.4787826538086,1.8115993952960707e-05
720,259.2978515625,148.65103149414062,22.8975830078125,54.3043212890625,1.2179648365417961e-05
720,531.6663208007812,120.28205108642578,38.146728515625,90.63414764404297,4.328608702053316e-05
720,568.694580078125,99.52474975585938,48.1641845703125,117.65545654296875,6.427410698961467e-05
720,268.9200134277344,157.61431884765625,21.12005615234375,50.88226318359375,0.0013361501041799784
720,542.9376220703125,136.81314086914062,26.9678955078125,64.33010864257812,0.000763715011999011
720,48.646209716796875,172.05642700195312,21.34284210205078,52.0823974609375,4.354923021310242e-06
720,471.0892639160156,167.229248046875,23.1793212890625,53.949615478515625,3.246493361075409e-05
720,462.3633728027344,169.3154754638672,27.90594482421875,66.1273193359375,0.9477922916412354
720,0.0,176.88082885742188,15.454262733459473,55.582305908203125,2.8915374059579335e-06
720,442.6558532714844,178.63973999023438,22.07623291015625,52.7513427734375,2.2670667021884583e-05
720,450.1923828125,176.20968627929688,22.38427734375,54.305877685546875,0.00016739573038648814
720,409.4948425292969,143.17637634277344,123.53585815429688,273.4007568359375,1.8820132936525624e-06
720,454.23681640625,151.1685791015625,42.36663818359375,97.72640991210938,1.894362526400073e-06
720,459.6219787597656,181.7317352294922,21.5435791015625,51.4580078125,2.5583145543350838e-05
720,601.3309936523438,357.656005859375,39.16900634765625,122.843994140625,4.829113095183857e-06
750,626.4256591796875,70.2446060180664,14.0743408203125,53.236236572265625,3.3394404454156756e-05
750,621.39892578125,72.13360595703125,19.10107421875,81.19404602050781,1.1912893569387961e-05
750,608.2009887695312,60.863372802734375,32.29901123046875,138.59158325195312,1.3152495739632286e-05
750,594.7941284179688,43.55699157714844,45.70587158203125,239.9888458251953,9.18442674446851e-06
750,256.6806335449219,96.50480651855469,134.8974609375,284.1785888671875,1.342956329608569e-05
750,327.1194152832031,154.7479705810547,21.7108154296875,50.86798095703125,0.889208197593689
750,320.076416015625,138.01800537109375,36.77752685546875,80.93380737304688,1.122550202126149e-06
750,605.6552124023438,157.53759765625,25.5816650390625,61.573028564453125,5.5913183132361155e-06
750,593.8001708984375,132.0574951171875,46.6998291015625,121.51171875,8.89045768417418e-05
750,627.0093383789062,157.1397247314453,13.49066162109375,53.251251220703125,9.144294381258078e-06
750,610.0167846679688,154.60511779785156,30.48321533203125,79.29489135742188,9.634281741455197e-05
750,334.2326965332031,156.56982421875,22.42706298828125,54.707122802734375,4.369954240246443e-06
750,577.856689453125,165.117431640625,25.98486328125,59.866363525390625,2.706527311602258e-06
750,585.1432495117188,164.58383178710938,27.76708984375,63.9117431640625,0.00016167000285349786
750,594.1268310546875,168.59532165527344,22.65234375,53.306915283203125,4.808824451174587e-05
750,597.296630859375,163.25025939941406,29.2679443359375,69.86026000976562,0.00426816800609231
750,616.6361083984375,174.89126586914062,21.3592529296875,50.57244873046875,1.063396757672308e-05
750,624.653564453125,173.22653198242188,15.846435546875,61.81964111328125,3.261723759351298e-05
750,0.0,183.7168426513672,15.390519142150879,56.0224609375,6.009440312482184e-06
750,604.8870849609375,174.27206420898438,28.0921630859375,66.7176513671875,0.0004985881387256086
750,610.47216796875,405.48248291015625,30.02783203125,75.01751708984375,5.735944796469994e-06
750,600.1907958984375,361.5008544921875,40.3092041015625,118.9991455078125,1.1072229426645208e-05
780,371.63897705078125,141.79100036621094,22.5416259765625,52.955810546875,0.0021920017898082733
780,384.6068420410156,139.1810760498047,21.584716796875,50.950897216796875,1.2207115105411503e-05
780,388.67987060546875,144.66558837890625,23.8714599609375,56.299560546875,2.6638337658368982e-05
780,377.2248229980469,143.42340087890625,25.23291015625,59.823211669921875,0.5881986618041992
780,315.2850036621094,105.03036499023438,128.9356689453125,282.0030517578125,6.381293133017607e-06
780,378.6363220214844,134.91433715820312,34.5372314453125,82.50277709960938,3.336594545544358e-06
780,385.0439147949219,155.61798095703125,21.96722412109375,52.731719970703125,0.00464898906648159
780,0.0,173.85975646972656,15.020310401916504,51.739288330078125,0.00021115728304721415
780,609.3540649414062,402.20245361328125,31.14593505859375,78.29754638671875,1.2240267324159504e-06
780,598.9498901367188,357.246337890625,41.55010986328125,123.253662109375,6.087495421525091e-06
810,421.7867126464844,129.90203857421875,23.61151123046875,58.19598388671875,6.469515210483223e-05
810,431.54241943359375,131.96163940429688,22.35491943359375,53.6849365234375,5.106204298499506e-06
810,405.5851135253906,133.58050537109375,21.373046875,50.738067626953125,0.0005120294517837465
810,416.205322265625,132.73907470703125,20.99346923828125,50.81011962890625,0.30614912509918213
810,410.00128173828125,116.99763488769531,34.37481689453125,80.00543212890625,7.786402989040653e-07
810,425.51385498046875,127.76695251464844,33.6455078125,79.18960571289062,1.1889964071087888e-06
810,427.3381652832031,144.2613525390625,21.5140380859375,50.87158203125,0.00034395355032756925
810,434.46710205078125,148.3447265625,22.25970458984375,52.823394775390625,0.011724167503416538
810,444.61199951171875,150.1466522216797,22.11712646484375,53.0615234375,4.650933624361642e-05
810,410.83062744140625,140.22335815429688,23.49395751953125,57.703826904296875,1.8851547793019563e-05
840,597.7069702148438,0.0,42.79302978515625,121.9754409790039,6.649264378211228e-06
840,112.68597412109375,154.69325256347656,20.795700073242188,51.166717529296875,8.451829489786178e-05
840,446.58343505859375,153.0065460205078,22.76300048828125,54.18768310546875,1.462254545003816e-06
840,608.021728515625,149.32142639160156,22.8170166015625,54.199951171875,5.116130523674656e-07
840,497.5000305175781,162.35308837890625,22.148162841796875,51.884979248046875,2.1518759240279905e-05
840,601.8085327148438,157.27963256835938,22.1334228515625,51.482330322265625,1.1079844625783153e-05
840,499.7388610839844,170.05856323242188,25.725128173828125,60.82073974609375,0.0006609905976802111
840,510.162109375,173.05181884765625,25.2784423828125,59.79071044921875,0.07922395318746567
840,627.4855346679688,167.4016571044922,13.01446533203125,50.793365478515625,2.4511398351023672e-06
840,525.460205078125,172.13645935058594,22.0574951171875,54.35662841796875,4.784217821907077e-07
840,518.2916259765625,177.9271697998047,22.8677978515625,52.9429931640625,0.000158476090291515
870,511.77239990234375,172.05455017089844,21.46435546875,50.9722900390625,5.897851679037558e-06
870,27.108949661254883,171.74607849121094,21.307119369506836,50.70672607421875,0.0008006141288205981
870,495.65380859375,170.71841430664062,26.84527587890625,64.33056640625,1.5417084796354175e-05
870,617.2621459960938,186.2133331298828,23.23785400390625,54.797637939453125,6.73390877636848e-06
870,627.5037841796875,191.61599731445312,12.9962158203125,50.74334716796875,4.108850407646969e-05
870,0.0,345.41015625,56.86577224731445,135.08984375,6.885771654197015e-06
870,601.2085571289062,362.2591857910156,39.29144287109375,118.24081420898438,7.358824404946063e-06
900,0.0,43.222694396972656,52.81827163696289,236.13424682617188,2.59015905612614e-06
900,621.7037963867188,141.06494140625,18.79620361328125,78.83670043945312,6.68763186695287e-06
900,609.4689331054688,160.21865844726562,21.43310546875,51.774658203125,3.2474719773745164e-05
900,627.0779418945312,158.71543884277344,13.42205810546875,53.48980712890625,2.328795198991429e-05
900,576.3884887695312,64.50863647460938,64.11151123046875,306.35284423828125,5.4607448873866815e-06
900,577.063232421875,169.45870971679688,24.478271484375,56.105804443359375,3.37975361617282e-05
900,590.2151489257812,164.09500122070312,30.8280029296875,71.83224487304688,6.7627015596372075e-06
900,602.630859375,170.88168334960938,21.6507568359375,52.434814453125,0.0001577376970089972
900,625.8322143554688,174.3521728515625,14.66778564453125,55.559356689453125,0.00018426727910991758
900,0.0,176.15301513671875,16.647518157958984,56.7659912109375,5.5480395531049e-06
900,584.2740478515625,178.073974609375,21.0142822265625,51.889617919921875,4.406139851198532e-05
900,580.7988891601562,167.91868591308594,30.5675048828125,71.16583251953125,4.8485640036233235e-06
900,593.5931396484375,176.95401000976562,21.4256591796875,52.105255126953125,2.4397602828685194e-05
900,609.747802734375,177.11599731445312,22.79296875,54.715362548828125,0.00042671908158808947
900,614.5960083007812,175.38746643066406,25.90399169921875,65.6455078125,0.002228961093351245
900,598.2644653320312,169.52101135253906,31.235595703125,75.408935546875,2.66956726591161e-06
900,0.0,192.28076171875,12.91528034210205,50.7603759765625,1.075874206435401e-05
900,601.800537109375,186.82293701171875,21.2445068359375,51.682281494140625,3.6217377328284783e-06
900,610.6573486328125,152.3046417236328,29.8426513671875,123.33500671386719,5.844795668963343e-05
900,595.1481323242188,132.64073181152344,45.35186767578125,217.1721954345703,9.534437594993506e-06
900,608.7318725585938,188.6214599609375,27.4749755859375,63.896636962890625,2.3169352061813697e-05
900,623.8045654296875,188.97622680664062,16.6954345703125,69.3052978515625,9.303788101533428e-05
900,0.0,344.12152099609375,57.98978805541992,136.37847900390625,9.622136531106662e-06
900,601.2715454101562,363.2607421875,39.22845458984375,117.2392578125,6.685240805381909e-06
930,54.51398468017578,188.69378662109375,21.874252319335938,51.952362060546875,0.0015985843492671847
930,61.5058479309082,190.1248321533203,22.440547943115234,54.0498046875,9.835860055318335e-07
930,627.669677734375,199.34585571289062,12.830322265625,57.28179931640625,6.572074653377058e-06
930,0.0,345.5013427734375,57.10762405395508,134.9986572265625,7.940422619867604e-06
960,627.2166137695312,137.35528564453125,13.28338623046875,51.493865966796875,2.4193874196498655e-05
960,624.9468994140625,147.54469299316406,15.5531005859375,62.012115478515625,7.964312317199074e-06
960,620.0533447265625,131.4702911376953,20.4466552734375,96.26052856445312,7.411385922750924e-06
960,617.5524291992188,163.167236328125,21.206298828125,51.80615234375,8.65982747200178e-06
960,626.4263916015625,168.7886962890625,14.0736083984375,53.132598876953125,1.126597635447979e-05
960,306.6062316894531,185.70848083496094,22.3360595703125,53.2420654296875,2.1200314677116694e-06
960,496.967041015625,193.83399963378906,21.92449951171875,50.93359375,7.635975975972542e-07
960,585.5018310546875,196.2479248046875,21.6737060546875,53.098388671875,2.290069460286759e-05
960,627.9500122070312,194.05010986328125,12.54998779296875,50.764495849609375,1.0191424735239707e-05
960,80.23846435546875,211.38719177246094,20.877639770507812,50.67338562011719,1.348688556390698e-06
990,626.90673828125,197.4203338623047,13.59326171875,51.175079345703125,6.17192290519597e-06
990,394.6083984375,210.17068481445312,20.9508056640625,50.50146484375,5.348755166778574e-06
990,457.8703308105469,207.1056365966797,26.63592529296875,64.42173767089844,3.3904439078469295e-06
990,466.0532531738281,212.49359130859375,22.20367431640625,52.26068115234375,0.0012327958829700947
990,608.5690307617188,207.67803955078125,23.0228271484375,54.09881591796875,6.971955735934898e-05
990,0.0,210.9669952392578,14.413338661193848,52.68693542480469,3.683675913634943e-06
990,476.8127136230469,209.725830078125,22.54833984375,53.43634033203125,7.1653962550044525e-06
990,616.41455078125,211.04840087890625,23.0406494140625,54.44488525390625,4.462341530597769e-05
990,626.661865234375,214.75375366210938,13.838134765625,56.546142578125,4.3220621591899544e-05
990,0.0,345.1856384277344,64.41035461425781,135.31436157226562,1.4229934095055796e-05
990,610.3931884765625,410.61297607421875,30.1068115234375,69.88702392578125,2.8863305487902835e-06
990,599.2880859375,365.12139892578125,41.2119140625,115.37860107421875,8.21500907477457e-06
1020,626.8323974609375,183.8397216796875,13.6676025390625,51.272186279296875,2.265700459247455e-05
1020,354.3306884765625,184.5104217529297,21.78729248046875,51.388214111328125,2.1652542272931896e-05
1020,360.9588928222656,186.17880249023438,23.09429931640625,54.67987060546875,0.0001655191881582141
1020,457.9615783691406,208.87271118164062,22.3995361328125,54.78472900390625,2.215946096839616e-06
1020,624.9302978515625,198.3804473876953,15.5697021484375,52.950103759765625,0.0002622523170430213
1020,611.9605712890625,202.4639129638672,21.92724609375,53.2362060546875,2.4520642909919843e-05
1020,616.5635986328125,205.98709106445312,23.9364013671875,62.65533447265625,0.0007327793864533305
1020,0.0,217.79043579101562,15.206456184387207,54.150848388671875,1.8948865090351319e-06
1020,613.7342529296875,185.2086639404297,26.7657470703125,116.65534973144531,2.084625157294795e-05
1020,612.10791015625,221.10238647460938,21.5992431640625,51.842742919921875,0.0002534978848416358
1020,625.6273803710938,220.439453125,14.87261962890625,54.912353515625,0.00019289784540887922
1020,592.9152221679688,158.75439453125,47.58477783203125,221.11767578125,1.1102109965577256e-05
1020,617.5385131835938,228.63418579101562,22.28369140625,53.225494384765625,0.0001049975398927927
1020,626.959716796875,245.2281494140625,13.540283203125,51.61431884765625,4.965432708559092e-06
1020,0.0,346.6251220703125,60.56200408935547,133.8748779296875,9.1139363576076e-06
1050,627.5077514648438,148.98040771484375,12.99224853515625,50.85076904296875,5.836666332470486e-06
1050,616.1547241210938,162.45632934570312,23.91650390625,55.057952880859375,7.875175469962414e-06
1050,353.0223693847656,162.4948272705078,22.178466796875,52.68359375,0.003962373826652765
1050,361.4488525390625,162.48719787597656,21.778564453125,51.04791259765625,0.0080692358314991
1050,460.6295166015625,175.93788146972656,28.18743896484375,65.57168579101562,4.703896411228925e-05
1050,609.9133911132812,168.0950164794922,23.7099609375,54.58697509765625,3.478722646832466e-06
1050,626.6680908203125,169.4968719482422,13.8319091796875,51.484771728515625,1.8999089661519974e-05
1050,367.8936462402344,169.10086059570312,21.06341552734375,50.794586181640625,0.00025694395299069583
1050,0.0,191.92112731933594,13.153365135192871,50.837188720703125,5.057296220911667e-06
1050,0.0,171.07884216308594,21.453420639038086,98.04173278808594,1.054264521371806e-05
1050,16.454574584960938,199.1102294921875,22.96359634399414,53.4190673828125,4.9542886699782684e-06
1050,31.998870849609375,202.10391235351562,22.832435607910156,53.78363037109375,9.410950383426098e-07
1050,452.6844482421875,191.80126953125,20.901123046875,50.7706298828125,3.348126483615488e-05
1050,457.4808654785156,191.40965270996094,25.30145263671875,59.269927978515625,0.0037491838447749615
1050,469.4349365234375,189.5732879638672,26.90692138671875,61.495697021484375,5.928964128543157e-06
1050,25.80343246459961,203.1436309814453,21.411453247070312,51.141998291015625,2.0058855625393335e-06
1050,479.9567565917969,198.05380249023438,20.9998779296875,51.01617431640625,8.148159054144344e-07
1050,0.0,207.09652709960938,15.45214557647705,55.67938232421875,5.2025046898052096e-05
1080,352.49432373046875,131.07595825195312,21.73553466796875,53.13616943359375,1.4770232155569829e-05
1080,347.70684814453125,139.82862854003906,22.30511474609375,52.80169677734375,0.0003587020910345018
1080,339.5412292480469,143.2230987548828,21.38726806640625,50.852020263671875,0.00013243616558611393
1080,359.7434387207031,142.34078979492188,22.0787353515625,51.579254150390625,7.142901267798152e-06
1080,107.76424407958984,164.830078125,21.10395050048828,51.560791015625,1.5292032912839204e-05
1080,112.81867980957031,164.12522888183594,24.858856201171875,57.212493896484375,0.00042486898018978536
1080,125.66678619384766,162.79623413085938,24.93114471435547,58.3447265625,3.845592073048465e-05
1080,341.8345947265625,147.74867248535156,27.1197509765625,62.566009521484375,4.565665676636854e-06
1080,110.16685485839844,151.4507293701172,36.01795959472656,85.44708251953125,1.275283239010605e-06
1080,618.7835083007812,163.24705505371094,21.71649169921875,84.16201782226562,4.009867552667856e-06
1080,593.7134399414062,89.05201721191406,46.78656005859375,235.8064422607422,0.00016380766464862972
1080,119.03490447998047,172.06698608398438,25.59221649169922,59.084991455078125,6.734679573128233e-06
1080,489.7471618652344,179.67098999023438,21.615478515625,52.04248046875,0.00013341034355107695
1080,517.7179565429688,186.12725830078125,21.2548828125,50.7158203125,5.279095148580382e-06
1080,526.690185546875,188.2371826171875,21.72021484375,51.39019775390625,5.7747005484998226e-05
1080,549.624267578125,186.99012756347656,25.7294921875,61.7071533203125,2.2768968847231008e-05
1080,537.2373657226562,193.97720336914062,21.865478515625,52.0677490234375,2.5347677365061827e-05
1080,562.774658203125,55.53157043457031,77.725341796875,306.47784423828125,4.370813257992268e-06
1080,602.8175048828125,129.20706176757812,37.6824951171875,146.79412841796875,0.0001527217245893553
1080,542.0640258789062,194.25816345214844,26.8455810546875,62.68089294433594,0.0004786655481439084
1080,624.0943603515625,193.80694580078125,16.4056396484375,69.40789794921875,5.25329596712254e-05
1080,613.0289916992188,170.5497283935547,27.47100830078125,117.63066101074219,4.1824616346275434e-05
1080,620.615478515625,205.71937561035156,19.884521484375,86.97373962402344,2.735682528509642e-06
1110,558.7504272460938,160.9956817626953,21.4056396484375,51.621734619140625,1.774640077201184e-05
1110,466.725341796875,166.90817260742188,21.77545166015625,52.279998779296875,1.1558936421351973e-05
1110,552.4957885742188,164.22796630859375,21.5013427734375,50.83642578125,0.000290465890429914
1110,627.2630004882812,177.300537109375,13.23699951171875,50.97869873046875,5.3719431889476255e-06
1140,545.8663940429688,162.19454956054688,21.443359375,51.87872314453125,9.843741963777575e-07
1140,563.2814331054688,169.61868286132812,21.761962890625,52.90771484375,4.4365447138261516e-06
1140,626.1840209960938,168.57196044921875,14.31597900390625,57.4522705078125,0.00017812837904784828
1140,576.3031616210938,170.10366821289062,22.2152099609375,52.77496337890625,0.0009802515851333737
1140,583.0285034179688,171.26478576660156,22.7113037109375,55.168914794921875,1.0808927072503138e-05
1140,618.3902587890625,155.64791870117188,22.1097412109375,96.22219848632812,1.8726907001109794e-05
1140,590.979736328125,108.2430648803711,49.520263671875,234.96572875976562,8.036427971092053e-06
1140,569.2230834960938,174.25302124023438,24.96337890625,59.347808837890625,1.9732300643227063e-05
1140,625.7734375,186.28338623046875,14.7265625,62.897735595703125,8.487670129397884e-06
1170,264.8153076171875,118.66500854492188,22.0673828125,53.865875244140625,0.002191793406382203
1170,627.18310546875,108.91934967041016,13.31689453125,51.08696746826172,1.015855923469644e-05
1170,622.9664916992188,113.76881408691406,17.53350830078125,74.40567016601562,1.025760229822481e-05
1170,627.6393432617188,131.2823486328125,12.86065673828125,50.89202880859375,4.757173519465141e-05
1170,613.6488037109375,83.10018920898438,26.8511962890625,129.87191772460938,1.716396468509629e-06
1170,593.0791015625,51.33915710449219,47.4208984375,238.3161163330078,3.481344492684002e-06
1170,627.7960815429688,150.3513946533203,12.70391845703125,51.169036865234375,6.146037776488811e-06
1170,0.0,349.2668762207031,63.52494430541992,131.23312377929688,6.406402462744154e-06
1200,595.7728881835938,0.0,44.72711181640625,124.5389175415039,3.1739662063046126e-06
1200,627.6318359375,83.3309326171875,12.8681640625,51.37017822265625,1.0918757652689237e-05
1200,623.4423828125,87.23992919921875,17.0576171875,75.57955932617188,1.0557615496509243e-05
1200,319.03778076171875,117.90216827392578,23.64013671875,59.19066619873047,8.73227691045031e-06
1200,449.4209289550781,108.00812530517578,22.09912109375,52.25859832763672,0.00018763795378617942
1200,315.1930236816406,132.4493865966797,21.885498046875,51.54144287109375,0.00045896475785411894
1200,306.45758056640625,117.46572875976562,36.3101806640625,80.36825561523438,2.9907421321695438e-06
1200,627.3960571289062,137.23509216308594,13.10394287109375,52.202239990234375,3.7564188914984697e-06
1230,494.213623046875,122.56026458740234,23.93072509765625,56.32862091064453,3.1734152798890136e-06
1230,625.2509155273438,112.59335327148438,15.24908447265625,55.78387451171875,4.710207576863468e-06
1230,483.88720703125,129.12733459472656,21.479248046875,50.749420166015625,8.70884396135807e-05
1230,616.9177856445312,124.0671615600586,22.666015625,53.34363555908203,1.078818786481861e-05
1230,487.341796875,130.54959106445312,27.3768310546875,64.1632080078125,0.012615893967449665
1230,498.9538879394531,132.94454956054688,26.666473388671875,62.777191162109375,1.009457901091082e-05
1230,626.9935302734375,136.4123992919922,13.5064697265625,51.085662841796875,4.277152129361639e-06
1230,489.9541015625,125.298583984375,37.85302734375,91.43548583984375,3.777863094001077e-05
1230,1.6657276153564453,160.2611541748047,21.300085067749023,51.61773681640625,8.404616892221384e-06
1230,481.8924865722656,143.22569274902344,26.9464111328125,63.712310791015625,5.684298116648279e-07
1230,493.6138610839844,144.47781372070312,24.355560302734375,58.303955078125,0.00010718048724811524
1230,0.0,167.63790893554688,15.72260570526123,51.4150390625,5.5893515309435315e-06
1230,0.0,76.77737426757812,59.222755432128906,320.431640625,1.7839408883446595e-06
1230,490.3555908203125,157.83677673339844,21.14349365234375,52.3546142578125,3.115525487373816e-06
1230,599.1820068359375,356.51873779296875,41.3179931640625,123.98126220703125,5.887090537726181e-06
1260,94.05679321289062,151.48785400390625,24.215011596679688,57.285736083984375,0.00032262038439512253
1260,90.32841491699219,164.97508239746094,21.793014526367188,51.207550048828125,3.9916714740684256e-05
1260,175.18182373046875,180.23411560058594,21.1915283203125,50.92669677734375,0.0003817083197645843
1260,235.9678955078125,179.28662109375,21.01800537109375,50.963623046875,1.7423451481590746e-06
1260,610.5123291015625,405.48333740234375,29.9876708984375,75.01666259765625,6.442741778300842e-06
1260,600.6563720703125,355.78692626953125,39.8436279296875,124.71307373046875,4.536334927252028e-06
1290,87.22525787353516,112.83306884765625,21.125701904296875,50.72564697265625,1.7404388927388936e-05
1290,81.36610412597656,118.0262222290039,21.370758056640625,50.67176055908203,0.0004382119805086404
1290,75.29167175292969,123.41616821289062,21.661575317382812,52.421844482421875,4.277699190424755e-05
1290,404.956787109375,150.95083618164062,28.15087890625,65.8095703125,1.1721294868038967e-05
1290,225.28314208984375,164.76763916015625,21.585601806640625,50.9552001953125,3.358391404617578e-05
1290,401.98699951171875,168.4550018310547,22.8597412109375,54.5064697265625,0.011140482500195503
1290,395.630615234375,156.1093292236328,34.87841796875,80.20639038085938,4.482180429477012e-06
1290,411.4372863769531,162.90870666503906,26.47210693359375,62.659576416015625,5.801381848868914e-05
1290,306.9315185546875,184.8724822998047,21.60888671875,50.85479736328125,3.074122287216596e-05
1290,312.8135681152344,189.1051483154297,21.22796630859375,51.5457763671875,5.695791696780361e-05
1290,319.5345764160156,186.4485626220703,21.6441650390625,52.04937744140625,9.624845006328542e-06
1290,395.3656005859375,174.148681640625,22.65191650390625,54.732574462890625,1.9218294255551882e-05
1290,408.9708557128906,176.57037353515625,21.051025390625,51.149139404296875,0.0001509581197751686
1320,0.0,111.958740234375,14.570737838745117,51.228118896484375,3.809574536717264e-06
1320,193.94883728027344,106.28829193115234,21.15802001953125,50.750343322753906,1.306182184634963e-05
1320,7.034446716308594,120.8730697631836,21.284305572509766,50.740516662597656,2.7087455237051472e-05
1320,0.0,125.79065704345703,23.06056785583496,53.937843322753906,0.00162409245967865
1320,3.0757007598876953,127.53422546386719,29.063220977783203,68.5091552734375,5.374971806304529e-06
1320,0.0,138.18470764160156,15.41103744506836,55.37542724609375,2.9870545404264703e-05
1350,0.0,121.38372802734375,15.249998092651367,50.990966796875,1.7184802345582284e-05
1350,137.95494079589844,117.66453552246094,21.155303955078125,50.52801513671875,0.0002722952631302178
1350,260.34930419921875,111.28592681884766,21.63226318359375,51.529075622558594,4.960946853316273e-07
1350,272.6478576660156,109.1361312866211,21.739013671875,52.32701873779297,2.2781346160627436e-06
1350,7.487094879150391,130.4049072265625,21.715744018554688,52.55438232421875,6.731718895025551e-05
1350,23.191997528076172,126.24945831298828,21.97199249267578,51.71367645263672,0.0005957632092759013
1350,30.48662567138672,127.12229919433594,21.560775756835938,51.591094970703125,0.00010740536527009681
1350,0.0,68.43022155761719,46.720191955566406,226.8168487548828,1.6017878806451336e-05
1350,0.0,115.27896118164062,25.090595245361328,91.82388305664062,8.304831681016367e-06
1350,0.0,135.11917114257812,21.516620635986328,52.797637939453125,0.0007678710389882326
1350,0.0,145.34278869628906,15.139171600341797,53.591644287109375,8.162593076121993e-06
1380,97.76445007324219,94.64939880371094,21.666595458984375,51.7431640625,0.00025913503486663103
1380,84.8984603881836,99.82227325439453,21.855911254882812,52.85582733154297,7.860112236812711e-05
1380,110.11257934570312,100.03338623046875,22.0264892578125,52.8289794921875,0.0019107904518023133
1380,119.55087280273438,100.48220825195312,21.6934814453125,50.999359130859375,4.094660653208848e-06
1380,90.06096649169922,101.77317810058594,24.879425048828125,60.464874267578125,0.0018482464365661144
1380,103.36094665527344,102.91143035888672,22.350357055664062,53.69831085205078,0.28193971514701843
1380,79.87044525146484,103.2124252319336,30.024551391601562,70.39652252197266,9.205709829984698e-06
1380,91.67982482910156,93.30117797851562,33.98167419433594,79.50607299804688,3.894897236023098e-05
1380,97.18362426757812,109.3170166015625,23.390151977539062,55.683380126953125,0.00010084911627927795
1380,0.0,132.32431030273438,13.023263931274414,51.062744140625,3.03647834698495e-06
1410,5.510322570800781,57.404090881347656,31.715164184570312,75.78246307373047,2.479950853739865e-05
1410,9.100345611572266,71.85673522949219,22.347030639648438,52.37933349609375,2.9731238100794144e-05
1410,2.112447738647461,78.39530944824219,21.405057907104492,51.07823181152344,3.36977063852828e-05
1410,0.0,72.67524719238281,30.72317886352539,73.02790832519531,2.1293591998983175e-05
1410,15.049899101257324,81.37548828125,24.217018127441406,55.99510192871094,0.00155099097173661
1410,41.78174591064453,83.03531646728516,20.996261596679688,50.76897430419922,1.1636247108981479e-05
1410,54.89884948730469,75.28267669677734,36.62361145019531,88.80045318603516,6.816542008891702e-05
1410,56.741886138916016,86.72293090820312,23.471416473388672,55.541107177734375,0.004676295444369316
1410,625.8763427734375,87.69552612304688,14.6236572265625,51.69306945800781,7.496767011616612e-06
1410,592.7824096679688,22.75957489013672,47.71759033203125,228.17547607421875,1.0903598195000086e-05
1410,10.046170234680176,89.41458129882812,21.930885314941406,52.13252258300781,0.003848458407446742
1410,41.54065704345703,91.21240234375,26.968284606933594,61.83320617675781,0.00012363743735477328
1410,61.44120788574219,91.81700897216797,26.30474853515625,61.66541290283203,0.09695529192686081
1410,287.24951171875,93.71562194824219,21.76708984375,52.44850158691406,2.3816040993551724e-05
1410,600.8798217773438,92.73383331298828,24.7471923828125,60.99372100830078,2.0744930225191638e-05
1410,609.1359252929688,93.92558288574219,21.73876953125,52.50738525390625,7.751762314001098e-05
1410,600.8305053710938,83.21684265136719,38.2044677734375,92.4737548828125,0.0004327709029894322
1410,0.0,95.29881286621094,14.900718688964844,51.934051513671875,2.3443641111953184e-05
1410,3.240053176879883,93.50321960449219,21.6820011138916,51.906585693359375,0.00046976105659268796
1410,25.214664459228516,91.40286254882812,21.124588012695312,50.912445068359375,0.00044445684761740267
1410,32.842742919921875,93.02737426757812,20.982322692871094,51.74827575683594,4.267211625119671e-05
1410,51.47615051269531,95.82815551757812,26.069656372070312,62.24247741699219,0.9593305587768555
1410,74.60822296142578,97.5687255859375,21.8787841796875,52.05226135253906,0.06254158914089203
1410,81.51500701904297,99.54618835449219,21.797317504882812,52.143890380859375,0.15387703478336334
1410,92.97262573242188,99.23577117919922,22.554580688476562,53.205726623535156,2.1634421500493772e-05
1410,281.0419616699219,99.10733795166016,22.921875,53.78046417236328,0.00012511730892583728
1410,20.094818115234375,84.58683776855469,30.39911651611328,74.61553955078125,0.00015354921924881637
1410,31.01904296875,88.309814453125,30.43254852294922,73.22027587890625,3.6961296245863196e-06
1410,75.82872009277344,88.1824951171875,33.636138916015625,77.76264953613281,1.4602223927795421e-05
1410,623.8314819335938,104.73658752441406,16.66851806640625,63.647979736328125,0.0002527263422962278
1410,0.0,98.4395751953125,20.071382522583008,74.17074584960938,1.027825510391267e-05
1410,3.994654655456543,91.80625915527344,31.04620361328125,73.73867797851562,0.00012565906217787415
1410,14.423930168151855,99.40757751464844,23.578617095947266,57.10614013671875,2.1541980459005572e-05
1410,606.4864501953125,102.89495849609375,27.169677734375,64.47714233398438,0.004921525251120329
1410,86.9615478515625,109.29338073730469,22.442474365234375,52.54168701171875,9.437173503101803e-06
1410,616.471923828125,91.52012634277344,24.028076171875,93.18234252929688,2.989291533594951e-05
1410,602.6375732421875,119.67129516601562,21.629150390625,52.882904052734375,2.163864792237291e-06
1410,617.1832275390625,120.75444030761719,21.126708984375,51.393646240234375,7.773555989842862e-05
1440,514.9540405273438,81.6248550415039,23.635498046875,56.921592712402344,9.832857585934107e-07
1440,626.9593505859375,73.06719970703125,13.5406494140625,57.567596435546875,1.2873302921434515e-06
1440,517.8037109375,88.84490966796875,27.5439453125,67.00294494628906,4.898335191683145e-06
1440,0.0,98.52033233642578,13.947187423706055,51.33348846435547,1.4698996437800815e-06
1440,0.0,76.56037902832031,23.814767837524414,102.52830505371094,3.074114374612691e-06
1440,1.084670066833496,102.31459045410156,21.63327407836914,51.0831298828125,4.665991127694724e-06
1440,6.897332191467285,101.80123138427734,24.86003875732422,60.17688751220703,2.2864074708195403e-05
1440,16.324615478515625,103.41859436035156,22.26138687133789,52.150238037109375,1.3564870641857851e-05
1440,24.7554874420166,104.86917114257812,21.288175582885742,52.265777587890625,5.0387525334372185e-06
1470,599.5543212890625,113.37303161621094,23.5064697265625,55.387603759765625,9.926797019943479e-07
1470,595.5545043945312,124.75332641601562,21.34130859375,51.792236328125,7.935653229651507e-06
1530,416.1404724121094,150.9042510986328,20.82086181640625,50.983062744140625,2.7148721528647e-06
1530,10.787412643432617,161.28167724609375,21.421939849853516,50.962615966796875,7.313294190680608e-06
1530,0.0,162.7409210205078,13.962571144104004,51.318450927734375,0.0001226372696692124
1530,0.6590356826782227,169.94873046875,21.861343383789062,52.710723876953125,1.0510379979677964e-05
1530,0.0,180.1484375,13.609939575195312,51.605865478515625,2.1406409359769896e-05
1560,369.523681640625,148.02542114257812,24.395751953125,57.720977783203125,1.9250130662840093e-06
1560,376.95806884765625,157.45553588867188,21.79559326171875,51.66241455078125,0.004089683294296265
1560,381.82843017578125,153.74281311035156,26.18304443359375,60.996490478515625,1.3317484444996808e-05
1560,0.0,169.70343017578125,14.655752182006836,54.10009765625,9.433177183382213e-06
1560,602.0313720703125,358.23309326171875,38.4686279296875,122.26690673828125,5.282429356157081e-06
1590,535.2756958007812,156.19589233398438,22.5765380859375,55.276458740234375,0.00023727482766844332
1590,416.6209716796875,166.26556396484375,22.6961669921875,53.413818359375,0.025838425382971764
1590,425.2049255371094,166.02444458007812,22.34173583984375,52.671173095703125,0.0022446082439273596
1590,530.0723876953125,163.71324157714844,20.9892578125,50.5992431640625,7.484165962523548e-06
1590,6.888996124267578,170.64781188964844,22.59433364868164,53.748382568359375,6.511137144116219e-06
1590,342.6368103027344,98.9114990234375,142.1929931640625,294.5506896972656,3.1366178063763073e-06
1590,0.0,175.58566284179688,14.521210670471191,51.53631591796875,0.00011270038521615788
1590,0.0,132.26425170898438,26.636436462402344,121.30795288085938,1.564966964906489e-06
1590,0.0,168.91921997070312,24.238300323486328,66.94537353515625,3.375161031726748e-05
1590,412.56103515625,176.27206420898438,20.6500244140625,50.60235595703125,5.398196208261652e-06
1590,431.72930908203125,174.5158233642578,20.8328857421875,51.238067626953125,5.253350900602527e-05
1590,600.8749389648438,360.44012451171875,39.62506103515625,120.05987548828125,3.981684585596668e-06
1620,470.5054626464844,165.9222412109375,21.263916015625,50.64605712890625,6.262608621909749e-06
1620,627.2013549804688,158.0594940185547,13.29864501953125,50.815704345703125,4.448326762940269e-06
1620,464.0899353027344,171.317138671875,21.5294189453125,51.203704833984375,0.3087664246559143
1620,435.57330322265625,170.96022033691406,22.41668701171875,53.4869384765625,0.9999614953994751
1620,374.15887451171875,105.25973510742188,131.24041748046875,284.88079833984375,1.9044058717554435e-05
1620,450.07373046875,169.58587646484375,20.88616943359375,50.700042724609375,0.00045957654947414994
1620,456.5699157714844,158.00381469726562,35.036865234375,77.21804809570312,2.4757064238656312e-06
1620,505.1213684082031,171.77182006835938,21.863555908203125,51.572296142578125,0.000472192739835009
1620,0.0,176.3624267578125,14.465617179870605,53.414154052734375,2.1787387595395558e-05
1620,428.63043212890625,159.0406494140625,33.32049560546875,76.47091674804688,3.753404143935768e-06
1620,498.0503845214844,171.7176513671875,21.738372802734375,50.7501220703125,0.00011110674677183852
1620,513.8139038085938,175.77821350097656,21.435546875,50.51336669921875,0.002089001704007387
1620,626.8231201171875,173.47450256347656,13.6768798828125,57.08978271484375,1.2837655958719552e-05
1620,428.06121826171875,173.61988830566406,22.39910888671875,54.389892578125,7.072070002323017e-05
1620,618.0587158203125,182.87530517578125,20.8341064453125,50.538909912109375,7.271593858604319e-06
1620,610.9774780273438,407.921142578125,29.52252197265625,72.578857421875,7.497196293115849e-06
1620,600.886474609375,360.42608642578125,39.613525390625,120.07391357421875,6.437147021642886e-06
1650,461.40740966796875,146.51443481445312,35.598876953125,87.25579833984375,3.871833087032428e-06
1650,472.15362548828125,139.31126403808594,36.06329345703125,88.9114990234375,3.553661187538637e-08
1650,545.9224853515625,147.37046813964844,21.879150390625,53.03570556640625,6.546863733092323e-05
1650,472.76922607421875,156.54359436035156,22.66485595703125,51.882293701171875,4.884862846665783e-06
1650,466.36627197265625,162.80850219726562,25.41180419921875,60.618499755859375,0.9999997615814209
1650,478.98016357421875,160.11158752441406,25.729248046875,62.0772705078125,0.009836615063250065
1650,489.2462158203125,161.4412384033203,25.02508544921875,59.87249755859375,0.9976814985275269
1650,501.6929016113281,163.33505249023438,22.141815185546875,51.48760986328125,0.00021536728309001774
1650,529.4631958007812,162.89801025390625,20.9530029296875,51.441070556640625,4.276728304830613e-06
1650,545.523681640625,153.24786376953125,28.5828857421875,68.18930053710938,0.996711254119873
1650,554.863525390625,156.026123046875,25.81298828125,60.90032958984375,1.5574700228171423e-05
1650,460.89227294921875,167.20211791992188,21.42279052734375,51.30303955078125,7.984627154655755e-05
1650,404.35791015625,120.79031372070312,124.501953125,279.97283935546875,7.059045401547337e-06
1650,539.1790771484375,159.1185760498047,25.2550048828125,60.26507568359375,0.0021293163299560547
1650,534.4603271484375,142.1036376953125,43.873291015625,98.49349975585938,3.514772106427699e-05
1650,498.2060241699219,139.401123046875,117.06033325195312,268.9913330078125,7.430486675730208e-06
1650,584.4503784179688,169.19091796875,26.4730224609375,58.822540283203125,1.883023651316762e-05
1650,627.1029663085938,172.6810760498047,13.39703369140625,51.50537109375,2.668875822564587e-05
1650,0.0,176.69033813476562,14.160329818725586,53.08074951171875,1.6766232420195593e-06
1650,592.1292114257812,180.5204315185547,24.3533935546875,58.936126708984375,1.6425474314019084e-05
1650,586.728759765625,169.37796020507812,36.5120849609375,87.71194458007812,4.5330816647037864e-05
1650,607.941650390625,182.595458984375,23.609619140625,56.448974609375,1.2607618373294827e-05
1650,616.4315795898438,180.18902587890625,22.802978515625,54.31884765625,7.062473287078319e-06
1650,600.1050415039062,191.3997802734375,23.557373046875,55.91796875,2.6820132916327566e-05
1650,602.6183471679688,185.5321044921875,31.844482421875,76.93328857421875,0.00034182792296633124
1650,624.5673217773438,188.92129516601562,15.93267822265625,61.755462646484375,1.693933518254198e-05
1650,588.021240234375,194.6712188720703,22.7625732421875,56.8670654296875,6.900675089127617e-06
1650,612.8419799804688,193.13088989257812,27.65802001953125,63.84881591796875,2.5762654331629165e-05
1650,612.8258056640625,157.4509735107422,27.6741943359375,129.39845275878906,4.122958671359811e-06
1650,593.0347290039062,196.7012481689453,26.85107421875,63.06925964355469,0.010171568021178246
1650,626.2698364257812,213.50567626953125,14.23016357421875,53.0931396484375,9.047523235494737e-06
1650,599.7752075195312,358.58013916015625,40.72479248046875,121.91986083984375,3.5658531487570144e-06
1680,546.6742553710938,132.67703247070312,45.3626708984375,110.88238525390625,1.4977989621911547e-06
1680,626.7785034179688,134.7601318359375,13.72149658203125,59.949554443359375,1.3314665011421312e-05
1680,561.5007934570312,145.4585723876953,22.318359375,53.342529296875,0.00018301235104445368
1680,553.9238891601562,150.56622314453125,23.6739501953125,56.548248291015625,7.381603791145608e-05
1680,567.9035034179688,151.74093627929688,23.132080078125,52.216094970703125,7.195629677880788e-06
1680,520.8735961914062,138.05361938476562,43.9715576171875,106.17550659179688,1.0794052286655642e-05
1680,587.7642822265625,153.07594299316406,29.2769775390625,69.56463623046875,3.846028278076119e-07
1680,622.8952026367188,150.45266723632812,17.60479736328125,66.5604248046875,0.0033076012041419744
1680,515.7433471679688,156.79249572753906,28.9234619140625,67.30581665039062,4.592290861182846e-05
1680,524.096923828125,154.8524169921875,30.81689453125,74.58389282226562,0.9999983310699463
1680,545.0028686523438,151.5241241455078,30.9866943359375,76.41998291015625,0.0023816933389753103
1680,570.4090576171875,157.7099609375,27.7100830078125,66.57626342773438,0.00699578458443284
1680,583.915771484375,160.954833984375,23.8551025390625,56.5924072265625,4.603212801157497e-05
1680,504.12994384765625,162.66775512695312,25.9442138671875,60.1412353515625,7.64954984333599e-06
1680,475.413330078125,128.81773376464844,120.3250732421875,287.5374755859375,2.768943886621855e-06
1680,533.3955688476562,162.7691192626953,26.1578369140625,59.414459228515625,0.00012025544128846377
1680,555.7636108398438,149.65576171875,32.3818359375,77.921630859375,0.9922176599502563
1680,0.0,176.5457305908203,14.318702697753906,52.7777099609375,4.351655661594123e-06
1680,594.0867919921875,108.96978759765625,46.4132080078125,225.97802734375,4.085524778929539e-06
1680,562.0386352539062,171.43603515625,22.300537109375,54.3319091796875,9.498652070760727e-05
1680,625.3699340820312,175.4893341064453,15.13006591796875,64.25131225585938,6.915698031662032e-05
1680,616.8046875,152.23915100097656,23.6953125,99.77383422851562,6.5575372900639195e-06
1710,601.209716796875,125.79743957519531,23.33984375,55.04449462890625,5.872982455912279e-06
1710,544.0018310546875,172.08770751953125,22.6300048828125,53.24371337890625,4.0368817280977964e-05
1710,185.41285705566406,187.15945434570312,22.1768798828125,51.79681396484375,5.653252173942747e-06
1710,176.06927490234375,190.45266723632812,23.48614501953125,55.4840087890625,9.268264307138452e-07
1710,15.499868392944336,175.51370239257812,57.9537353515625,133.78018188476562,1.646045893721748e-05
1710,593.3294067382812,198.17279052734375,47.17059326171875,245.037353515625,5.071751729701646e-06
1710,557.5075073242188,249.1424560546875,82.99249267578125,225.61358642578125,2.8281667709961766e-06
1740,626.63232421875,168.0336456298828,13.86767578125,51.695343017578125,9.122553819906898e-06
1740,167.8267059326172,185.0331268310547,21.12701416015625,51.09747314453125,2.3399776182486676e-05
1740,609.0943603515625,184.8602294921875,21.5303955078125,52.15899658203125,0.10384643077850342
1740,601.3484497070312,168.7294158935547,35.5250244140625,81.17465209960938,9.272646821045782e-06
1740,615.7587890625,181.96914672851562,21.7445068359375,52.8221435546875,0.0055417935363948345
1740,337.2715148925781,186.63320922851562,21.30035400390625,51.43951416015625,4.99299967486877e-05
1740,539.8413696289062,117.54074096679688,100.65863037109375,296.1162109375,3.429836624491145e-06
1740,626.1112670898438,185.2550048828125,14.38873291015625,51.063629150390625,0.0014027507277205586
1740,617.9041748046875,166.25811767578125,22.5958251953125,87.6329345703125,8.123919542413205e-06
1740,592.0419921875,116.56612396240234,48.4580078125,236.14859008789062,9.011098882183433e-06
1740,604.076171875,193.37472534179688,21.9178466796875,52.398193359375,0.0008273523417301476
1740,626.6959228515625,205.74896240234375,13.8040771484375,51.93084716796875,5.407749085861724e-06
1740,600.6649169921875,362.1221618652344,39.8350830078125,118.37783813476562,3.796676992351422e-06
1770,43.85552978515625,167.86761474609375,31.60552215576172,74.5672607421875,3.106100848526694e-05
1770,56.081817626953125,182.9085235595703,21.623031616210938,51.290802001953125,4.1625469748396426e-05
1770,61.90834426879883,181.42306518554688,23.842670440673828,56.23626708984375,3.369929117980064e-06
1770,87.50072479248047,187.35317993164062,22.064712524414062,51.140960693359375,0.00012017165136057884
1770,41.509483337402344,188.67385864257812,21.137557983398438,50.54046630859375,4.034524408780271e-06
1770,49.265506744384766,186.50759887695312,21.143001556396484,50.60699462890625,4.265457391738892e-06
1770,0.0,345.589599609375,63.08712387084961,134.910400390625,3.35150048158539e-06
1770,599.1671752929688,361.4065856933594,41.33282470703125,119.09341430664062,3.6034193726663943e-06
1800,333.32513427734375,48.193275451660156,24.6044921875,57.42243957519531,7.136890053516254e-05
1800,340.2979431152344,49.537208557128906,27.1640625,65.52574157714844,1.0566580385784619e-05
1800,327.1202087402344,52.369712829589844,33.86285400390625,78.50824737548828,0.4994593560695648
1830,0.0,160.85658264160156,15.285428047180176,55.18157958984375,5.622257049253676e-06
1830,426.7579040527344,173.7418212890625,22.22967529296875,52.298126220703125,2.7388596208766103e-06
