30,256.8974914550781,177.44549560546875,21.90289306640625,52.1544189453125,1.9398687527427683e-06
60,249.3378448486328,164.726806640625,22.560531616210938,55.08441162109375,1.2809815643777256e-06
60,131.271728515625,194.16835021972656,21.901458740234375,51.353851318359375,8.48262061481364e-06
60,142.9168701171875,189.8814697265625,22.10498046875,52.848846435546875,3.567135354387574e-05
60,432.2737121582031,192.48348999023438,22.2767333984375,51.930908203125,7.134085535653867e-06
60,137.7328338623047,199.3709716796875,21.087554931640625,51.560821533203125,3.740333113455563e-06
60,0.0,427.40814208984375,23.14385986328125,53.09185791015625,2.8399751954566455e-06
60,0.0,345.04345703125,64.43360900878906,135.45654296875,5.687650627805851e-06
90,240.74722290039062,167.34483337402344,20.980712890625,51.224456787109375,2.8412559913704172e-05
90,248.0066375732422,165.15850830078125,21.278762817382812,52.238189697265625,3.177923645125702e-05
90,73.693603515625,188.9633026123047,21.808578491210938,51.1563720703125,7.534324595326325e-06
90,86.91779327392578,189.9380645751953,22.016143798828125,51.228729248046875,7.835441465431359e-06
90,128.85708618164062,190.93800354003906,21.725616455078125,51.069976806640625,0.00013331040099728853
90,234.44558715820312,174.097412109375,21.67626953125,51.382659912109375,0.00011263797932770103
90,81.48250579833984,195.74462890625,21.825027465820312,51.0186767578125,0.00032126985024660826
90,96.74990844726562,194.83953857421875,21.807586669921875,51.289947509765625,4.41312076873146e-05
90,103.964599609375,192.73094177246094,21.5870361328125,52.061767578125,7.805728273524437e-06
90,542.8233642578125,182.92527770996094,23.330810546875,54.08526611328125,3.011725084434147e-06
90,114.48394775390625,195.6774444580078,21.105911254882812,51.409454345703125,6.446325187425828e-06
90,51.30308532714844,105.87451171875,145.05018615722656,303.95233154296875,4.66346000393969e-06
90,536.3162231445312,189.95896911621094,25.663330078125,61.746917724609375,6.166463208501227e-06
90,123.4092025756836,198.4581756591797,22.08283233642578,53.96588134765625,9.024704013427254e-06
90,534.4868774414062,174.95663452148438,38.677001953125,93.09213256835938,3.886044851242332e-06
90,0.0,427.3313903808594,23.607973098754883,53.168609619140625,2.731441099967924e-06
90,0.0,347.9385681152344,64.60946655273438,132.56143188476562,6.454383310483536e-06
120,239.70960998535156,147.5384063720703,22.675033569335938,53.540496826171875,6.2470166994899046e-06
120,233.10354614257812,151.6615447998047,23.268646240234375,55.41656494140625,6.008827995174215e-07
120,586.8255615234375,164.4285125732422,22.6378173828125,53.22552490234375,5.8875732065644115e-05
120,217.77621459960938,161.03318786621094,21.271087646484375,50.67669677734375,4.0609825191495474e-06
120,592.6669921875,170.41622924804688,22.7996826171875,54.91339111328125,0.05559969320893288
120,596.5652465820312,157.07476806640625,36.897705078125,92.32357788085938,1.0203239071415737e-05
120,611.1126098632812,167.70912170410156,29.38739013671875,75.40151977539062,9.714256520965137e-06
120,626.19921875,175.7685546875,14.30078125,54.09075927734375,4.763176548294723e-06
120,1.6519384384155273,191.1385955810547,23.495216369628906,55.16888427734375,1.545394115964882e-05
120,464.5148010253906,185.6331024169922,21.6849365234375,50.796112060546875,6.0198897699592635e-05
120,586.8272705078125,155.60797119140625,33.6712646484375,81.5184326171875,1.6834657799336128e-05
120,598.0479125976562,172.43038940429688,26.4642333984375,63.3258056640625,0.0018145598005503416
120,605.5195922851562,179.48098754882812,26.3043212890625,61.141815185546875,0.00011378768977010623
120,8.86421012878418,198.4861297607422,22.19970703125,52.581207275390625,6.133768329164013e-05
120,41.22545623779297,194.28329467773438,22.32770538330078,52.080535888671875,4.0902650653151795e-05
120,48.10826873779297,190.9473419189453,22.26024627685547,52.634307861328125,6.722826583427377e-06
120,0.0,199.9570770263672,15.98621940612793,54.3543701171875,9.043814316100907e-06
120,15.581419944763184,203.2914581298828,21.658706665039062,51.649383544921875,3.8168644096003845e-05
120,602.4425048828125,193.32542419433594,21.012451171875,50.53009033203125,4.7026542233652435e-06
120,0.0,348.64471435546875,62.51600646972656,131.85528564453125,3.56800296685833e-06
150,208.6925811767578,144.15951538085938,21.351043701171875,51.39404296875,5.573276212089695e-05
150,217.37423706054688,140.79359436035156,22.273590087890625,52.923370361328125,1.543823782412801e-05
150,227.2449951171875,143.88197326660156,21.273101806640625,50.836639404296875,0.00012704450637102127
150,203.21514892578125,151.25396728515625,21.22601318359375,50.820556640625,1.6609108570264652e-05
150,616.4891357421875,162.02638244628906,21.0107421875,50.663848876953125,9.003502782434225e-05
150,626.8961181640625,162.16236877441406,13.6038818359375,52.037322998046875,1.8531396563048474e-05
150,618.3007202148438,144.22877502441406,22.19927978515625,96.92953491210938,1.9561764474929078e-06
150,607.0661010742188,175.34495544433594,26.1712646484375,60.738861083984375,5.672228508046828e-05
150,0.0,184.47769165039062,15.968111038208008,56.569427490234375,6.922432930878131e-06
150,7.68864631652832,186.30780029296875,22.915584564208984,54.021392822265625,5.5628047448408324e-06
150,585.3970947265625,177.99209594726562,35.40283203125,84.18817138671875,2.8935071441082982e-06
150,597.2279052734375,186.49148559570312,26.66845703125,60.355438232421875,2.326760750293033e-06
150,626.7908325195312,184.50045776367188,13.70916748046875,52.43511962890625,1.3772480087936856e-05
150,592.3297119140625,199.6949920654297,21.9534912109375,51.598602294921875,0.00037578376941382885
150,0.0,349.41131591796875,64.74249267578125,131.08868408203125,6.538110937981401e-06
180,189.43695068359375,142.85092163085938,20.95904541015625,50.72613525390625,2.741307980613783e-06
180,199.4269561767578,137.8892364501953,20.785369873046875,50.898101806640625,4.5307142499950714e-06
180,105.76901245117188,157.21731567382812,21.230743408203125,51.4656982421875,2.975663846882526e-06
180,385.7371520996094,171.342529296875,21.6175537109375,51.7003173828125,3.263447433710098e-05
180,433.1164855957031,171.84359741210938,21.35528564453125,50.5169677734375,2.720060763294896e-07
210,626.7520141601562,112.89729309082031,13.74798583984375,57.7950439453125,6.294433205766836e-06
210,82.88484954833984,144.72715759277344,22.03631591796875,52.3592529296875,2.245551695523318e-05
210,387.76092529296875,145.3799285888672,23.0072021484375,53.732269287109375,2.043254653472104e-06
210,394.4880065917969,149.5027618408203,22.359130859375,52.43841552734375,0.0015820724656805396
210,95.89053344726562,146.5492401123047,22.05126953125,52.613677978515625,0.013322563841938972
210,89.11898040771484,131.12472534179688,35.24632263183594,80.19277954101562,1.6336537100869464e-06
210,0.0,153.6117706298828,14.947650909423828,53.5992431640625,5.332019100023899e-06
210,386.4810485839844,138.1460723876953,37.1240234375,80.05136108398438,1.011496237879328e-06
210,325.1898193359375,84.92008972167969,140.41302490234375,290.6591796875,5.2928021432308014e-06
210,102.74700927734375,150.16526794433594,21.997451782226562,51.38580322265625,9.01155945030041e-05
210,90.23443603515625,156.77255249023438,21.521621704101562,51.45501708984375,8.580699955018645e-07
240,15.966062545776367,130.37855529785156,21.41385841369629,50.545745849609375,6.662376677013526e-07
240,0.0,137.41563415527344,15.219011306762695,55.118316650390625,5.245656211627647e-06
240,495.70562744140625,139.0006866455078,24.1942138671875,56.291107177734375,4.4558059016708285e-05
240,9.56070327758789,139.78233337402344,21.067588806152344,50.6109619140625,2.9103691758791683e-06
240,503.1151428222656,145.8820343017578,23.613433837890625,54.72119140625,5.099138888908783e-06
240,628.18408203125,171.58067321777344,12.31591796875,50.9384765625,2.776964493023115e-06
270,198.4742889404297,98.74323272705078,21.28082275390625,51.32544708251953,0.005698186345398426
270,0.0,127.20645904541016,15.589262008666992,57.33361053466797,4.678734967455966e-06
270,552.7081909179688,134.2083282470703,22.1162109375,53.559844970703125,6.340484105749056e-05
270,627.350830078125,128.79257202148438,13.149169921875,50.9532470703125,6.768443654436851e-06
270,0.007979393005371094,146.4586181640625,24.597705841064453,57.703277587890625,1.3715562090510502e-06
270,7.332737922668457,153.8577117919922,24.655128479003906,58.81207275390625,5.001748377253534e-06
270,0.0,164.03060913085938,15.21268081665039,52.657745361328125,5.453005996969296e-06
270,0.0,126.75215148925781,28.610692977905273,126.94827270507812,1.4233568208510405e-06
270,0.0,169.0943145751953,23.662425994873047,62.579254150390625,2.7425187454355182e-06
270,0.0,186.54380798339844,15.017226219177246,50.9095458984375,2.6352122404205147e-06
270,0.0,343.60430908203125,63.87018966674805,136.89569091796875,3.1578017569700023e-06
300,545.745849609375,110.85568237304688,22.664306640625,52.564788818359375,4.207481651974376e-06
300,552.0386352539062,115.01258850097656,22.673095703125,54.475189208984375,1.8928903955384158e-05
300,627.0863037109375,112.91890716552734,13.4136962890625,58.124046325683594,6.147115982457763e-06
300,83.11454010009766,119.70188903808594,21.518936157226562,51.09185791015625,4.805907792615471e-06
300,0.0,127.62391662597656,14.963297843933105,54.39892578125,3.9522060433228035e-06
330,425.82568359375,132.2179412841797,22.5555419921875,53.5601806640625,1.341257848253008e-05
330,435.4145812988281,140.6851043701172,21.22064208984375,50.555206298828125,0.021196680143475533
330,447.5845642089844,140.04159545898438,22.69232177734375,54.636474609375,0.0001033689986797981
330,599.79638671875,359.04290771484375,40.70361328125,121.45709228515625,5.954741482128156e-06
360,627.686767578125,78.21549987792969,12.813232421875,56.708038330078125,2.5859778816084145e-06
360,87.81170654296875,151.03794860839844,22.90576171875,56.2750244140625,4.9131391278933734e-05
360,0.0,153.8218994140625,14.424440383911133,54.991455078125,6.635493264184333e-06
360,475.42041015625,155.5729217529297,22.01708984375,52.35357666015625,0.00010599548841128126
360,482.7459716796875,157.1132049560547,22.02679443359375,52.735870361328125,0.0014327091630548239
360,496.1228332519531,155.9708251953125,21.558685302734375,50.9290771484375,0.00039303794619627297
360,504.864501953125,155.89634704589844,21.354248046875,50.516876220703125,4.69901024189312e-05
360,511.161865234375,160.64926147460938,23.124755859375,55.19866943359375,3.2777466003608424e-06
360,489.5928955078125,161.49913024902344,22.53857421875,53.737396240234375,3.4366606996627524e-05
390,601.3878784179688,167.03298950195312,20.6693115234375,50.640960693359375,1.8648153854883276e-05
390,0.0,167.9310302734375,13.724359512329102,55.364837646484375,3.5568798466556473e-06
390,464.6029357910156,168.03213500976562,21.29864501953125,50.999359130859375,1.4755062238691607e-06
390,480.14849853515625,167.15794372558594,23.36572265625,56.165985107421875,4.8758524826553185e-06
390,591.6923828125,167.63421630859375,25.5419921875,60.92144775390625,5.970465508653433e-07
390,616.7006225585938,171.38943481445312,21.1397705078125,51.54547119140625,1.973133976207464e-06
390,627.3641967773438,178.31338500976562,13.13580322265625,51.713470458984375,4.6970831135695335e-06
390,601.2362060546875,360.7397155761719,39.2637939453125,119.76028442382812,3.344054903209326e-06
420,0.0,163.88470458984375,16.233041763305664,56.933197021484375,3.658542027551448e-06
420,0.4409065246582031,179.48638916015625,22.293996810913086,52.8631591796875,3.2984247809508815e-05
420,479.97283935546875,176.83908081054688,22.87353515625,53.853912353515625,3.696425437738071e-06
420,8.068863868713379,181.7849578857422,22.74698257446289,54.608001708984375,1.159017870122625e-06
420,16.403331756591797,182.43743896484375,23.35741424560547,55.0108642578125,6.94208779350447e-07
420,23.851898193359375,180.99984741210938,23.05553436279297,55.606201171875,4.223228188493522e-06
420,626.9202880859375,217.34115600585938,13.5797119140625,62.008453369140625,3.393885890545789e-06
420,616.6129150390625,201.57357788085938,23.8870849609375,106.44903564453125,5.9869025790249e-06
420,610.6597290039062,409.0088195800781,29.84027099609375,71.49118041992188,3.3391027045581723e-06
420,600.0527954101562,360.9086608886719,40.44720458984375,119.59133911132812,7.552243914688006e-06
450,0.0,171.23312377929688,13.502191543579102,50.97021484375,4.810392510989914e-06
450,0.0,187.08799743652344,12.750578880310059,52.9178466796875,0.00106187688652426
450,0.0,166.28570556640625,21.265111923217773,95.311767578125,1.1762803296733182e-05
450,0.0,111.60362243652344,66.31576538085938,305.41546630859375,5.97836151428055e-06
450,616.655029296875,187.8438720703125,21.3662109375,51.839569091796875,1.4106975868344307e-05
450,627.2627563476562,186.66184997558594,13.23724365234375,52.8013916015625,1.1853579962917138e-05
450,15.801194190979004,187.68658447265625,21.60257339477539,51.492462158203125,1.2005021744698752e-05
450,623.505615234375,191.38742065429688,16.994384765625,74.60494995117188,5.018169758841395e-06
450,0.0,203.683837890625,13.592996597290039,52.78790283203125,9.126834811468143e-06
480,472.7520751953125,182.27610778808594,21.452880859375,51.376556396484375,3.117790356554906e-06
480,627.8245849609375,178.38491821289062,12.6754150390625,50.5413818359375,3.0576384233427234e-06
480,0.0,192.75160217285156,15.343091011047363,54.106842041015625,0.00011670793173834682
480,0.0,167.9882049560547,21.75303077697754,96.82872009277344,7.175688097049715e-06
480,0.0,124.61823272705078,48.795204162597656,228.1485595703125,3.930716502509313e-06
510,553.6672973632812,169.26205444335938,21.6488037109375,52.275726318359375,4.073771196999587e-05
510,558.39013671875,172.70188903808594,25.529296875,60.7210693359375,3.509412181301741e-06
510,566.5592041015625,174.028564453125,25.4102783203125,58.80291748046875,4.1112522808361973e-07
510,0.0,195.56175231933594,14.127706527709961,51.064605712890625,2.0833034795941785e-05
510,7.360068321228027,193.4384765625,23.22270965576172,54.777099609375,4.819415153178852e-06
510,15.376176834106445,194.3597412109375,23.19984245300293,53.876800537109375,4.749658728542272e-06
510,627.5999755859375,191.2638702392578,12.9000244140625,58.716522216796875,1.488956172579492e-06
510,0.0,199.17958068847656,23.21112060546875,56.82672119140625,7.74202180764405e-06
510,0.0,216.24249267578125,13.160235404968262,50.55279541015625,3.864993232127745e-06
540,51.00140380859375,183.78036499023438,20.780929565429688,50.8773193359375,9.318231946053857e-07
540,0.0,161.75392150878906,22.96440315246582,105.35585021972656,1.3908130540585262e-06
540,17.512367248535156,190.78440856933594,22.807350158691406,55.075714111328125,6.088315558372415e-07
540,56.729461669921875,190.43507385253906,21.53033447265625,52.4676513671875,4.423131940711755e-06
540,0.0,202.0492706298828,14.061195373535156,52.013671875,4.9720288188837e-06
540,600.85791015625,359.7884521484375,39.64208984375,120.7115478515625,1.994984359043883e-06
570,0.0,0.0,46.84007263183594,108.58084106445312,1.7260218783121672e-06
570,627.2696533203125,185.7656707763672,13.2303466796875,51.32379150390625,7.131704478524625e-06
570,602.5945434570312,190.72694396972656,22.728271484375,54.412017822265625,1.9981603145424742e-06
570,617.7577514648438,194.22454833984375,21.3824462890625,50.717071533203125,3.349515827721916e-05
570,571.7208862304688,98.63967895507812,68.77911376953125,315.806396484375,8.901514547687839e-07
570,608.8050537109375,201.2962188720703,23.379150390625,54.849700927734375,0.00041582778794690967
570,624.3863525390625,202.7367401123047,16.1136474609375,64.25874328613281,0.0011872261529788375
570,617.6961059570312,191.12677001953125,22.80389404296875,98.88690185546875,0.0002587259514257312
570,600.709228515625,206.7191162109375,26.705810546875,61.272918701171875,3.472590378805762e-06
570,605.2398681640625,175.24835205078125,35.2601318359375,141.9906005859375,0.00013602545368485153
570,595.0765991210938,155.3818359375,45.42340087890625,222.1055908203125,2.8920148906763643e-05
570,618.96435546875,425.3319396972656,21.53564453125,55.168060302734375,2.132758481820929e-06
570,598.7362060546875,363.03070068359375,41.7637939453125,117.46929931640625,2.7904291073355125e-06
570,576.6399536132812,324.58770751953125,63.86004638671875,155.91229248046875,3.579126996555715e-06
600,576.8052978515625,177.55239868164062,22.054443359375,51.511077880859375,1.8281016309629194e-06
600,627.62890625,172.20846557617188,12.87109375,50.76483154296875,4.066191195306601e-06
600,210.00210571289062,172.23580932617188,23.11322021484375,54.389434814453125,6.041559390723705e-05
600,0.0,183.58140563964844,15.358306884765625,56.488494873046875,6.062397915229667e-06
600,17.082473754882812,185.38926696777344,23.034595489501953,54.34503173828125,1.8031312720268033e-05
600,216.16860961914062,177.81173706054688,23.23626708984375,54.9447021484375,9.168510359813808e-07
600,601.4007568359375,360.3548583984375,39.0992431640625,120.1451416015625,2.855000502677285e-06
630,0.04710578918457031,173.1212615966797,23.34621238708496,55.03741455078125,5.375274213292869e-06
630,0.0,185.07669067382812,16.336477279663086,55.974639892578125,1.4554300832969602e-05
630,627.9163208007812,186.89649963378906,12.58367919921875,50.866424560546875,4.405605977808591e-06
630,0.0,349.73211669921875,59.302001953125,130.76788330078125,6.071272764529567e-06
660,0.0,175.7630615234375,15.317899703979492,55.567840576171875,2.585031688795425e-05
660,432.7844543457031,180.2254638671875,23.21820068359375,53.364532470703125,3.990906861872645e-06
660,0.0,424.7588806152344,23.41852378845215,55.741119384765625,2.4629591734992573e-06
660,0.0,379.3879089355469,53.53019332885742,101.11209106445312,1.64709326782031e-05
690,0.0,183.78973388671875,15.234723091125488,54.72808837890625,1.2566890291054733e-05
720,556.2889404296875,154.70977783203125,30.0350341796875,70.35708618164062,0.00010652552009560168
720,479.22747802734375,160.125,25.0333251953125,56.793304443359375,5.416151452664053e-06
720,566.5082397460938,168.06484985351562,21.0625,50.779022216796875,5.4272855777526274e-05
720,561.417236328125,174.88583374023438,20.909912109375,51.8955078125,9.35068692342611e-06
720,0.0,342.03399658203125,59.108482360839844,138.46600341796875,4.734138656203868e-06
750,514.969970703125,159.34716796875,21.1826171875,52.7362060546875,4.320179868955165e-06
750,617.570556640625,154.60763549804688,20.902587890625,50.876220703125,3.9936248867888935e-06
750,627.2078857421875,150.77096557617188,13.2921142578125,54.2152099609375,1.662455906625837e-05
750,429.4727478027344,79.67207336425781,153.03567504882812,302.43402099609375,1.8629062878972036e-06
750,248.8891143798828,174.06463623046875,21.820175170898438,51.171539306640625,0.7133811116218567
750,254.5488739013672,175.3599395751953,24.158645629882812,57.7174072265625,0.0019549208227545023
750,244.09072875976562,173.61424255371094,31.405029296875,70.6661376953125,0.0672612190246582
750,0.0,344.25732421875,57.27661895751953,136.24267578125,3.535870291671017e-06
750,601.3074340820312,360.5042724609375,39.19256591796875,119.9957275390625,8.162531230482273e-06
780,575.7075805664062,144.7401580810547,22.6875,52.337554931640625,6.2013405113248155e-06
780,518.1861572265625,150.3087158203125,28.0335693359375,66.852294921875,3.8011658034520224e-06
780,440.91656494140625,55.46003723144531,150.63330078125,321.83038330078125,2.0900056370010134e-06
780,0.0,171.4007568359375,14.61629867553711,52.19293212890625,8.497720955347177e-06
780,601.12451171875,359.5704345703125,39.37548828125,120.9295654296875,6.466058039222844e-06
810,513.9991455078125,149.90475463867188,21.3043212890625,54.130828857421875,7.459910193574615e-06
810,434.2378845214844,67.12181091308594,151.21578979492188,306.5445556640625,5.920031526329694e-06
810,0.0,176.63299560546875,15.498013496398926,56.612060546875,4.623039785656147e-06
810,599.4132080078125,358.7122802734375,41.0867919921875,121.7877197265625,4.73169257020345e-06
840,506.5506896972656,157.8553009033203,21.149871826171875,51.75177001953125,1.8182732674176805e-05
840,424.2308044433594,72.9764404296875,150.34146118164062,302.56524658203125,9.694931577541865e-06
840,508.81256103515625,155.90719604492188,28.5479736328125,68.66452026367188,5.617399096990994e-07
840,501.1106262207031,165.88949584960938,20.996063232421875,51.32879638671875,3.8915160871511034e-07
840,0.0,176.12445068359375,14.844234466552734,52.808135986328125,4.571381396090146e-06
840,601.1239624023438,360.61260986328125,39.37603759765625,119.88739013671875,2.4101514100038912e-06
870,500.0186767578125,161.07997131347656,21.9127197265625,52.998046875,0.00011150009231641889
870,185.6787872314453,166.63507080078125,32.45123291015625,76.18487548828125,3.8989925087662414e-05
870,154.26246643066406,173.37986755371094,20.74127197265625,51.180877685546875,2.7445544219517615e-06
870,168.83287048339844,172.84901428222656,25.312042236328125,60.23736572265625,2.7963673346675932e-05
870,163.38775634765625,156.7025146484375,41.835113525390625,98.49154663085938,6.307641160674393e-05
870,178.13734436035156,170.9643096923828,21.930572509765625,53.129425048828125,0.0001813412964111194
870,502.897216796875,163.01283264160156,28.1986083984375,68.27273559570312,1.4019514082974638e-06
870,424.7221374511719,66.17510986328125,150.61398315429688,308.8667907714844,4.520597030932549e-06
870,0.0,178.5660858154297,14.626380920410156,53.052520751953125,4.517946308624232e-06
870,173.60028076171875,167.04994201660156,41.79736328125,102.50862121582031,0.9999847412109375
870,191.41757202148438,175.99560546875,22.881622314453125,53.887451171875,8.410009399995033e-07
870,160.8873291015625,177.5274658203125,28.22222900390625,66.28665161132812,1.2017576409562025e-05
870,175.39451599121094,178.51904296875,28.254425048828125,69.17742919921875,1.3170722013455816e-05
870,137.04568481445312,137.84661865234375,110.715087890625,267.8167724609375,5.143672296981094e-06
870,184.2383575439453,179.77313232421875,22.9326171875,53.68994140625,5.507835112439352e-07
870,152.46112060546875,147.98416137695312,78.41305541992188,187.86056518554688,0.0001261199067812413
870,194.08396911621094,178.4140167236328,31.2913818359375,75.40621948242188,1.4519946489599533e-05
870,176.25254821777344,161.0123291015625,58.323699951171875,137.40719604492188,1.1316620884826989e-06
870,593.7321166992188,142.41015625,46.76788330078125,239.8221435546875,1.2003166375507135e-05
870,601.6963500976562,361.1636962890625,38.80364990234375,119.3363037109375,2.685618710529525e-06
900,164.03143310546875,141.50408935546875,55.84100341796875,141.56866455078125,1.995125330722658e-06
900,182.85479736328125,170.66790771484375,25.599609375,59.6463623046875,5.9377718571340665e-05
900,494.08428955078125,174.72274780273438,20.94183349609375,50.734100341796875,0.00022105038806330413
900,153.89552307128906,180.13916015625,20.915130615234375,51.0008544921875,7.852444468881004e-06
900,159.94161987304688,176.80499267578125,27.92083740234375,65.1182861328125,1.0241992640658282e-05
900,175.15533447265625,178.7591552734375,28.67132568359375,66.23666381835938,5.429556495073484e-06
900,0.0,185.2231903076172,15.238269805908203,53.001251220703125,4.663820163841592e-06
900,158.09039306640625,166.93719482421875,39.002532958984375,98.80337524414062,1.0350404409109615e-05
900,169.7006378173828,177.3363037109375,40.3238525390625,96.0302734375,0.9997249245643616
900,146.74549865722656,161.33322143554688,77.44989013671875,188.921142578125,1.8050975995720364e-05
900,196.5828094482422,182.97256469726562,28.365234375,67.01312255859375,4.099004399904516e-06
900,168.32823181152344,184.57882690429688,26.320281982421875,65.40618896484375,1.0980745173583273e-05
900,185.15548706054688,180.0110321044922,31.30511474609375,75.14620971679688,0.00027878163382411003
930,163.98326110839844,143.27569580078125,51.29693603515625,126.9488525390625,3.520742211549077e-06
930,190.87181091308594,167.13699340820312,26.61175537109375,63.232025146484375,7.3043929660343565e-06
930,182.44711303710938,174.36175537109375,25.384246826171875,59.780059814453125,5.398420398705639e-05
930,151.92762756347656,178.44558715820312,25.359832763671875,58.119293212890625,6.680165256511827e-07
930,161.85244750976562,180.2958984375,21.54376220703125,52.231719970703125,6.860057328594849e-05
930,167.2345428466797,176.1114044189453,29.42608642578125,68.75778198242188,2.758607479336206e-05
930,0.0,186.50360107421875,15.272928237915039,52.949493408203125,9.152696293313056e-06
930,171.3983917236328,174.3150177001953,36.538055419921875,86.90953063964844,0.03297392651438713
930,183.1388397216797,181.12542724609375,33.741943359375,84.86419677734375,0.0014056070940569043
930,593.2531127929688,142.26123046875,47.24688720703125,244.21533203125,8.152339432854205e-06
960,175.4098663330078,176.8572998046875,23.96014404296875,56.59320068359375,4.316258855396882e-05
960,161.61141967773438,182.3507537841797,21.1258544921875,50.926849365234375,2.8524140361696482e-05
960,181.30938720703125,183.58140563964844,24.375091552734375,57.537353515625,2.304135051645062e-07
960,169.31130981445312,186.3208465576172,25.1318359375,59.27886962890625,1.159501880465541e-05
960,171.31988525390625,180.57305908203125,34.4364013671875,81.46286010742188,0.004235096741467714
960,0.0,191.25819396972656,14.295938491821289,52.468414306640625,6.5423650994489435e-06
960,184.01504516601562,186.3895263671875,32.854034423828125,82.22402954101562,0.00015521633031312376
960,167.4896697998047,198.40211486816406,29.12127685546875,71.86491394042969,4.941425140714273e-05
960,594.1946411132812,151.79995727539062,46.30535888671875,241.47027587890625,1.3131502782925963e-05
960,0.0,341.33514404296875,62.40272521972656,139.16485595703125,2.232653059763834e-06
990,181.74801635742188,177.89187622070312,27.521148681640625,65.08843994140625,4.13148427469423e-06
990,167.70065307617188,178.8345947265625,27.75872802734375,64.69012451171875,2.808192584780045e-05
990,152.54690551757812,185.2503662109375,24.659698486328125,57.01141357421875,6.795283411520359e-07
990,160.9480743408203,185.9360809326172,25.97381591796875,59.7158203125,9.886144653137308e-06
990,172.4599609375,182.26370239257812,33.24322509765625,79.82394409179688,0.004311689641326666
990,0.0,191.8594207763672,14.678597450256348,52.69525146484375,8.726333362574223e-06
990,176.441650390625,189.7598876953125,22.6754150390625,51.845550537109375,2.5497956812614575e-07
990,184.61148071289062,186.27911376953125,32.43389892578125,79.89324951171875,0.00010874291911022738
990,167.8988037109375,198.72349548339844,28.4908447265625,70.95838928222656,4.240486669004895e-05
990,0.0,345.71795654296875,61.879913330078125,134.78204345703125,2.1766866211692104e-06
1020,516.1864013671875,173.70936584472656,21.8480224609375,51.58172607421875,3.6746582736668643e-06
1020,176.0707550048828,182.4796600341797,22.785430908203125,53.401580810546875,1.0381158062955365e-05
1020,519.0020141601562,172.15365600585938,28.590087890625,68.93118286132812,1.9876370060956106e-06
1020,168.79254150390625,186.90463256835938,26.504608154296875,60.41778564453125,4.830973921343684e-06
1020,172.66275024414062,183.876708984375,32.355377197265625,77.955810546875,2.9047155294392724e-06
1020,182.896240234375,190.66986083984375,24.076995849609375,55.726959228515625,1.717472315476698e-07
1020,0.0,192.87281799316406,13.939027786254883,52.88427734375,2.3660364604438655e-05
1020,174.32882690429688,191.74124145507812,38.65155029296875,101.63626098632812,0.019100259989500046
1020,0.0,412.9491882324219,34.83039093017578,67.55081176757812,5.051458629168337e-06
1020,0.0,340.7698059082031,63.77033996582031,139.73019409179688,1.8509068695493625e-06
1020,603.0799560546875,360.2423095703125,37.4200439453125,120.2576904296875,2.993744374180096e-06
1050,522.3657836914062,179.85362243652344,20.8077392578125,51.70281982421875,3.6574886053131195e-06
1050,185.62939453125,188.86862182617188,22.274261474609375,52.379852294921875,6.508727437903872e-06
1050,180.9764862060547,180.12576293945312,32.546661376953125,78.6854248046875,4.440268526195723e-07
1050,192.3783416748047,190.46435546875,23.466552734375,54.38055419921875,8.189440450223628e-07
1050,188.27854919433594,189.08290100097656,34.42950439453125,80.78837585449219,0.00022029339743312448
1050,198.8004608154297,193.1910858154297,33.9052734375,82.51258850097656,7.555674528703094e-05
1050,0.0,341.986572265625,63.39805603027344,138.513427734375,6.82110658090096e-06
1050,610.3013916015625,406.7816467285156,30.1986083984375,73.71835327148438,2.712499053814099e-06
1050,600.3867797851562,360.9154052734375,40.11322021484375,119.5845947265625,5.1324409469089005e-06
1080,426.07763671875,177.4246368408203,21.65460205078125,50.582061767578125,8.773175795795396e-05
1080,417.2378234863281,178.23867797851562,24.35711669921875,56.685516357421875,2.6344232537667267e-06
1080,535.3568115234375,194.63189697265625,20.6239013671875,50.795867919921875,8.32793830340961e-07
1080,212.1398468017578,199.55813598632812,23.0281982421875,54.1497802734375,1.75415443663951e-05
1080,227.00839233398438,202.1973114013672,26.97357177734375,62.77095031738281,6.554504579980858e-06
1080,216.02040100097656,199.54019165039062,29.131622314453125,70.13629150390625,0.9855637550354004
1080,0.0,215.0618133544922,15.358176231384277,55.75941467285156,3.631009803939378e-06
1080,206.5847625732422,209.14488220214844,30.2572021484375,73.12062072753906,0.00017944135470315814
1080,208.3081512451172,196.2879638671875,42.172454833984375,97.79742431640625,0.0002932758070528507
1080,599.2581787109375,356.4859313964844,41.2418212890625,124.01406860351562,2.9247903512441553e-06
1110,559.7059326171875,196.73419189453125,20.958740234375,50.817352294921875,4.029486717627151e-06
1110,253.489990234375,199.94857788085938,23.2646484375,55.50750732421875,1.2317425444052787e-06
1110,626.7274169921875,191.04029846191406,13.7725830078125,55.87164306640625,1.757223617460113e-05
1110,248.66014099121094,208.9571533203125,21.419906616210938,50.836395263671875,0.8068585395812988
1110,242.07467651367188,208.615478515625,31.56024169921875,75.5411376953125,0.0004412186099216342
1110,0.0,337.2622985839844,61.91455078125,143.23770141601562,5.773869361291872e-06
1110,608.6099243164062,407.6651306152344,31.89007568359375,72.83486938476562,4.472705313673941e-06
1110,598.4691162109375,358.419921875,42.0308837890625,122.080078125,1.251673893420957e-05
1140,259.2888488769531,193.72972106933594,22.364013671875,52.19268798828125,1.2386217349558137e-06
1140,270.6844482421875,200.13421630859375,21.14068603515625,51.138702392578125,8.741825695324223e-06
1140,591.2427368164062,199.5020751953125,20.799560546875,50.653839111328125,1.5549681847915053e-05
1140,627.0548706054688,199.86798095703125,13.44512939453125,52.076812744140625,0.0014480064855888486
1140,619.6272583007812,182.4530487060547,20.87274169921875,90.11204528808594,9.31462363951141e-06
1140,264.0393981933594,204.9907989501953,22.70941162109375,52.58952331542969,0.9800884127616882
1140,256.483154296875,210.8475799560547,26.60528564453125,62.87690734863281,5.360111390473321e-05
1140,624.1383666992188,209.1356658935547,16.36163330078125,75.30299377441406,5.369054633774795e-06
1170,610.1612548828125,187.252685546875,21.4814453125,52.27166748046875,3.895718327839859e-05
1170,263.20001220703125,193.10887145996094,21.52734375,51.284454345703125,9.72967086454446e-07
1170,615.1464233398438,195.451904296875,22.400146484375,52.78082275390625,0.014454610645771027
1170,625.59423828125,195.22174072265625,14.90576171875,51.790740966796875,0.00013219240645412356
1170,617.2133178710938,171.67562866210938,23.28668212890625,90.42410278320312,3.956406999350293e-06
1170,509.19708251953125,201.06105041503906,21.4454345703125,52.707611083984375,6.696995842503384e-05
1170,515.1778564453125,198.4482879638672,21.86865234375,50.95245361328125,0.007357469759881496
1170,526.6926879882812,198.05941772460938,21.842041015625,52.81201171875,3.459078243395197e-06
1170,0.0,207.65213012695312,15.381317138671875,55.629150390625,4.291812274459517e-06
1170,258.6336364746094,203.4208221435547,21.63885498046875,50.72637939453125,0.35662999749183655
1170,627.319580078125,213.59237670898438,13.180419921875,51.168731689453125,8.12794951343676e-06
1200,49.38335418701172,193.4963836669922,21.693748474121094,52.327056884765625,1.0318176464352291e-05
1200,154.7977752685547,191.5602264404297,21.25897216796875,50.622467041015625,6.357103848131374e-05
1200,143.7237548828125,192.63644409179688,25.253143310546875,59.683349609375,1.5274830502676195e-06
1200,536.367431640625,197.62315368652344,21.481689453125,50.9837646484375,0.0006163882208056748
1200,627.7978515625,194.5100555419922,12.7021484375,51.04315185546875,6.485468475148082e-06
1200,158.26832580566406,197.056396484375,25.531768798828125,60.62286376953125,0.0004703912418335676
1200,542.784423828125,199.46841430664062,21.9710693359375,52.797027587890625,0.0001468254195060581
1200,551.4202880859375,201.2557830810547,20.7049560546875,50.86346435546875,2.037678314081859e-05
1200,250.1322784423828,200.43157958984375,23.954177856445312,58.29779052734375,0.12729604542255402
1200,149.17465209960938,201.60107421875,30.926605224609375,72.79708862304688,1.908489502966404e-05
1230,627.3182373046875,188.97889709472656,13.1817626953125,53.42291259765625,1.4145341992843896e-05
1230,14.802397727966309,194.3564453125,23.551456451416016,56.185546875,2.422739999019541e-05
1230,570.0146484375,191.96395874023438,20.8909912109375,50.614837646484375,7.838696183171123e-05
1230,0.0,202.04824829101562,14.124544143676758,51.143218994140625,6.782297532481607e-06
1230,0.1307229995727539,201.8440704345703,24.325023651123047,57.67353820800781,3.9546084735775366e-05
1230,8.614045143127441,199.97080993652344,21.640254974365234,51.681121826171875,3.268820728408173e-05
1230,601.6736450195312,201.0795135498047,21.4906005859375,52.694427490234375,6.038332003299729e-07
1230,615.37158203125,201.28395080566406,25.12841796875,59.97889709472656,0.00011762014037230983
1230,610.0553588867188,209.97486877441406,21.763427734375,51.90553283691406,5.6785615015542135e-05
1230,626.009765625,209.66188049316406,14.490234375,51.60838317871094,9.044789476320148e-05
1230,0.0,215.00845336914062,16.04568862915039,58.2568359375,1.2726911336358171e-05
1230,600.023193359375,356.8149719238281,40.476806640625,123.68502807617188,3.0772177979088156e-06
1260,180.3422088623047,169.0206756591797,21.608306884765625,50.6746826171875,6.965277862036601e-06
1260,625.4852294921875,187.33067321777344,15.0147705078125,53.17291259765625,0.10028404742479324
1260,568.0453491210938,110.53092956542969,72.45465087890625,301.03436279296875,1.7764537915354595e-05
1260,232.95159912109375,193.55368041992188,21.421295166015625,52.183349609375,0.006663263775408268
1260,96.2822265625,202.3226318359375,21.22332763671875,50.90509033203125,3.199550701538101e-05
1260,610.6746215820312,196.2383575439453,21.302001953125,53.224090576171875,4.681631708081113e-06
1260,618.6360473632812,173.0188446044922,21.86395263671875,87.01594543457031,0.00016542656521778554
1260,0.0,207.18211364746094,16.360872268676758,55.19065856933594,9.533637239655945e-06
1260,606.5618896484375,194.45179748535156,31.27490234375,74.50114440917969,7.211032766463177e-07
1260,624.6553955078125,203.25662231445312,15.8446044921875,65.49581909179688,0.00013892872084397823
1290,626.829833984375,198.835205078125,13.670166015625,56.690093994140625,9.835870514507405e-06
1320,419.2354736328125,188.14215087890625,21.0589599609375,50.982391357421875,1.0527133781579323e-05
1320,426.471435546875,188.90969848632812,20.9779052734375,51.979583740234375,2.9127630114089698e-05
1320,447.9140319824219,190.31166076660156,21.76202392578125,51.672576904296875,1.591156433278229e-05
1350,435.3045959472656,191.86978149414062,21.82537841796875,51.204559326171875,7.531195296905935e-05
1350,446.28411865234375,193.74703979492188,22.05096435546875,52.234832763671875,0.0008182718884199858
1350,364.28302001953125,118.82666015625,144.03045654296875,303.79949951171875,3.291874236310832e-06
1350,453.9222106933594,195.73223876953125,20.82330322265625,50.580810546875,9.077330469153821e-05
1380,200.71701049804688,169.94070434570312,21.55877685546875,51.699676513671875,3.1289723665395286e-06
1380,627.0521240234375,170.62158203125,13.4478759765625,51.214630126953125,8.11447262094589e-06
1380,192.98109436035156,175.0162353515625,22.921875,54.666534423828125,4.326876478444319e-06
1380,464.4299011230469,196.3314971923828,23.23321533203125,55.15234375,6.058952749299351e-06
1410,0.0,176.08294677734375,15.442907333374023,55.012298583984375,4.892364358966006e-06
1410,616.7376708984375,177.99473571777344,21.870361328125,52.2000732421875,8.863590664986987e-06
1410,601.4884033203125,186.57997131347656,20.8017578125,50.6595458984375,2.8485712846304523e-06
1410,609.2835693359375,185.39060974121094,20.9073486328125,50.893341064453125,2.1447458493639715e-06
1410,627.3140258789062,184.68777465820312,13.18597412109375,53.1181640625,3.2492562240804546e-06
1410,618.6304321289062,157.60220336914062,21.86956787109375,97.84832763671875,2.570624928921461e-06
1440,0.0,171.44216918945312,17.90369415283203,50.974517822265625,0.000962873746175319
1440,0.0,94.58334350585938,63.68123245239258,312.914794921875,2.531958307372406e-05
1440,7.699101448059082,173.5628204345703,20.878189086914062,50.540679931640625,0.00023670407244935632
1440,0.0,132.38577270507812,31.81412124633789,125.22271728515625,1.2656870467253611e-06
1440,17.497962951660156,180.65904235839844,21.580516815185547,51.66619873046875,0.24359671771526337
1440,0.0,187.637451171875,14.547220230102539,52.56488037109375,6.104005024099024e-06
1440,0.4714851379394531,181.3601531982422,23.846508026123047,56.131256103515625,3.6555568385665538e-06
1470,424.2452697753906,148.6217041015625,32.63531494140625,77.22552490234375,2.1984185423207236e-06
1470,430.9638977050781,159.15652465820312,22.6790771484375,54.232666015625,0.002650143811479211
1470,438.1275634765625,164.51223754882812,22.4254150390625,54.58807373046875,0.00014189950888976455
1470,627.4015502929688,170.27474975585938,13.09844970703125,51.908782958984375,1.1542941138031892e-05
1470,626.8074951171875,193.0325469970703,13.6925048828125,52.934356689453125,5.606793365586782e-06
1500,440.4498291015625,164.22434997558594,20.88922119140625,50.635772705078125,0.008535041473805904
1500,361.5981750488281,67.89253234863281,148.9600830078125,314.6944580078125,3.1234985726769082e-06
1500,497.989013671875,166.39028930664062,22.1033935546875,52.425140380859375,7.785187335684896e-05
1500,386.26470947265625,174.18685913085938,21.103515625,51.08831787109375,4.489435923460405e-06
1500,503.8481140136719,170.591064453125,24.010345458984375,57.23699951171875,2.9845480185031192e-06
1500,595.4419555664062,116.81617736816406,45.05804443359375,233.90245056152344,4.687318778451299e-06
1500,626.8538208007812,210.00013732910156,13.64617919921875,52.99967956542969,6.20035280007869e-06
1530,408.4429016113281,161.18519592285156,22.3809814453125,53.70794677734375,0.02300609089434147
1530,479.3846740722656,155.19784545898438,20.88714599609375,51.195343017578125,3.3248736144742e-05
1530,194.2576141357422,162.40472412109375,21.263885498046875,50.88623046875,3.509865564410575e-05
1530,321.9909362792969,164.51803588867188,22.07666015625,52.8363037109375,4.462089236767497e-06
1530,329.68798828125,166.31829833984375,21.6656494140625,50.576446533203125,2.6236662961309776e-05
1530,338.2094421386719,168.56497192382812,22.19000244140625,54.72479248046875,1.3923278856964316e-05
1530,324.2852478027344,164.5843963623047,31.82794189453125,74.70266723632812,1.2192873327876441e-05
1530,345.7379455566406,170.7350616455078,22.9361572265625,55.923492431640625,8.705930667929351e-05
1530,0.0,163.31752014160156,26.88606071472168,115.34953308105469,9.365456207888201e-06
1530,0.0,122.79623413085938,54.042015075683594,281.12530517578125,5.270714154903544e-06
1530,0.0,208.40225219726562,22.808521270751953,77.75592041015625,2.621018029458355e-05
1530,0.0,171.9588623046875,40.01256561279297,189.13128662109375,0.00018220095080323517
1530,0.0,196.0662384033203,29.705646514892578,120.60023498535156,0.02125852182507515
1530,0.0,234.4956512451172,20.590614318847656,77.45512390136719,7.868831744417548e-06
1560,0.0,140.1440887451172,15.377727508544922,50.52008056640625,8.760903438087553e-05
1560,6.492870330810547,141.08428955078125,22.71251678466797,54.81964111328125,4.737236668006517e-05
1560,169.74844360351562,143.1102752685547,21.03955078125,50.82635498046875,0.00012227108527440578
1560,482.0762939453125,144.56808471679688,21.968994140625,54.123321533203125,0.00024976133136078715
1560,0.3241748809814453,146.7887420654297,22.396764755249023,53.162139892578125,0.0017910439055413008
1560,162.97552490234375,147.8044891357422,21.736663818359375,51.711761474609375,7.180055035860278e-06
1560,0.0,104.91035461425781,29.31414794921875,126.87445068359375,3.988696334999986e-06
1560,402.9874267578125,158.52011108398438,21.69281005859375,51.425537109375,0.80557781457901
1560,0.0,155.29991149902344,15.544167518615723,56.630035400390625,7.758691208437085e-05
1560,153.3838348388672,160.38189697265625,21.319610595703125,52.104248046875,1.6540524256924982e-06
1560,314.4509582519531,158.94300842285156,22.2998046875,52.732421875,1.1006997738149948e-05
1560,395.21026611328125,144.67205810546875,36.24365234375,78.89810180664062,1.0411458788439631e-06
1560,322.6512756347656,165.63815307617188,22.12420654296875,54.04052734375,3.4617738720044144e-07
1560,331.3626403808594,164.54051208496094,20.9654541015625,51.3021240234375,3.1266486075764988e-06
1560,395.41290283203125,162.35028076171875,21.25250244140625,50.73089599609375,0.00013668568863067776
1560,600.0677490234375,359.6464538574219,40.4322509765625,120.85354614257812,4.597749466483947e-06
1590,73.31871032714844,100.97509002685547,23.30926513671875,53.88227081298828,3.4152335501858033e-06
1590,0.0,112.74307250976562,14.679214477539062,53.7652587890625,1.270949951504008e-06
1590,185.6062774658203,135.7056427001953,21.090606689453125,52.273162841796875,2.076444616250228e-05
1590,418.572509765625,145.46859741210938,24.71429443359375,55.956512451171875,1.415571659890702e-06
1590,430.41827392578125,145.7838134765625,24.97735595703125,59.15435791015625,0.06718190759420395
1590,627.326904296875,150.38706970214844,13.173095703125,51.15643310546875,4.941708994010696e-06
1590,122.43629455566406,153.80020141601562,22.206573486328125,52.84197998046875,5.738188065151917e-06
1590,438.69244384765625,151.5549774169922,21.743896484375,50.76995849609375,0.007200149353593588
1590,446.45794677734375,151.9696502685547,20.38427734375,50.722686767578125,2.4240996481239563e-06
1590,590.2791137695312,155.57229614257812,22.884521484375,54.102508544921875,0.00019331341900397092
1590,600.5852661132812,156.2740936279297,21.5821533203125,51.57366943359375,6.226258119568229e-05
1590,112.72601318359375,159.5264434814453,23.355438232421875,56.283905029296875,2.950258021883201e-06
1590,128.7225341796875,157.37017822265625,22.002960205078125,53.057403564453125,4.011537384940311e-05
1590,135.9725341796875,157.62872314453125,21.695098876953125,53.13623046875,1.4697678807351622e-06
1590,356.11724853515625,155.9219512939453,21.04705810546875,51.166748046875,1.3137603673385456e-05
1590,607.8776245117188,160.699951171875,23.4144287109375,54.508514404296875,9.617245086701587e-05
1590,615.6591186523438,160.6460418701172,23.8021240234375,54.86724853515625,2.4752534955041483e-05
1590,425.81805419921875,155.1053924560547,21.616943359375,52.17718505859375,5.1956623792648315e-05
1590,626.374755859375,167.263427734375,14.125244140625,55.4385986328125,7.570532034151256e-05
1620,6.476881980895996,115.02803802490234,22.769744873046875,55.314491271972656,3.6946917134628166e-06
1620,0.0,117.20919036865234,15.69713020324707,52.03417205810547,2.5056917365873232e-05
1620,626.183837890625,114.57940673828125,14.316162109375,61.7373046875,4.1325715756102e-06
1620,84.65006256103516,94.7823257446289,41.54679870605469,99.76815032958984,2.1382540580816567e-05
1620,616.8356323242188,128.37667846679688,22.694091796875,53.825958251953125,5.26150370205869e-06
1620,0.0,105.28958129882812,25.019927978515625,93.980712890625,4.139606608077884e-05
1620,1.975820541381836,127.90836334228516,21.424867630004883,51.01677703857422,0.005865037906914949
1620,13.296051979064941,128.29925537109375,24.600330352783203,58.432373046875,7.525039563915925e-06
1620,80.19700622558594,122.17520141601562,22.282684326171875,54.201080322265625,3.0517097911797464e-05
1620,75.90644836425781,112.20001220703125,33.54638671875,78.58505249023438,3.7013605833635665e-06
1620,0.0,134.81219482421875,15.636364936828613,51.360626220703125,0.0004972011665813625
1620,0.0,70.76116180419922,46.17421340942383,221.7247314453125,2.7604221486399183e-06
1620,626.208251953125,139.28770446777344,14.291748046875,50.51702880859375,0.0019025183282792568
1620,7.722485542297363,139.9793701171875,21.459247589111328,51.312103271484375,0.00010980177466990426
1620,106.83537292480469,144.03956604003906,22.950225830078125,54.795379638671875,1.6709005649317987e-05
1620,0.0,140.50872802734375,18.59839630126953,74.43789672851562,5.210416929912753e-06
1620,618.2725830078125,146.28724670410156,22.2274169921875,54.087738037109375,8.140056706906762e-06
1620,0.0,159.343017578125,13.140775680541992,51.029144287109375,6.011968253005762e-06
1620,112.50355529785156,156.27931213378906,22.208511352539062,53.445587158203125,1.2639546184800565e-05
1620,119.90190124511719,155.28732299804688,22.13275146484375,54.300018310546875,2.9380021260294598e-06
1620,626.840087890625,157.99295043945312,13.659912109375,51.435302734375,1.555724156787619e-05
1620,105.76976013183594,164.40432739257812,21.024826049804688,51.79168701171875,2.3888946998340543e-06
1650,0.0,126.77580261230469,14.675418853759766,51.17462158203125,1.640351183596067e-05
1650,0.5091953277587891,141.30828857421875,21.5620059967041,50.626007080078125,0.0003523907216731459
1650,0.0,123.14696502685547,23.79405403137207,96.67569732666016,4.314012039685622e-05
1650,6.652138710021973,144.038330078125,21.689380645751953,51.67022705078125,1.6077794498414733e-05
1650,593.4161376953125,154.34141540527344,22.8175048828125,55.552947998046875,4.1959745544772886e-07
1650,600.7627563476562,153.47164916992188,23.187744140625,54.894622802734375,2.619476845211466e-06
1650,0.0,153.64881896972656,16.429370880126953,61.527496337890625,1.3650128494191449e-05
1650,114.14266967773438,161.75802612304688,22.860855102539062,53.854888916015625,9.800477710086852e-05
1650,607.9404296875,161.30264282226562,21.83447265625,51.854278564453125,6.550423131557181e-05
1650,472.8144836425781,173.9789276123047,20.9168701171875,51.129974365234375,1.6326008562828065e-06
1650,627.4736328125,167.89273071289062,13.0263671875,55.49346923828125,3.6509993606159696e-06
1650,106.19015502929688,172.38162231445312,21.041290283203125,51.4259033203125,1.0098535312863532e-05
1650,119.86943054199219,173.2637481689453,22.03521728515625,53.462646484375,2.9925975468358956e-05
1650,127.72215270996094,172.73330688476562,21.9212646484375,53.620758056640625,6.648161161137978e-06
1650,114.18656921386719,179.31622314453125,20.542694091796875,51.406707763671875,1.3941742054157658e-06
1650,601.7271728515625,361.3739929199219,38.7728271484375,119.12600708007812,4.434396032593213e-06
1680,480.16650390625,175.42129516601562,30.343505859375,71.68148803710938,0.0003287829167675227
1680,465.0426940917969,180.67425537109375,21.28216552734375,51.152923583984375,1.1417271252867067e-06
1680,473.22064208984375,181.4683380126953,21.18865966796875,51.038970947265625,6.509149898192845e-06
1680,0.0,186.86782836914062,15.928596496582031,56.386383056640625,9.780244909052271e-06
1680,449.9246520996094,193.135009765625,21.12408447265625,50.764190673828125,1.4614189240091946e-05
1680,489.38800048828125,192.1058807373047,21.85137939453125,51.868896484375,0.9815763235092163
1680,614.4490966796875,183.32565307617188,26.0509033203125,67.90621948242188,7.928376362542622e-06
1680,625.3859252929688,186.85829162597656,15.11407470703125,54.72509765625,0.00020716068684123456
1680,128.689453125,193.2638397216797,23.17041015625,54.96551513671875,1.5966855926308199e-06
1680,137.61351013183594,191.91195678710938,22.628509521484375,53.768341064453125,3.1080294320418034e-06
1680,145.9902801513672,192.7597198486328,21.360321044921875,51.137176513671875,7.911987268016674e-06
1680,424.359130859375,126.70501708984375,137.68731689453125,289.1512451171875,3.1126448902796255e-06
1680,488.02001953125,174.78900146484375,35.28485107421875,80.77847290039062,1.9814594907074934e-06
1680,517.81103515625,193.24497985839844,22.9088134765625,53.29510498046875,7.942095976432029e-07
1680,0.0,169.99127197265625,24.974559783935547,104.05380249023438,1.269494623556966e-05
1680,152.0465850830078,194.65489196777344,22.460235595703125,54.91705322265625,1.0112897825820255e-06
1680,495.9288024902344,196.49954223632812,21.925994873046875,52.44610595703125,0.011475961655378342
1680,503.0601806640625,195.28530883789062,22.455322265625,53.599029541015625,0.0024460891727358103
1680,511.08074951171875,197.50343322753906,21.372802734375,50.895660400390625,0.00016650061297696084
1680,484.61126708984375,198.55934143066406,20.3929443359375,50.98431396484375,2.736827082117088e-05
1680,627.7786865234375,204.0343475341797,12.7213134765625,58.77784729003906,3.4175893688370707e-06
1680,0.0,157.49349975585938,42.516944885253906,211.405517578125,1.1806992006313521e-06
1710,596.6015014648438,0.0,43.89849853515625,121.06396484375,3.0880187296133954e-06
1710,0.9636373519897461,155.65213012695312,25.209671020507812,58.8841552734375,4.6887316784705035e-06
1710,0.0,161.43093872070312,16.617229461669922,59.3751220703125,8.820796210784465e-06
1710,9.876837730407715,172.68939208984375,22.365524291992188,52.796661376953125,0.0070423223078250885
1710,3.673114776611328,156.5384063720703,35.963966369628906,85.81341552734375,1.4489265595329925e-05
1710,14.696670532226562,173.33181762695312,25.707019805908203,60.39141845703125,0.0009280594531446695
1710,15.819908142089844,162.7156982421875,36.72761535644531,86.00735473632812,1.185536621051142e-05
1710,2.6183032989501953,177.00079345703125,21.388999938964844,50.75213623046875,0.00015575138968415558
1710,22.87455940246582,177.2288818359375,25.5864315032959,60.083038330078125,0.00017531744379084557
1710,410.7927551269531,189.89495849609375,21.43719482421875,51.0863037109375,0.00010256241512252018
1710,0.0,186.0845947265625,14.230506896972656,50.865142822265625,3.0068376872804947e-06
1710,33.05886459350586,184.2756805419922,21.831375122070312,50.723236083984375,0.00034495643922127783
1710,0.4476432800292969,188.19613647460938,25.158187866210938,59.432464599609375,4.1852708818623796e-05
1710,8.942861557006836,187.7628936767578,25.47660255432129,60.238006591796875,0.00026750346296466887
1710,39.68760299682617,190.6202850341797,23.319305419921875,55.444732666015625,2.2131111109047197e-05
1710,29.11743927001953,188.12896728515625,30.510345458984375,73.67562866210938,4.764357527164975e-06
1710,47.52178192138672,200.07403564453125,20.72833251953125,50.98736572265625,0.000166740981512703
1710,128.93331909179688,200.76979064941406,23.2332763671875,55.53033447265625,1.2167399290774483e-05
1710,137.46417236328125,199.74147033691406,23.21490478515625,56.419219970703125,1.311547021032311e-05
1710,146.52049255371094,199.59591674804688,22.06854248046875,52.49798583984375,9.110683458857238e-05
1710,518.6451416015625,207.6690673828125,20.876220703125,50.57720947265625,0.0005339797935448587
1710,13.426440238952637,197.1256103515625,28.125957489013672,67.40594482421875,3.621048017521389e-05
1710,4.591644287109375,178.16921997070312,39.9664421081543,96.84310913085938,2.9402524887700565e-05
1710,33.56449508666992,203.9837646484375,21.378753662109375,52.369537353515625,2.302112989127636e-06
1710,153.53662109375,200.88320922851562,22.059417724609375,52.185089111328125,0.0003209588467143476
1710,17.807052612304688,201.27731323242188,33.15315246582031,79.16705322265625,3.141281194984913e-05
1710,39.53112030029297,209.11245727539062,24.261085510253906,59.58953857421875,2.2552255813934607e-06
1710,0.0,169.45663452148438,30.745588302612305,137.17544555664062,6.1996902331884485e-06
1710,0.0,345.39453125,61.268924713134766,135.10546875,7.10789890945307e-06
1710,599.7926025390625,355.4512939453125,40.7073974609375,125.0487060546875,1.7430998013878707e-06
1740,0.0,177.52462768554688,16.020034790039062,58.402587890625,3.0478156531899003e-06
1740,8.079866409301758,183.1132049560547,24.094467163085938,56.081512451171875,1.967468961083796e-05
1740,418.5498962402344,188.57347106933594,21.8070068359375,52.182952880859375,3.0412160413106903e-05
1740,1.6790990829467773,187.3662109375,23.430240631103516,54.5994873046875,8.46943657961674e-06
1740,14.916361808776855,191.7214813232422,22.39028549194336,52.416473388671875,5.222257459536195e-05
1740,411.74951171875,191.04278564453125,20.919677734375,51.103179931640625,3.1870618499851844e-07
1740,143.98721313476562,198.35687255859375,21.42071533203125,51.536895751953125,1.5871644791332074e-05
1740,505.2504577636719,201.83352661132812,23.930755615234375,55.43841552734375,9.933238231951691e-08
1740,545.9166870117188,206.01649475097656,22.2325439453125,53.88285827636719,8.216068090405315e-05
1740,121.07345581054688,202.0532989501953,23.273651123046875,57.13194274902344,1.3574058357335161e-05
1740,129.42030334472656,201.2372283935547,22.702239990234375,54.90325927734375,1.084889481717255e-05
1740,519.8349609375,204.8320770263672,23.29931640625,54.41050720214844,1.923838681250345e-06
1740,530.7423095703125,207.9371337890625,22.635498046875,51.786529541015625,4.632130696791137e-07
1740,585.3391723632812,209.91650390625,23.7080078125,55.983856201171875,9.635571586841252e-06
1740,596.226318359375,204.06381225585938,30.660400390625,73.05484008789062,3.3411254207749153e-06
1740,0.0,208.651123046875,13.37337875366211,50.512847900390625,9.455102372157853e-07
1740,9.369105339050293,204.2904510498047,21.480037689208984,50.867462158203125,4.7870307753328234e-05
1740,5.1203155517578125,196.7920379638672,30.49234390258789,72.40653991699219,1.1039680430258159e-05
1740,15.830389022827148,204.532470703125,24.32566261291504,57.33544921875,5.260886609903537e-05
1740,137.62229919433594,203.6470184326172,21.486785888671875,51.076324462890625,8.15598396002315e-05
1740,512.5247192382812,207.4579315185547,22.345703125,53.10786437988281,2.6202062599622877e-06
1740,540.1819458007812,213.58657836914062,21.1343994140625,50.767120361328125,9.445343312108889e-05
1740,471.14801025390625,131.8173065185547,144.471923828125,301.35784912109375,3.88026774089667e-06
1740,601.0703125,215.95535278320312,21.212646484375,50.869384765625,0.00022974403691478074
1740,23.010543823242188,210.5684356689453,24.329849243164062,59.39915466308594,1.647467252041679e-05
1740,33.57539367675781,216.6594696044922,20.91753387451172,51.79042053222656,3.7088230442350323e-07
1740,592.7329711914062,218.21353149414062,22.0767822265625,52.98779296875,8.488328603561968e-05
1740,606.6730346679688,219.52798461914062,24.0279541015625,55.089874267578125,7.883636499173008e-06
1740,616.8436279296875,220.5235595703125,21.4910888671875,51.444488525390625,7.268598710652441e-05
1740,11.480937004089355,210.03778076171875,31.632293701171875,74.89968872070312,3.084052514168434e-05
1740,626.6067504882812,226.81028747558594,13.89324951171875,55.92176818847656,7.245450251502916e-05
1740,618.0609741210938,201.26976013183594,22.43902587890625,94.83406066894531,8.96030087460531e-06
1740,589.1343383789062,138.0608673095703,51.36566162109375,242.16575622558594,2.774963149931864e-06
1770,434.9224853515625,178.15037536621094,24.46893310546875,58.28863525390625,8.825978170534654e-07
1770,24.30649757385254,190.69703674316406,22.329587936401367,53.57470703125,6.8101408032816835e-06
1770,439.9369812011719,186.36190795898438,25.36151123046875,59.53448486328125,6.357297388603911e-05
1770,448.7576904296875,189.15316772460938,21.95050048828125,51.658203125,0.07534794509410858
1770,0.0,189.38818359375,14.910725593566895,51.12872314453125,3.313036359031685e-05
1770,440.15838623046875,170.12783813476562,36.8675537109375,81.59225463867188,4.429484761203639e-06
1770,0.0,170.10890197753906,23.847869873046875,94.65602111816406,9.044573744176887e-06
1770,18.216676712036133,197.26876831054688,21.645193099975586,51.4951171875,0.16459067165851593
1770,373.4222717285156,125.05314636230469,134.4337158203125,282.389404296875,8.381350198760629e-06
1770,513.6032104492188,207.2967071533203,21.7454833984375,52.57554626464844,9.810501796891913e-05
1770,520.97021484375,206.5894317626953,22.3372802734375,52.90074157714844,2.6784320652950555e-05
1770,2.4684581756591797,203.13034057617188,21.76348114013672,50.724517822265625,0.006900256033986807
1770,10.621472358703613,199.8905792236328,22.857601165771484,56.392669677734375,0.028669387102127075
1770,121.0665512084961,199.77247619628906,23.721107482910156,58.26417541503906,1.428332325303927e-05
1770,136.16033935546875,198.15084838867188,22.145660400390625,52.757293701171875,0.00034733948996290565
1770,455.0286560058594,195.63189697265625,21.46240234375,51.362823486328125,0.00010541368828853592
1770,0.0,209.44537353515625,16.222604751586914,51.959564208984375,6.592339923372492e-05
1770,28.453266143798828,202.00172424316406,25.267776489257812,61.90031433105469,5.799202699563466e-05
1770,40.09458541870117,206.43621826171875,21.38428497314453,52.67254638671875,6.811542903051304e-07
1770,126.360107421875,194.9182586669922,27.966278076171875,66.80708312988281,3.061437382712029e-06
1770,143.82916259765625,202.59271240234375,21.2615966796875,52.218536376953125,2.291262262588134e-06
1770,344.1535949707031,204.55728149414062,21.83612060546875,52.46368408203125,2.144370046153199e-05
1770,431.60028076171875,121.53683471679688,152.41534423828125,306.4404296875,3.501328592392383e-06
1770,533.261962890625,209.6414794921875,22.072265625,52.9749755859375,1.4740815004188335e-06
1770,13.29161262512207,201.2396240234375,30.6192684173584,72.4373779296875,0.02504177950322628
1770,21.476133346557617,192.49411010742188,36.30720520019531,91.08975219726562,5.597785275313072e-06
1770,34.287044525146484,203.788330078125,31.805988311767578,75.8740234375,4.538619577942882e-06
1770,337.3736877441406,209.33424377441406,24.13800048828125,58.14283752441406,1.1169107892783359e-05
1770,0.0,159.32382202148438,40.75580596923828,214.42950439453125,3.3882427032949636e-06
1770,0.0,215.03919982910156,24.377483367919922,58.15678405761719,2.9784301659674384e-05
1770,2.9482555389404297,203.4814453125,33.90808868408203,80.45050048828125,5.538377445191145e-05
1770,0.0,228.48143005371094,15.12887191772461,54.10346984863281,1.2832919310312718e-05
1770,0.0,187.84976196289062,29.171859741210938,130.344482421875,1.2789711263394565e-06
1800,0.0,150.6324005126953,21.861343383789062,102.56732177734375,6.292758371273521e-06
1800,8.439220428466797,177.2356719970703,25.01166534423828,60.650482177734375,1.0849139471247327e-06
1800,0.0,185.7904510498047,15.456635475158691,53.930145263671875,2.9400785933830775e-05
1800,23.249385833740234,189.92169189453125,22.665817260742188,52.019134521484375,2.6729845558293164e-05
1800,475.4504699707031,188.90403747558594,23.06494140625,55.562530517578125,6.228755182746681e-07
1800,418.63616943359375,145.64669799804688,131.74542236328125,279.0399169921875,2.1598630155494902e-06
1800,487.99847412109375,193.1554412841797,22.06683349609375,52.549713134765625,0.8073617219924927
1800,481.8956298828125,180.4225311279297,34.8822021484375,77.59004211425781,2.816090636770241e-05
1800,625.7767333984375,196.14608764648438,14.7232666015625,56.9342041015625,2.48670949076768e-05
1800,0.0,149.90237426757812,43.61427307128906,222.26568603515625,7.032993835309753e-06
1800,0.0,199.28977966308594,20.834651947021484,54.564117431640625,0.032926276326179504
1800,0.0,158.73690795898438,67.6396484375,284.30511474609375,7.794154043949675e-06
1800,8.379969596862793,198.05239868164062,21.998638153076172,51.8262939453125,0.0015146861551329494
1800,16.734996795654297,193.5462646484375,23.307334899902344,55.26837158203125,0.0027899991255253553
1800,31.352649688720703,195.79339599609375,21.74205780029297,51.319671630859375,3.4063989460264565e-06
1800,128.4880828857422,196.28900146484375,24.04986572265625,59.411773681640625,1.1806286238424946e-05
1800,134.65928649902344,193.92587280273438,27.71368408203125,64.39151000976562,1.4756533346371725e-05
1800,143.96728515625,196.3405303955078,21.93426513671875,50.671875,0.00012078892905265093
1800,150.20021057128906,194.64891052246094,23.18048095703125,56.771820068359375,4.348727088654414e-06
1800,346.6855773925781,199.6892547607422,22.18902587890625,53.62933349609375,1.8484831798559753e-06
1800,616.7247924804688,204.8287811279297,23.1373291015625,54.24876403808594,9.718257206259295e-05
1800,18.336673736572266,186.18402099609375,31.754554748535156,75.27133178710938,9.526644862489775e-05
1800,482.3089599609375,198.3887939453125,21.58135986328125,51.38006591796875,0.11271759122610092
1800,494.2384948730469,195.05657958984375,23.967376708984375,56.499359130859375,0.00353801716119051
1800,600.4411010742188,213.8804168701172,22.37548828125,53.21684265136719,0.00031342037254944444
1800,607.2918090820312,209.22763061523438,23.066162109375,54.56396484375,0.0004871187557000667
1800,0.0,188.13250732421875,24.83535385131836,92.80413818359375,0.0002679392055142671
1800,9.666400909423828,194.98741149902344,33.90925216674805,79.60224914550781,1.5140651157707907e-05
1800,627.540771484375,215.8506622314453,12.959228515625,50.55802917480469,0.00013329819194041193
1800,0.0,216.0348663330078,16.933298110961914,60.08995056152344,8.21088906377554e-06
1800,4.18693733215332,208.52590942382812,28.538375854492188,69.78369140625,7.964092219481245e-06
1800,594.8079223632812,223.68666076660156,20.701904296875,50.78782653808594,2.3955863071023487e-06
1830,105.13835144042969,145.25401306152344,21.126571655273438,50.778656005859375,5.766088179370854e-06
1830,113.58415985107422,142.95639038085938,21.747535705566406,51.40399169921875,1.2832685570174363e-05
1830,68.08106994628906,164.68389892578125,30.792007446289062,72.9093017578125,5.486315785674378e-05
1830,567.2615356445312,178.904296875,21.926513671875,51.6729736328125,0.00019077767501585186
1830,179.13441467285156,185.83102416992188,21.8143310546875,51.5679931640625,5.019840045861201e-06
1830,66.54524230957031,185.1610565185547,21.031906127929688,50.53045654296875,0.5157535672187805
1830,78.26713562011719,180.2725830078125,21.899154663085938,53.0438232421875,2.8909838874824345e-05
1830,184.57749938964844,192.4779510498047,20.942718505859375,50.72247314453125,5.294505899655633e-05
1830,557.2901611328125,178.95730590820312,27.82666015625,66.21875,0.7216796875
1830,573.9583740234375,181.49305725097656,21.9844970703125,53.4207763671875,1.1669519153656438e-05
1830,0.0,194.22691345214844,15.781657218933105,55.55841064453125,2.2653312043985352e-05
1830,25.15629005432129,196.09959411621094,21.3746395111084,50.60540771484375,1.13184096335317e-05
1830,58.603702545166016,172.34364318847656,34.74396896362305,80.21951293945312,0.00018241512589156628
1830,279.7989501953125,191.5882568359375,21.98114013671875,52.751068115234375,1.7683877331364783e-06
1830,540.9295043945312,189.23858642578125,23.6549072265625,55.8109130859375,0.00032452307641506195
1830,545.6738891601562,184.0153350830078,28.262451171875,67.32073974609375,0.10302513837814331
1830,539.7241821289062,162.15237426757812,42.70263671875,99.5704345703125,1.0979110811604187e-05
1830,49.95226287841797,193.47227478027344,23.64666748046875,56.351226806640625,1.5066813148223446e-06
1830,59.61470031738281,192.2578582763672,21.173019409179688,51.585418701171875,0.010279628448188305
1830,71.64097595214844,190.1961669921875,22.206497192382812,52.933868408203125,0.005372942890971899
1830,73.69473266601562,181.1522979736328,32.06510925292969,74.57275390625,6.818394467700273e-06
1830,273.4398193359375,196.6416015625,22.343017578125,55.389678955078125,1.8779040829031146e-06
1830,563.8270874023438,188.97457885742188,27.9736328125,64.38461303710938,4.741476459457772e-06
1830,628.0911254882812,207.79156494140625,12.40887451171875,50.814971923828125,8.79148683452513e-06
1830,600.4659423828125,359.4771423339844,40.0340576171875,121.02285766601562,7.026731964288047e-06
