30,569.8209228515625,36.41621398925781,21.6014404296875,52.316864013671875,0.0008071112679317594
30,574.3775634765625,34.307525634765625,26.955078125,65.61080932617188,0.0004085919645149261
30,585.1780395507812,40.11111831665039,21.0224609375,50.58298873901367,1.3030420632276218e-05
30,608.6961669921875,36.911460876464844,24.0018310546875,56.125244140625,0.00019225188589189202
30,557.9498291015625,29.98809814453125,44.742431640625,105.29481506347656,7.700454443693161e-05
30,572.75634765625,29.649272918701172,42.493408203125,100.00057983398438,2.782502178888535e-06
30,591.9898071289062,42.071563720703125,26.0107421875,61.417724609375,1.860204292825074e-06
30,601.7042846679688,42.399803161621094,24.9901123046875,58.29963684082031,1.5355089999502525e-05
30,617.3523559570312,42.76087951660156,21.057373046875,51.0614013671875,9.244404645869508e-05
30,626.7348022460938,43.19557189941406,13.76519775390625,52.3201904296875,1.0755059520306531e-05
30,604.552490234375,40.62635040283203,32.40234375,76.1055908203125,1.8558612282504328e-05
30,483.6230163574219,0.0,97.87783813476562,233.49368286132812,2.591112661320949e-06
30,539.6373901367188,0.0,89.3392333984375,223.37908935546875,3.391706559341401e-05
30,563.2608642578125,13.228263854980469,62.8966064453125,149.28305053710938,1.2742541002808139e-05
30,588.9638671875,0.0,51.5361328125,223.67550659179688,3.5948796721640974e-06
30,419.84033203125,33.085472106933594,93.45025634765625,233.68402099609375,2.1598630155494902e-06
30,440.041015625,3.64361572265625,133.60699462890625,339.84326171875,7.574641495011747e-05
30,483.24676513671875,85.40316009521484,61.7608642578125,154.41162109375,6.49659414193593e-05
30,467.89459228515625,45.573211669921875,91.26513671875,224.92898559570312,1.0024528819485568e-05
30,531.1138305664062,164.62249755859375,21.4852294921875,51.769805908203125,3.860690867441008e-06
30,512.5961303710938,165.9375762939453,22.903564453125,54.93499755859375,2.304627741978038e-05
30,522.00732421875,168.638427734375,21.517578125,51.4156494140625,7.888133950473275e-06
30,535.958984375,168.9897918701172,23.2122802734375,53.909149169921875,0.00028807148919440806
30,0.0,173.4174346923828,15.368932723999023,58.309967041015625,1.2212715773785021e-05
30,0.0,151.1357879638672,23.345767974853516,100.59957885742188,1.224869834004494e-06
30,503.28753662109375,162.12193298339844,26.8585205078125,62.258392333984375,0.00013737349945586175
30,496.2937316894531,136.33740234375,39.602691650390625,97.1876220703125,2.117631083820015e-06
30,543.1007080078125,171.83285522460938,23.148193359375,54.426422119140625,4.513678959483514e-06
30,490.0625915527344,175.75392150878906,22.09222412109375,53.459320068359375,1.2568316378747113e-05
30,498.0906677246094,173.9764404296875,21.469390869140625,53.199188232421875,7.491063297493383e-05
30,0.0,193.2528839111328,13.051347732543945,50.697296142578125,2.4687417408131296e-06
60,521.3753051757812,0.0,119.12469482421875,294.56494140625,9.689940270618536e-06
60,544.8751220703125,137.00888061523438,37.55908203125,88.44601440429688,0.0001752651296555996
60,532.908935546875,97.1677017211914,56.5523681640625,132.40545654296875,0.9022011160850525
60,516.9985961914062,71.9694595336914,86.8218994140625,217.25640869140625,3.599679075705353e-06
60,0.0,167.664794921875,13.911405563354492,51.5621337890625,8.034885831875727e-05
60,0.0,145.27639770507812,20.34807586669922,91.90997314453125,1.474494183639763e-05
60,560.8640747070312,168.51840209960938,21.214599609375,50.675323486328125,6.228147412912222e-06
60,545.5833740234375,170.86927795410156,23.011474609375,53.82379150390625,2.0768250124092447e-06
60,539.9297485351562,157.81057739257812,32.7642822265625,77.9525146484375,3.719344749697484e-05
60,552.4409790039062,167.44300842285156,25.5443115234375,59.85833740234375,0.0002420670643914491
90,603.2409057617188,66.09940338134766,37.25909423828125,157.4298095703125,6.340225809253752e-06
90,588.5478515625,31.49414825439453,51.9521484375,250.030029296875,5.000347664463334e-05
90,0.0,141.8466796875,20.25079345703125,76.57992553710938,1.7644004401518032e-05
90,553.9638671875,0.0,86.5361328125,319.4600830078125,6.9255297603376675e-06
90,0.0,158.50894165039062,14.816099166870117,50.83953857421875,2.8251850380911492e-05
90,9.015348434448242,149.90103149414062,34.81836700439453,84.453125,0.00010032369027612731
90,49.01777648925781,173.5240936279297,22.39392852783203,52.277557373046875,0.0013541809748858213
90,1.4668140411376953,168.77969360351562,22.930448532104492,53.978271484375,0.0005331707070581615
90,9.750865936279297,168.6532440185547,22.279293060302734,53.6527099609375,0.006031421013176441
90,23.989913940429688,169.5341796875,24.458450317382812,57.758209228515625,0.0018404427682980895
90,32.15541458129883,172.29318237304688,22.45372772216797,53.051971435546875,0.0002524910669308156
90,42.26416778564453,173.58326721191406,21.726158142089844,51.38421630859375,0.0001030579733196646
90,609.4639892578125,113.37447357177734,31.0360107421875,143.37973022460938,3.34719129568839e-06
90,16.74102783203125,171.74497985839844,22.667510986328125,53.50592041015625,0.004654041025787592
90,0.0,104.5745849609375,115.37124633789062,297.38067626953125,6.5254344008280896e-06
90,0.0,180.74893188476562,14.249515533447266,50.596710205078125,2.321561987628229e-05
90,55.572059631347656,179.54429626464844,21.664947509765625,50.657440185546875,0.0014136279933154583
90,63.22243118286133,177.45248413085938,21.53647232055664,51.87860107421875,1.2853581210947596e-05
90,627.6845703125,185.43423461914062,12.8154296875,52.65301513671875,5.922713626205223e-06
90,600.1324462890625,361.3478088378906,40.3675537109375,119.15219116210938,4.530998921836726e-06
120,266.7592468261719,163.64846801757812,20.84295654296875,50.558013916015625,8.92574098543264e-06
120,3.0752267837524414,172.35089111328125,21.231990814208984,50.812042236328125,0.0005990209756419063
120,538.6588745117188,168.84762573242188,21.6927490234375,52.056732177734375,2.9046797862974927e-05
120,0.0,150.87493896484375,24.120262145996094,93.16476440429688,7.691684004385024e-06
120,0.0,102.85073852539062,60.800941467285156,305.2056579589844,7.977371751621831e-06
120,545.7045288085938,170.29347229003906,22.2608642578125,53.576934814453125,2.316959398740437e-05
120,553.2426147460938,170.155517578125,22.281982421875,53.0859375,6.4535711317148525e-06
120,627.357666015625,177.6830291748047,13.142333984375,56.073455810546875,1.22304545584484e-05
120,0.0,181.3310546875,17.707883834838867,53.12335205078125,4.290806100470945e-05
120,600.54638671875,355.47503662109375,39.95361328125,125.02496337890625,2.9904199436714407e-06
150,421.3724060058594,0.0,128.22177124023438,191.41171264648438,5.469995448947884e-05
150,459.32086181640625,0.0,97.93890380859375,140.40501403808594,1.1839852959383279e-05
150,592.380615234375,15.315502166748047,41.2838134765625,101.45498657226562,7.529973663622513e-05
150,607.0245971679688,33.64658737182617,30.4022216796875,68.83602905273438,8.151841939252336e-06
150,623.0123901367188,40.57109832763672,17.48760986328125,71.89051818847656,1.053918731486192e-05
150,613.56689453125,21.414905548095703,26.93310546875,106.82749938964844,6.004695751471445e-05
150,589.5430297851562,0.0,50.95697021484375,199.40701293945312,4.644178625312634e-05
150,539.998046875,0.0,94.1951904296875,202.67532348632812,2.0090836187591776e-05
150,521.3858032226562,159.12347412109375,22.4896240234375,52.829925537109375,4.6580040361732244e-05
150,627.2335205078125,178.20306396484375,13.2664794921875,52.434051513671875,2.6993250230589183e-06
150,0.0,341.6017150878906,59.70402908325195,138.89828491210938,2.4567777927586576e-06
150,600.132080078125,355.7793273925781,40.367919921875,124.72067260742188,4.808108315046411e-06
180,595.9093627929688,0.0,44.59063720703125,123.9774169921875,1.8126612530977582e-06
180,289.2427978515625,163.0753936767578,21.64422607421875,51.188323974609375,4.7457735490752384e-05
180,283.7221374511719,170.45803833007812,21.32476806640625,52.207672119140625,1.1668746537907282e-06
180,295.7806396484375,168.25592041015625,21.32586669921875,51.098876953125,2.237376293123816e-06
180,599.8667602539062,356.86932373046875,40.63323974609375,123.63067626953125,6.279665285546798e-06
210,0.0,132.216796875,16.1611385345459,60.1744384765625,2.679637418623315e-06
210,2.4603023529052734,132.152099609375,32.752464294433594,78.3399658203125,5.274233899399405e-06
210,0.0,118.48800659179688,21.63180923461914,95.40237426757812,5.896175935049541e-06
210,1.3028879165649414,153.3647003173828,22.23790740966797,52.2646484375,0.00151584402192384
210,366.5863037109375,153.92462158203125,21.37921142578125,50.912506103515625,1.4832214219495654e-05
210,627.23095703125,152.15602111816406,13.26904296875,56.65753173828125,1.2835170309699606e-05
210,0.0,88.81336212158203,45.21104431152344,228.76089477539062,8.809170140011702e-06
210,8.760542869567871,158.79248046875,21.59917449951172,50.966827392578125,0.0006780285038985312
210,15.706353187561035,159.14654541015625,21.397502899169922,51.59112548828125,0.0008041901746764779
210,23.59336280822754,157.48446655273438,21.514081954956055,52.28631591796875,0.00020581007993314415
210,345.57330322265625,161.9537353515625,22.61956787109375,53.21075439453125,1.8633276340551674e-05
210,353.6426086425781,159.95565795898438,22.1458740234375,51.98388671875,0.00010958129132632166
210,357.26708984375,152.24227905273438,27.594970703125,64.69659423828125,5.08898529005819e-06
210,0.0,160.8955078125,16.86966896057129,56.1915283203125,0.0002436685172142461
210,599.667724609375,355.95343017578125,40.832275390625,124.54656982421875,5.772630174760707e-06
240,627.3350830078125,128.33157348632812,13.1649169921875,50.68804931640625,4.133163201913703e-06
240,0.0,132.4394989013672,16.58393669128418,57.587615966796875,2.4443704660370713e-06
240,9.199888229370117,128.23309326171875,33.580116271972656,83.49908447265625,1.4994587218097877e-05
240,1.4979228973388672,147.3787841796875,23.338233947753906,54.892578125,6.759585812687874e-05
240,408.2418212890625,145.2445526123047,21.42828369140625,51.760711669921875,6.898009814904071e-06
240,626.916015625,143.65875244140625,13.583984375,55.3433837890625,0.00010592939361231402
240,567.0404052734375,40.81657409667969,73.4595947265625,314.00433349609375,1.251319372386206e-05
240,0.0,152.1189727783203,14.568225860595703,51.717132568359375,1.505183900007978e-05
240,0.0,120.87686157226562,22.269977569580078,101.73001098632812,2.5733845632203156e-06
240,10.754778861999512,148.8681182861328,23.013690948486328,55.056854248046875,9.615447925170884e-05
240,18.188383102416992,152.9306182861328,21.959260940551758,51.639892578125,0.0034020303282886744
240,386.1468811035156,153.48912048339844,22.69232177734375,53.483306884765625,1.6976588312900276e-06
240,390.7725830078125,148.06350708007812,28.3231201171875,65.91720581054688,2.347670033486793e-06
240,400.0453796386719,150.77076721191406,22.16400146484375,52.08819580078125,3.574872243916616e-05
240,618.43896484375,129.7211456298828,22.06103515625,95.00018310546875,4.088432433491107e-06
240,24.339282989501953,158.30258178710938,22.326744079589844,54.408416748046875,2.0901452444377355e-05
240,626.5679321289062,166.7615509033203,13.93206787109375,51.85406494140625,3.053453838219866e-06
240,610.4202270507812,406.8113708496094,30.07977294921875,73.68862915039062,6.641355867031962e-06
240,599.0776977539062,358.8381652832031,41.42230224609375,121.66183471679688,1.0015297448262572e-05
270,485.9785461425781,82.18849182128906,31.181060791015625,72.08853149414062,2.1454521629493684e-05
270,479.8027038574219,79.47651672363281,44.810394287109375,110.3922119140625,8.001022251846734e-06
270,9.966207504272461,131.67843627929688,23.068239212036133,54.348846435546875,0.00011573389929253608
270,487.96612548828125,103.49652099609375,31.70318603515625,76.16864013671875,0.002835014369338751
270,3.1861038208007812,136.16006469726562,20.917354583740234,51.30072021484375,7.047429244266823e-05
270,479.60211181640625,109.32208251953125,29.66015625,69.25357055664062,2.6228157366858795e-05
270,495.49029541015625,108.75828552246094,33.43890380859375,83.84640502929688,7.39753841116908e-06
270,0.0,139.10177612304688,15.645899772644043,53.016815185546875,1.9190036255167797e-05
270,120.09828186035156,135.36541748046875,21.9078369140625,51.255523681640625,1.3765377843810711e-05
270,381.43756103515625,134.9469451904297,26.148681640625,61.3165283203125,0.0010589704615995288
270,390.50555419921875,134.74623107910156,24.7933349609375,58.179595947265625,2.9942817491246387e-05
270,368.80157470703125,139.66668701171875,23.4229736328125,56.227813720703125,5.135804894962348e-05
270,400.6029357910156,142.0816650390625,20.3465576171875,51.123138427734375,6.851572834420949e-06
270,16.745529174804688,144.0485076904297,20.3104248046875,50.75439453125,2.0359941117931157e-05
270,371.7232666015625,131.95599365234375,30.49481201171875,74.73745727539062,0.00046497301082126796
270,599.4437866210938,358.7648620605469,41.05621337890625,121.73513793945312,2.6585992145555792e-06
300,304.1765441894531,58.539695739746094,23.9427490234375,58.57696533203125,3.73112088709604e-05
300,297.1103515625,61.58645248413086,42.0172119140625,101.388427734375,1.3173483239370398e-05
300,627.403076171875,118.26588439941406,13.096923828125,50.974090576171875,9.231795047526248e-06
300,608.9678344726562,126.35955047607422,23.527587890625,54.89215850830078,1.214426174556138e-05
300,616.531982421875,132.13226318359375,20.9835205078125,51.356170654296875,2.772497737169033e-06
300,628.1270141601562,138.88101196289062,12.37298583984375,51.408905029296875,1.04790033219615e-05
300,599.49658203125,359.4836730957031,41.00341796875,121.01632690429688,4.727091891254531e-06
330,626.8347778320312,116.78250122070312,13.66522216796875,52.801666259765625,1.2537382644950412e-05
330,600.4877319335938,128.26829528808594,21.5303955078125,50.781097412109375,2.316768132004654e-06
330,194.80169677734375,126.94313049316406,38.0311279296875,92.4993896484375,8.244965283665806e-05
330,212.37152099609375,115.50172424316406,49.361541748046875,119.53167724609375,3.5868458780896617e-06
330,617.3474731445312,130.88784790039062,23.15252685546875,56.982757568359375,1.600186078576371e-05
330,206.9014892578125,133.2867431640625,32.305999755859375,77.23916625976562,5.4250187531579286e-05
330,584.4786376953125,142.20135498046875,22.672119140625,53.328521728515625,8.278976747533306e-05
330,577.4027709960938,123.92425537109375,38.0501708984375,89.7371826171875,4.188596903986763e-06
330,627.0241088867188,137.96212768554688,13.47589111328125,51.00921630859375,6.844159361207858e-05
330,612.621337890625,87.83660888671875,27.878662109375,128.30862426757812,1.8934287027150276e-06
330,201.9629364013672,145.08139038085938,21.538787841796875,53.380218505859375,1.2321583199081942e-05
330,209.38841247558594,143.60665893554688,22.43511962890625,54.65216064453125,0.00025841163005679846
330,216.9364776611328,143.5997772216797,22.587005615234375,54.916473388671875,0.00015173715655691922
330,221.85044860839844,136.25039672851562,32.026458740234375,77.05398559570312,1.0187925909121986e-05
330,235.6458282470703,139.8287353515625,32.75315856933594,76.46484375,9.612461326469202e-06
330,590.5653076171875,145.9507598876953,24.374755859375,57.284576416015625,7.044795347610489e-05
330,608.6507568359375,143.33905029296875,21.4234619140625,52.392578125,6.9299035203584936e-06
330,595.89990234375,145.6920166015625,28.447265625,66.40179443359375,1.5113386325538158e-05
330,603.0000610351562,138.43603515625,33.040771484375,81.41000366210938,2.4818080419208854e-05
330,624.9194946289062,153.39527893066406,15.58050537109375,62.6387939453125,2.2648517187917605e-05
330,584.9534912109375,146.8656005859375,34.2728271484375,82.03411865234375,0.0001304278412135318
330,617.0449829101562,135.05685424804688,23.45501708984375,100.90817260742188,2.0348268208181253e-06
330,576.70703125,137.8814697265625,51.42626953125,118.91632080078125,3.6798159271711484e-05
330,557.2879028320312,115.45165252685547,83.21209716796875,209.7393798828125,3.284697959315963e-05
330,601.6094360351562,361.10894775390625,38.89056396484375,119.39105224609375,6.753729394404218e-06
360,497.5772705078125,0.0,142.9227294921875,285.7677001953125,9.170320117846131e-05
360,568.9384765625,0.0,71.5615234375,302.1175537109375,1.843204131546372e-06
360,275.0196228027344,133.84182739257812,30.9815673828125,75.50360107421875,0.00011417745554354042
360,284.81549072265625,135.40127563476562,25.15789794921875,58.251495361328125,1.346412409475306e-05
360,222.62770080566406,128.2711181640625,39.88371276855469,99.2100830078125,1.6992955352179706e-05
360,235.596923828125,136.99107360839844,36.3134765625,86.13491821289062,7.689725862292107e-06
360,243.5233612060547,127.27823638916016,41.90748596191406,102.54344940185547,0.0002483951102476567
360,261.2713317871094,143.71426391601562,29.36895751953125,69.44271850585938,1.96428027265938e-06
360,259.18896484375,127.11972045898438,43.99237060546875,106.5443115234375,0.008460914716124535
360,241.81924438476562,99.29842376708984,78.2589111328125,186.323974609375,0.00025782323791645467
360,271.7783203125,130.98777770996094,46.8563232421875,110.65341186523438,1.613659696886316e-05
360,587.3782958984375,89.98082733154297,53.1217041015625,247.67355346679688,1.3225951988715678e-05
360,627.7745361328125,208.04586791992188,12.7254638671875,51.526519775390625,4.635304321709555e-06
360,601.1563720703125,355.260986328125,39.3436279296875,125.239013671875,5.909325864195125e-06
390,30.480934143066406,0.0,99.74004364013672,235.07461547851562,1.3164629990569665e-06
390,0.0,342.053466796875,62.563201904296875,138.446533203125,6.694235707982443e-06
390,599.6342163085938,356.11083984375,40.86578369140625,124.38916015625,3.674409754239605e-06
420,627.21240234375,57.7269401550293,13.28759765625,54.930545806884766,2.500392474757973e-05
420,626.9501953125,160.6123046875,13.5498046875,51.273529052734375,2.4715379822737304e-06
420,127.92382049560547,199.9141387939453,22.317604064941406,51.45941162109375,5.790433533547912e-06
420,135.7708740234375,202.74937438964844,22.0877685546875,51.51861572265625,1.527966787762125e-06
420,610.054931640625,406.3340148925781,30.445068359375,74.16598510742188,5.0857829592132475e-06
420,599.5987548828125,357.3822021484375,40.9012451171875,123.1177978515625,3.5830953493132256e-06
450,625.2435913085938,141.26425170898438,15.25640869140625,57.180816650390625,4.34791445513838e-06
450,596.9781494140625,102.23529052734375,43.5218505859375,216.998779296875,2.3577787942485884e-05
450,608.08740234375,157.26190185546875,28.8284912109375,65.9107666015625,9.864465027931146e-06
450,616.7013549804688,140.24322509765625,23.79864501953125,100.50006103515625,0.0004699007549788803
450,623.7366943359375,159.92300415039062,16.7633056640625,69.77725219726562,0.00019288479234091938
450,50.355106353759766,200.93515014648438,23.052532196044922,54.714813232421875,2.322958380318596e-06
450,64.68951416015625,200.3385467529297,21.529449462890625,50.6458740234375,2.6643940600479254e-06
450,625.2816162109375,186.4810333251953,15.2183837890625,54.23529052734375,2.4765757189015858e-05
450,0.9210643768310547,205.0598907470703,21.35491180419922,50.73651123046875,2.7563130515773082e-06
450,57.22911071777344,207.3023223876953,21.280899047851562,50.65950012207031,3.035287772945594e-05
450,470.0292663574219,201.11289978027344,21.13226318359375,50.840850830078125,2.5851618374872487e-06
450,40.896610260009766,208.88238525390625,22.914260864257812,53.387237548828125,4.6772047426202334e-06
450,0.0,335.3873596191406,66.80599212646484,145.11264038085938,1.4027395081939176e-05
450,610.3309936523438,406.2767639160156,30.16900634765625,74.22323608398438,2.286592916789232e-06
450,598.8877563476562,357.67047119140625,41.61224365234375,122.82952880859375,4.619500941771548e-06
450,576.333251953125,321.1460266113281,64.166748046875,159.35397338867188,2.92937124868331e-06
480,627.552001953125,162.65911865234375,12.947998046875,50.816131591796875,5.107241122459527e-06
480,38.95600128173828,199.9172821044922,21.88427734375,51.820159912109375,6.6631532718020026e-06
480,0.0,197.31036376953125,16.95833396911621,60.01544189453125,3.6023873690282926e-05
480,27.27679443359375,190.91395568847656,33.138465881347656,77.93144226074219,1.0909077900578268e-05
480,15.016054153442383,204.23904418945312,26.15223503112793,61.255218505859375,0.00022343893942888826
480,24.329105377197266,203.5103759765625,26.013755798339844,60.22015380859375,0.003475758945569396
480,45.74162292480469,207.58352661132812,21.645919799804688,50.97601318359375,7.163886039052159e-06
480,0.0,210.8878631591797,23.905323028564453,58.72904968261719,0.002195976674556732
480,7.5135393142700195,209.81040954589844,23.41436004638672,56.66230773925781,0.003975905478000641
480,34.220916748046875,208.87054443359375,21.88427734375,51.513580322265625,0.0027852733619511127
480,0.0,197.49468994140625,33.223968505859375,87.232666015625,2.6932750188279897e-05
480,0.0,222.966796875,15.2696533203125,57.399932861328125,5.528117981157266e-06
480,0.0,337.28472900390625,67.28277587890625,143.21527099609375,1.3779862456431147e-05
480,0.0,289.430908203125,120.28230285644531,191.069091796875,1.4423284483200405e-05
480,620.375,426.4607238769531,20.125,54.039276123046875,2.889734560085344e-06
480,610.37109375,408.85528564453125,30.12890625,71.64471435546875,3.2725804430810967e-06
480,599.2864379882812,356.77215576171875,41.21356201171875,123.72784423828125,5.653031166730216e-06
510,628.5375366210938,25.025278091430664,11.96246337890625,55.85279846191406,7.34204331820365e-06
510,626.8113403320312,145.27813720703125,13.68865966796875,52.951141357421875,5.570906523644226e-06
510,479.82806396484375,197.82891845703125,21.33502197265625,51.843231201171875,1.3404077435552608e-05
510,0.0,202.9036102294922,16.36133575439453,55.94862365722656,5.082117695565103e-06
510,1.0961284637451172,214.1577911376953,21.638219833374023,52.30738830566406,4.4088545109843835e-05
510,9.977204322814941,212.4260711669922,21.20081329345703,51.76374816894531,6.657816265942529e-05
510,17.086503982543945,215.68836975097656,21.141332626342773,50.63499450683594,1.7404388927388936e-05
510,0.0,222.24517822265625,14.982293128967285,50.726531982421875,2.863867484848015e-05
510,0.0,345.9014892578125,64.30113220214844,134.5985107421875,3.939659563911846e-06
510,0.0,289.86822509765625,124.92064666748047,190.63177490234375,3.850898337987019e-06
510,599.3306274414062,355.61456298828125,41.16937255859375,124.88543701171875,5.924510332988575e-06
540,617.1488037109375,164.59344482421875,21.3419189453125,51.6326904296875,3.65987170880544e-06
540,626.5869140625,169.0159149169922,13.9130859375,51.880126953125,1.8823538994183764e-05
540,8.971427917480469,230.6038818359375,21.632522583007812,51.185272216796875,1.6404042071371805e-06
540,0.0,233.46563720703125,15.709823608398438,53.91229248046875,4.018615072709508e-06
540,0.0,345.18304443359375,63.82329559326172,135.31695556640625,1.7568196199135855e-05
540,599.6780395507812,357.63525390625,40.82196044921875,122.86474609375,2.757635911621037e-06
570,610.7564697265625,92.17997741699219,29.7435302734375,136.26528930664062,4.0939498830994125e-06
570,610.239013671875,146.87339782714844,22.580322265625,53.733551025390625,0.00023183469602372497
570,602.8858642578125,151.76449584960938,22.35400390625,53.0018310546875,8.988852187030716e-07
570,621.6943969726562,146.4805145263672,18.80560302734375,65.23361206054688,0.00014687793736811727
570,610.9808959960938,152.81100463867188,28.629638671875,67.21102905273438,0.025476474314928055
570,607.0648803710938,170.23345947265625,28.5819091796875,66.10659790039062,0.00010305218165740371
570,603.67236328125,149.45762634277344,36.82763671875,112.02601623535156,4.845998319069622e-06
570,620.8146362304688,164.3473663330078,19.68536376953125,80.87014770507812,1.8864551748265512e-05
570,594.615234375,118.39588928222656,45.884765625,216.57664489746094,6.7157716330257244e-06
570,626.1196899414062,189.09986877441406,14.38031005859375,54.68682861328125,1.9008812159881927e-06
570,0.0,345.32940673828125,66.52421569824219,135.17059326171875,4.944320608046837e-06
600,610.92431640625,0.0,29.57568359375,53.971378326416016,8.04087449068902e-06
600,593.892578125,0.0,46.607421875,117.58609008789062,9.254633368982468e-06
600,0.0,207.32200622558594,15.51274299621582,58.07603454589844,6.710304660373367e-06
600,0.0,335.88507080078125,66.20867156982422,144.61492919921875,1.8196229575551115e-05
600,599.0930786132812,359.1714782714844,41.40692138671875,121.32852172851562,2.4953710635600146e-06
600,576.6868896484375,322.5911865234375,63.8131103515625,157.9088134765625,2.8851302431576187e-06
630,0.0,425.0052185058594,24.021251678466797,55.494781494140625,2.655672460605274e-06
630,0.0,343.8465576171875,64.26057434082031,136.6534423828125,9.883317034109496e-06
630,608.9573974609375,406.41461181640625,31.5426025390625,74.08538818359375,4.589933723764261e-06
630,599.010498046875,352.897705078125,41.489501953125,127.602294921875,8.698158126208e-06
660,0.0,168.32472229003906,15.090177536010742,54.2955322265625,2.403395774308592e-05
660,0.0,348.1717834472656,63.00611877441406,132.32821655273438,1.2494912880356424e-05
660,609.9331665039062,406.265869140625,30.56683349609375,74.234130859375,1.7020635141307139e-06
660,598.3370361328125,357.5492248535156,42.1629638671875,122.95077514648438,7.850542715459596e-06
690,610.048583984375,404.54205322265625,30.451416015625,75.95794677734375,2.9918489872216014e-06
690,600.50048828125,357.6055603027344,39.99951171875,122.89443969726562,4.304876711103134e-06
720,524.0725708007812,134.18338012695312,21.3916015625,50.8394775390625,0.016389621421694756
720,453.787841796875,54.74266052246094,143.2803955078125,292.5982666015625,1.7616866898606531e-06
720,532.9447021484375,134.96104431152344,21.3466796875,50.694244384765625,0.020930703729391098
720,527.9012451171875,143.17227172851562,21.6964111328125,51.16046142578125,0.05973600968718529
720,520.4486694335938,147.94515991210938,25.4520263671875,60.922607421875,6.068339075682161e-07
750,248.99374389648438,137.11865234375,21.830078125,52.343597412109375,0.2904219329357147
750,176.1072998046875,48.76902770996094,141.9312744140625,303.2303466796875,1.7843640307546593e-05
750,261.9622497558594,137.525146484375,21.56695556640625,51.014556884765625,0.00022779099526815116
750,243.09375,144.72940063476562,21.507568359375,51.4715576171875,0.0007645502919331193
750,255.5302276611328,143.01718139648438,21.177383422851562,51.68878173828125,0.15881723165512085
780,0.0,135.91177368164062,14.711199760437012,53.1187744140625,5.851219975738786e-05
780,0.0,342.61004638671875,59.832984924316406,137.88995361328125,2.766602392512141e-06
1020,628.4631958007812,198.011474609375,12.03680419921875,55.56640625,5.8481555242906325e-06
1050,627.8277587890625,183.9470672607422,12.6722412109375,55.295013427734375,1.3176436368667055e-05
1080,615.6480102539062,194.84947204589844,21.9979248046875,51.793731689453125,5.422519279818516e-06
1080,627.4183959960938,194.6612091064453,13.08160400390625,55.753021240234375,3.758060074687819e-06
1080,609.7981567382812,201.6914520263672,21.20751953125,51.857879638671875,2.5202054985129507e-06
1200,497.00634765625,141.73733520507812,25.46099853515625,58.338897705078125,0.00045767982373945415
1200,492.464111328125,138.1060791015625,35.52978515625,83.98248291015625,6.507039870484732e-06
1200,501.9815673828125,152.48484802246094,25.20751953125,58.465423583984375,0.00023641492589376867
1200,627.4864501953125,202.64541625976562,13.0135498046875,53.210540771484375,4.9296636461804155e-06
1200,608.9678344726562,217.89122009277344,22.2359619140625,52.16889953613281,2.6085475838044658e-05
1200,605.043212890625,207.45654296875,31.8114013671875,73.51849365234375,1.9194518245058134e-05
1200,616.720703125,218.6843719482422,22.333740234375,52.48616027832031,1.3200597095419653e-05
1200,626.8748779296875,223.57843017578125,13.6251220703125,53.1439208984375,5.5076429816836026e-06
1230,576.85546875,240.76568603515625,21.2635498046875,50.9742431640625,1.0009988727688324e-05
1230,583.9407958984375,244.98487854003906,23.86083984375,57.04878234863281,0.00015765753050800413
1230,591.77685546875,248.8572235107422,23.1727294921875,55.13313293457031,3.2953812478808686e-05
1230,600.047607421875,247.56431579589844,22.78857421875,54.86882019042969,0.0001508686109445989
1260,0.0,343.39447021484375,63.16471481323242,137.10552978515625,9.184435839415528e-06
1260,601.1033325195312,360.2972106933594,39.39666748046875,120.20278930664062,6.066492005629698e-06
1290,0.0,346.5885009765625,61.898807525634766,133.9114990234375,5.993037575535709e-06
1290,599.4197387695312,361.220703125,41.08026123046875,119.279296875,3.7871336644457188e-06
1320,610.8740844726562,409.15087890625,29.62591552734375,71.34912109375,3.4523422982601915e-06
1320,598.5574340820312,361.28387451171875,41.94256591796875,119.21612548828125,6.23197365712258e-06
1350,0.0,0.0,58.414268493652344,161.54293823242188,3.107303427896113e-06
1350,610.7476806640625,0.0,29.7523193359375,55.27730941772461,1.7197405668412102e-06
1350,594.953369140625,0.0,45.546630859375,120.3152847290039,8.165185136022046e-06
1350,618.3549194335938,425.6573791503906,22.14508056640625,54.842620849609375,6.467544608312892e-06
1350,597.6937866210938,369.2659912109375,42.80621337890625,111.2340087890625,5.177779257792281e-06
1380,610.7155151367188,409.9833984375,29.78448486328125,70.5166015625,1.716389874673041e-06
1380,598.7171630859375,361.95611572265625,41.7828369140625,118.54388427734375,4.347860340203624e-06
1410,51.18840408325195,417.4745788574219,21.532939910888672,50.990966796875,5.658673762809485e-05
1410,610.3716430664062,408.8414001464844,30.12835693359375,71.65859985351562,2.3948048237798503e-06
1410,599.0532836914062,366.09625244140625,41.44671630859375,114.40374755859375,2.9150414775358513e-06
1440,44.255340576171875,414.443359375,22.400650024414062,53.11138916015625,7.464706868631765e-06
1440,50.755165100097656,424.1768493652344,21.124771118164062,50.70269775390625,0.00018094715778715909
1440,43.674644470214844,429.39813232421875,39.86119079589844,51.10186767578125,7.419376743200701e-06
1440,610.3885498046875,407.1056823730469,30.1114501953125,73.39431762695312,6.481152922788169e-06
1440,598.1448364257812,366.3720703125,42.35516357421875,114.1279296875,5.263440925773466e-06
1470,595.976806640625,0.0,44.523193359375,118.54460144042969,2.8951355943718227e-06
1470,49.78298568725586,419.971923828125,21.467853546142578,50.81719970703125,0.0005775420577265322
1470,43.351219177246094,429.8464050292969,40.197669982910156,50.653594970703125,1.278278068639338e-05
1470,610.0886840820312,406.78253173828125,30.41131591796875,73.71746826171875,6.48588320473209e-06
1470,597.3092651367188,367.39801025390625,43.19073486328125,113.10198974609375,5.252729806670686e-06
1500,595.2251586914062,0.0,45.27484130859375,116.40189361572266,3.618154323703493e-06
1500,50.24457931518555,424.01202392578125,21.620319366455078,51.90740966796875,4.927854024572298e-05
1500,42.91040802001953,428.23583984375,40.359291076660156,52.26416015625,7.939316674310248e-06
1500,610.9081420898438,408.04803466796875,29.59185791015625,72.45196533203125,3.910227860615123e-06
1500,599.0259399414062,368.44921875,41.47406005859375,112.05078125,3.402496304261149e-06
1530,610.6578979492188,406.5776062011719,29.84210205078125,73.92239379882812,5.788699581898982e-06
1530,597.4451293945312,366.17144775390625,43.05487060546875,114.32855224609375,5.045055786467856e-06
1560,48.674644470214844,416.84765625,22.13817596435547,52.82843017578125,3.755613215616904e-05
1560,42.38925552368164,429.0316467285156,40.797298431396484,51.468353271484375,9.317875083070248e-06
1560,618.4310913085938,427.03204345703125,22.06890869140625,53.46795654296875,4.5564961510535795e-06
1560,597.7918090820312,368.36358642578125,42.70819091796875,112.13641357421875,5.669476195180323e-06
1590,49.29722213745117,423.5442810058594,21.461406707763672,52.34918212890625,6.884720733069116e-06
1590,42.42554473876953,429.28094482421875,40.23088073730469,51.21905517578125,6.365599347191164e-06
1590,618.8173217773438,426.6852111816406,21.68267822265625,53.814788818359375,5.6016729104158e-06
1590,597.6729736328125,367.5334167480469,42.8270263671875,112.96658325195312,5.2433961172937416e-06
1620,41.328887939453125,405.4984436035156,23.822608947753906,56.03961181640625,1.0001944019677467e-06
1620,47.605159759521484,414.4497985839844,22.703998565673828,53.7464599609375,1.9522700313245878e-05
1620,241.18865966796875,428.0098876953125,40.47540283203125,52.4901123046875,4.1025825339602306e-05
1620,610.4119262695312,407.7372131347656,30.08807373046875,72.76278686523438,6.603085239476059e-06
1620,597.4126586914062,367.98968505859375,43.08734130859375,112.51031494140625,4.0000663830142e-06
1650,48.03718948364258,415.8137512207031,22.187480926513672,52.93438720703125,3.796141299972078e-06
1650,618.9487915039062,427.730224609375,21.55120849609375,52.769775390625,5.566015715885442e-06
1650,597.3639526367188,368.2285461425781,43.13604736328125,112.27145385742188,4.8394681471108925e-06
1680,43.13429260253906,414.11334228515625,23.955322265625,56.7884521484375,6.572789061465301e-06
1680,49.56500244140625,423.94451904296875,23.012252807617188,55.5360107421875,0.0004535808984655887
1680,36.98922348022461,420.1890563964844,54.44302749633789,60.310943603515625,0.00012165260704932734
1680,22.896793365478516,398.460205078125,89.54034423828125,82.039794921875,2.4432692953268997e-05
1680,240.805908203125,417.9394836425781,57.842041015625,62.560516357421875,5.046832711741445e-07
1680,599.4489135742188,362.8152160644531,41.05108642578125,117.68478393554688,1.7650029349169927e-06
