30,0.0,110.15548706054688,48.052852630615234,234.88290405273438,5.947216322965687e-06
30,0.0,190.41297912597656,14.863988876342773,55.89306640625,0.0001031133288051933
30,0.0,169.9943389892578,22.4659481048584,93.65620422363281,5.679834430338815e-06
30,8.018345832824707,193.4551544189453,22.66446304321289,54.28546142578125,2.7347639843355864e-05
30,15.74375057220459,193.71922302246094,22.70685577392578,54.722808837890625,4.572148554871092e-06
30,472.22723388671875,190.9875030517578,22.2965087890625,53.41107177734375,5.388644694903633e-06
30,595.2407836914062,182.62106323242188,45.25921630859375,235.10748291015625,7.401617494906532e-06
30,617.048095703125,277.8179931640625,23.451904296875,102.47125244140625,4.485605586523889e-06
30,0.0,340.96539306640625,63.6638298034668,139.53460693359375,4.449892458069371e-06
60,627.3526000976562,169.72015380859375,13.14739990234375,51.102630615234375,2.9946693302917993e-06
60,0.0,191.83261108398438,15.363468170166016,54.322174072265625,0.0002819536894094199
60,0.0,120.80859375,47.70920944213867,235.018310546875,5.811527444166131e-06
60,49.47039794921875,194.8947296142578,22.2833251953125,52.580047607421875,4.915134468319593e-06
60,0.0,174.83868408203125,22.430696487426758,95.49691772460938,4.2037636376335286e-06
60,455.30279541015625,196.0239715576172,23.516357421875,56.796234130859375,7.648829341633245e-05
60,448.93798828125,205.39886474609375,22.20391845703125,53.60235595703125,2.8078498871764168e-05
60,0.0,214.23585510253906,13.828851699829102,51.03981018066406,2.5887663923640503e-06
60,466.82476806640625,259.02032470703125,20.94158935546875,51.01220703125,0.0001085714393411763
90,336.5430603027344,173.7992706298828,22.1689453125,53.135528564453125,0.0004724964965134859
90,627.0980834960938,169.47467041015625,13.40191650390625,52.118255615234375,7.479264240828343e-06
90,342.37591552734375,178.64324951171875,22.488525390625,54.156829833984375,7.623230430908734e-06
90,331.6918029785156,184.20059204101562,23.00970458984375,55.0567626953125,2.853491787391249e-05
90,0.0,211.15890502929688,13.016189575195312,50.5015869140625,5.798562597192358e-06
120,346.02740478515625,184.59417724609375,21.720703125,51.02325439453125,6.952177500352263e-05
120,0.0,201.09132385253906,15.973028182983398,56.21846008300781,1.4472376278718002e-05
120,0.0,182.75933837890625,23.19749641418457,100.14126586914062,4.870559223491e-06
150,0.0,229.92730712890625,16.2939453125,57.21734619140625,1.5420202544191852e-05
150,0.0,204.02186584472656,22.93887710571289,101.60929870605469,3.4117699669877766e-06
180,362.770751953125,165.83155822753906,22.243408203125,51.847381591796875,0.00039837483200244606
210,0.0,0.0,61.03550338745117,171.87188720703125,2.1562984784395667e-06
210,349.7226257324219,136.97682189941406,30.5123291015625,74.1475830078125,3.1884119380265474e-05
210,357.6435241699219,153.9522247314453,21.238525390625,50.92718505859375,0.004653663374483585
210,602.3606567382812,163.17544555664062,22.3099365234375,52.694000244140625,5.075156150269322e-05
210,348.5086364746094,158.87481689453125,23.04083251953125,53.55841064453125,2.378941462666262e-05
210,593.9962768554688,166.8386688232422,21.589111328125,51.377593994140625,3.1844294881011592e-06
210,606.4562377929688,168.36056518554688,26.5408935546875,63.11029052734375,0.03084005042910576
210,615.9566650390625,167.91114807128906,21.47265625,50.91754150390625,6.46834378130734e-05
210,623.8919067382812,168.14791870117188,16.60809326171875,62.4134521484375,9.125498036155477e-05
210,0.0,173.90243530273438,15.458291053771973,57.6556396484375,2.511608499844442e-06
210,616.387451171875,154.55743408203125,24.112548828125,93.423828125,9.34017043618951e-06
210,0.0,192.8634033203125,12.882987976074219,50.512054443359375,3.2434327295050025e-06
210,602.1795043945312,173.4083709716797,35.4193115234375,86.16075134277344,0.00037263144622556865
240,338.03662109375,134.55258178710938,36.30255126953125,81.73245239257812,2.5941739295376465e-05
240,357.7968444824219,145.6582794189453,22.6002197265625,53.396209716796875,4.97090513817966e-06
240,346.0650634765625,147.83087158203125,21.6712646484375,50.9381103515625,0.030773669481277466
240,617.8110961914062,158.17518615722656,21.205322265625,51.12896728515625,6.637885689997347e-06
240,339.0220031738281,152.917236328125,21.3310546875,51.25250244140625,0.0002684227074496448
240,351.13519287109375,150.91734313964844,23.0283203125,54.865234375,8.291278209071606e-05
240,627.4727172851562,162.89524841308594,13.02728271484375,52.256622314453125,3.897178248735145e-05
240,0.0,168.3470458984375,15.614019393920898,55.769775390625,3.1193132599582896e-05
240,0.0,143.10589599609375,22.117061614990234,98.86721801757812,1.03980028143269e-06
240,8.39948844909668,170.5034942626953,22.22252655029297,52.84417724609375,2.46931404035422e-06
240,604.271728515625,164.95022583007812,33.078125,80.65274047851562,2.3399159090331523e-06
240,623.1846313476562,164.8960418701172,17.31536865234375,76.11761474609375,2.4714137907722034e-05
240,611.7592163085938,136.31370544433594,28.74078369140625,126.55397033691406,5.59231057195575e-06
240,145.74365234375,192.8804473876953,22.771148681640625,54.846954345703125,2.2133735910756513e-06
240,626.5460205078125,192.0676727294922,13.9539794921875,55.117279052734375,3.2872846986720106e-06
240,593.548828125,115.27062225341797,46.951171875,235.48794555664062,5.062971013103379e-06
240,600.4918823242188,362.7747497558594,40.00811767578125,117.72525024414062,3.7932859413558617e-06
270,340.6750183105469,138.02481079101562,21.348388671875,51.977935791015625,4.647015430236934e-06
270,347.5509338378906,138.03086853027344,21.798583984375,51.961822509765625,0.0028839425649493933
270,340.0950927734375,128.85179138183594,35.4468994140625,79.26406860351562,2.754977140284609e-05
270,357.9495544433594,137.91204833984375,21.2431640625,51.668212890625,6.1374635151878465e-06
270,0.0,150.60971069335938,16.457223892211914,56.67633056640625,0.00019832391990348697
270,0.0,120.50548553466797,29.59044647216797,120.6799087524414,3.4276065434823977e-06
270,0.0,94.93771362304688,44.60947799682617,227.08984375,9.065747690328863e-06
270,1.028029441833496,163.11846923828125,21.85979461669922,51.7197265625,0.004382740706205368
270,253.83810424804688,170.18479919433594,25.4271240234375,58.082794189453125,6.082742402213626e-06
270,351.5267028808594,146.70001220703125,24.22821044921875,58.3629150390625,3.942598596040625e-06
270,0.0,170.247802734375,14.893250465393066,52.3243408203125,0.0002331725409021601
270,6.501014709472656,168.45497131347656,23.26946258544922,55.101470947265625,0.00021750791347585618
270,242.3407745361328,184.19241333007812,24.085250854492188,57.884552001953125,5.198509825277142e-06
270,250.52627563476562,181.7423858642578,22.0845947265625,51.660064697265625,0.0010677531827241182
270,608.9990234375,406.57867431640625,31.5009765625,73.92132568359375,1.2634748600248713e-05
270,595.9901123046875,358.60699462890625,44.5098876953125,121.89300537109375,1.5896714103291743e-05
300,627.0738525390625,154.0257568359375,13.4261474609375,51.3897705078125,8.702258128323592e-06
300,359.23858642578125,177.9649200439453,22.0885009765625,52.250274658203125,1.0042842404800467e-05
300,366.3982238769531,175.6022491455078,24.62847900390625,56.7183837890625,3.672612365335226e-06
300,351.60748291015625,181.51803588867188,25.32879638671875,59.739105224609375,0.0008081663982011378
300,345.2914733886719,187.04522705078125,23.24505615234375,55.048583984375,2.3362805222859606e-05
300,345.0314636230469,176.00845336914062,35.09228515625,86.51422119140625,1.090341083909152e-05
300,601.60400390625,359.51007080078125,38.89599609375,120.98992919921875,6.929500614205608e-06
330,0.0,166.72076416015625,15.60252857208252,55.529449462890625,7.143324182834476e-06
330,359.3898620605469,161.9193878173828,22.2381591796875,52.0589599609375,0.07714426517486572
330,627.218994140625,161.29617309570312,13.281005859375,50.843048095703125,2.157337439712137e-05
330,367.06219482421875,166.01214599609375,20.71649169921875,50.719329833984375,6.737698276992887e-05
330,1.4877309799194336,184.1712646484375,22.407306671142578,53.452545166015625,9.476856212131679e-05
330,14.898090362548828,184.5211639404297,23.24109649658203,56.037933349609375,7.814620403223671e-06
330,0.0,189.97689819335938,14.379977226257324,51.979766845703125,2.167545426345896e-05
330,0.0,165.5172882080078,22.893096923828125,97.45365905761719,1.0204046702710912e-05
330,7.429409980773926,189.38101196289062,23.81679916381836,56.786773681640625,7.366049976553768e-05
330,0.0,205.13595581054688,16.92392349243164,60.6474609375,9.380858500662725e-06
330,0.0,180.6802215576172,32.28441619873047,142.53297424316406,8.65967922436539e-06
330,0.0,153.783203125,50.11567306518555,223.4185791015625,2.5063083739951253e-05
330,59.82586669921875,224.85552978515625,55.85528564453125,126.47882080078125,1.0075016689370386e-05
330,37.112491607666016,173.685791015625,95.41978454589844,225.361572265625,3.1749802928970894e-06
330,599.9208984375,362.2313232421875,40.5791015625,118.2686767578125,7.594922408316052e-06
330,577.3802490234375,322.83648681640625,63.1197509765625,157.66351318359375,3.4277536542504095e-06
360,5.72882080078125,180.5647735595703,23.363784790039062,55.894775390625,1.962220721907215e-06
360,0.0,186.40089416503906,21.511062622070312,52.8341064453125,0.0008239402086474001
360,0.0,121.65702819824219,45.27608108520508,226.3568878173828,3.1126567137107486e-06
360,0.0,167.3328399658203,23.62078094482422,98.99708557128906,8.86976340552792e-06
360,0.0,207.014892578125,13.536822319030762,50.765869140625,4.814242856809869e-06
360,260.695556640625,119.33386993408203,96.76409912109375,233.37725830078125,2.328814161955961e-06
360,627.5975952148438,232.38720703125,12.90240478515625,57.11785888671875,1.068106485035969e-05
360,501.5613708496094,245.09970092773438,31.673065185546875,76.63543701171875,6.145823476799706e-07
390,0.0,178.818359375,14.335916519165039,50.506439208984375,2.2460591935669072e-05
390,0.0,151.79132080078125,22.162132263183594,98.83355712890625,2.2677299966744613e-06
390,601.0741577148438,367.6182556152344,39.42584228515625,112.88174438476562,2.937839553851518e-06
420,628.01123046875,145.63035583496094,12.48876953125,51.7818603515625,6.027197741786949e-06
420,0.0,156.23687744140625,15.997451782226562,55.95098876953125,4.283107500668848e-06
420,6.468425750732422,162.34652709960938,23.355300903320312,55.320281982421875,2.5519343580526765e-06
420,0.3976602554321289,170.29110717773438,22.94927215576172,53.84368896484375,6.14744785707444e-05
420,0.0,180.4282989501953,15.890947341918945,56.996795654296875,1.1396567060728557e-05
450,595.607421875,0.0,44.892578125,121.41632080078125,1.370141717416118e-06
450,575.7487182617188,0.0,64.75128173828125,171.9093780517578,2.375699295953382e-06
450,398.0097961425781,128.52317810058594,24.83709716796875,58.36749267578125,1.0637943887559231e-05
450,0.0,160.8072052001953,14.339786529541016,55.46368408203125,4.371613613329828e-06
450,176.5363006591797,200.02906799316406,23.60467529296875,56.0914306640625,5.570501002694073e-07
480,494.650146484375,107.24213409423828,25.523193359375,58.756980895996094,5.586425686487928e-06
480,617.2031860351562,116.72531127929688,23.29681396484375,54.365692138671875,3.7268134747137083e-06
480,626.9722900390625,121.52581024169922,13.5277099609375,55.072669982910156,2.65396465692902e-05
480,0.0,137.939453125,15.399035453796387,58.7490234375,3.894374003721168e-06
480,0.0,163.12982177734375,16.27524185180664,56.45233154296875,5.8011108194477856e-05
480,0.0,142.8401641845703,22.4249267578125,92.79025268554688,1.0794412446557544e-05
480,0.0,181.2491912841797,13.365768432617188,51.46142578125,8.528792022843845e-06
480,405.63970947265625,175.18692016601562,41.08135986328125,106.123779296875,3.9369158912450075e-05
510,551.6734008789062,86.30723571777344,24.5380859375,59.318572998046875,1.6523132217116654e-05
510,94.9818115234375,114.39000701904297,25.769866943359375,60.531227111816406,2.70354780695925e-06
540,296.2109375,183.57293701171875,23.8919677734375,56.2069091796875,0.002440196229144931
600,0.0,336.9630432128906,64.0710220336914,143.53695678710938,9.10145536181517e-06
600,598.4906616210938,366.69500732421875,42.00933837890625,113.80499267578125,1.2410195267875679e-05
600,577.9400024414062,321.0194396972656,62.55999755859375,159.48056030273438,5.082447387394495e-06
630,608.1058959960938,142.14892578125,24.794921875,58.01544189453125,5.8909040490107145e-06
630,352.5161437988281,220.34365844726562,21.56390380859375,51.393218994140625,9.46824115999334e-07
630,239.40638732910156,217.0010223388672,22.740768432617188,55.55046081542969,3.0220564440242015e-05
630,346.54852294921875,224.47596740722656,21.935546875,52.77772521972656,2.6960835839417996e-06
660,399.969482421875,195.36721801757812,21.04571533203125,50.98406982421875,4.760501724376809e-06
660,537.541748046875,224.7782440185547,33.5750732421875,77.60316467285156,3.447137714829296e-06
660,550.6638793945312,231.66534423828125,26.298095703125,60.48284912109375,3.9667252167419065e-06
660,598.4546508789062,366.11273193359375,42.04534912109375,114.38726806640625,7.518755865021376e-06
660,576.7694702148438,322.72406005859375,63.73052978515625,157.77593994140625,3.4829884043574566e-06
690,419.8186950683594,168.22726440429688,21.28350830078125,50.575775146484375,0.006304671987891197
690,627.1148681640625,161.49734497070312,13.3851318359375,55.092071533203125,2.3091395632945932e-05
690,345.8201599121094,94.37178039550781,143.3724365234375,302.2286376953125,7.382104740827344e-06
690,617.6744995117188,170.64236450195312,22.82550048828125,53.207672119140625,4.467820417630719e-06
690,423.8199157714844,175.08438110351562,22.116943359375,53.96331787109375,1.1985711353190709e-05
690,609.7100219726562,407.6744384765625,30.78997802734375,72.8255615234375,2.4423386548733106e-06
690,596.531982421875,362.36212158203125,43.968017578125,118.13787841796875,3.497147190500982e-06
720,487.504638671875,159.8168182373047,20.719482421875,50.5130615234375,7.371320680249482e-05
720,453.61865234375,166.82952880859375,20.7340087890625,51.135772705078125,0.03751713037490845
720,446.3847961425781,166.82078552246094,21.1412353515625,50.782379150390625,0.00038187173777259886
720,376.0066223144531,96.94657897949219,142.49459838867188,287.071044921875,4.5145525291445665e-06
720,627.171630859375,168.4159393310547,13.328369140625,57.605010986328125,1.6653739294270054e-05
720,328.5283508300781,171.76437377929688,21.2613525390625,50.82080078125,3.982398538937559e-06
720,619.7161254882812,425.5892333984375,20.78387451171875,54.9107666015625,1.8855236021408928e-06
720,609.760986328125,405.920166015625,30.739013671875,74.579833984375,5.229687303653918e-06
720,599.0022583007812,359.04180908203125,41.49774169921875,121.45819091796875,1.0018067769124173e-05
750,627.7357788085938,135.77684020996094,12.76422119140625,50.813079833984375,1.6889290463950601e-06
750,0.0,145.7279052734375,14.46310806274414,54.57574462890625,5.689690624421928e-06
750,474.63470458984375,149.3403778076172,24.21112060546875,57.304412841796875,0.00012877103290520608
750,475.950927734375,140.07540893554688,33.05841064453125,77.57818603515625,5.4439347877632827e-05
750,619.5050048828125,131.17987060546875,20.9949951171875,94.82220458984375,4.919725597574143e-06
750,590.8096923828125,67.46704864501953,49.6903076171875,242.92434692382812,6.573917744390201e-06
750,484.2192687988281,158.3625030517578,21.46636962890625,51.694580078125,0.921927273273468
750,493.1065368652344,156.74075317382812,21.350128173828125,51.83441162109375,0.00037374519160948694
750,626.595458984375,153.0509796142578,13.904541015625,57.33355712890625,7.860546611482278e-05
750,336.04876708984375,160.46385192871094,23.710693359375,55.3414306640625,4.925674375044764e-07
750,416.6752014160156,158.76808166503906,22.69403076171875,53.961212158203125,1.037008496496128e-05
750,421.0409240722656,102.47578430175781,130.99691772460938,290.37225341796875,4.053059001307702e-06
750,627.211181640625,174.92251586914062,13.288818359375,51.92633056640625,7.499670118704671e-06
750,627.3790283203125,258.37353515625,13.1209716796875,51.9892578125,3.75144304598507e-06
780,361.46484375,161.44146728515625,21.3466796875,51.118408203125,2.5549379643052816e-05
780,354.4776916503906,165.69349670410156,21.06475830078125,51.163848876953125,9.12859286472667e-06
780,367.413818359375,166.80072021484375,22.23687744140625,52.12353515625,2.909409204221447e-06
780,0.0,177.19891357421875,15.524587631225586,55.224578857421875,6.8960830503783654e-06
810,627.542724609375,134.39492797851562,12.957275390625,50.9725341796875,8.489774700137787e-06
810,608.0064697265625,151.1147918701172,22.15966796875,52.395721435546875,0.00022331262880470604
810,615.0775756835938,149.5977020263672,24.6041259765625,58.17919921875,8.524401346221566e-05
810,626.8013305664062,152.61289978027344,13.69866943359375,51.800048828125,8.553967927582562e-05
810,593.990966796875,159.01776123046875,21.5059814453125,51.56866455078125,6.732573183398927e-06
810,600.6326904296875,155.67510986328125,24.8236083984375,57.77593994140625,2.5695913791423663e-05
810,0.0,170.7146759033203,15.748456954956055,56.70458984375,0.00011520263069542125
810,7.502721786499023,168.87933349609375,22.856781005859375,54.8961181640625,3.025456317118369e-05
810,16.203968048095703,168.12374877929688,22.72369384765625,53.508758544921875,2.3629825136595173e-06
810,604.3758544921875,153.3865966796875,31.0599365234375,71.92831420898438,1.101330872188555e-05
810,0.0,153.27560424804688,22.40874481201172,99.21517944335938,3.7736538160970667e-06
840,0.0,181.09194946289062,15.613805770874023,55.139495849609375,1.0936474609479774e-05
840,509.6956481933594,184.2827911376953,22.608123779296875,54.075927734375,2.041879815806169e-05
840,451.093505859375,134.37295532226562,133.3504638671875,288.50311279296875,5.376202352636028e-06
840,518.7206420898438,184.37071228027344,21.1673583984375,50.606201171875,0.9970843195915222
840,512.2323608398438,169.51904296875,35.6494140625,79.85153198242188,4.2745018618006725e-06
840,0.0,148.17266845703125,27.438201904296875,129.19769287109375,5.350157607608708e-06
840,0.0,193.76316833496094,22.88583755493164,56.430999755859375,0.00011923044075956568
840,526.7793579101562,188.0041961669922,21.2701416015625,51.28387451171875,5.419387889560312e-05
840,8.055506706237793,197.2694091796875,21.407596588134766,50.945587158203125,1.7196673070429824e-05
840,3.380335807800293,189.93309020996094,30.549949645996094,72.25727844238281,9.080847121367697e-06
840,16.64724349975586,198.0074462890625,21.26021957397461,51.072998046875,1.1302704479021486e-05
840,0.0,205.1048583984375,14.886833190917969,52.782806396484375,9.048394531419035e-06
840,611.1979370117188,406.87274169921875,29.30206298828125,73.62725830078125,3.4877714369940804e-06
840,600.784423828125,362.38946533203125,39.715576171875,118.11053466796875,6.3792244873184245e-06
840,579.6463623046875,322.1110534667969,60.8536376953125,158.38894653320312,2.955814352390007e-06
870,475.760498046875,106.53973388671875,96.954345703125,235.31491088867188,3.877311883115908e-06
870,526.6614379882812,173.19442749023438,22.771728515625,54.16107177734375,0.9996200799942017
870,520.8110961914062,159.53468322753906,34.507080078125,79.1793212890625,8.245368917414453e-06
870,627.3726806640625,169.13389587402344,13.1273193359375,56.399871826171875,2.1319501684047282e-05
870,0.0,184.911376953125,17.063232421875,51.7393798828125,0.0033247717656195164
870,517.45166015625,175.99252319335938,23.298095703125,55.359344482421875,1.710866672510747e-05
870,462.7351989746094,137.66567993164062,130.05343627929688,281.33306884765625,6.028623374731978e-06
870,4.697985649108887,187.11671447753906,20.852642059326172,51.35614013671875,7.44196859159274e-06
870,533.9495239257812,177.98858642578125,22.75390625,53.789398193359375,0.0004635504446923733
870,0.0,171.08477783203125,24.70320701599121,86.49179077148438,4.5137476263334975e-06
870,0.0,125.11187744140625,59.38084411621094,302.79888916015625,1.742358654155396e-05
870,0.0,203.22711181640625,14.994848251342773,51.13946533203125,1.875539601314813e-05
870,619.9285278320312,428.3511962890625,20.57147216796875,52.1488037109375,4.65443145003519e-06
870,610.0698852539062,407.290283203125,30.43011474609375,73.209716796875,7.134888619475532e-06
870,598.3290405273438,362.4436340332031,42.17095947265625,118.05636596679688,6.367385140038095e-06
870,576.1124877929688,321.3171081542969,64.38751220703125,159.18289184570312,5.363895979826339e-06
900,598.0928955078125,159.3326416015625,23.0032958984375,53.932403564453125,0.0001495571923442185
900,590.2318725585938,146.14630126953125,35.013427734375,83.1619873046875,2.0737039449159056e-05
900,50.938228607177734,170.7818603515625,23.38674545288086,55.547332763671875,0.0005185877089388669
900,592.8350219726562,167.67630004882812,24.538818359375,58.242523193359375,0.999414324760437
900,534.3031616210938,117.63349914550781,106.19683837890625,288.7593994140625,7.873402864788659e-06
900,602.3263549804688,164.75006103515625,25.4605712890625,60.198333740234375,0.0007367748767137527
900,615.9741821289062,167.4519805908203,21.1951904296875,50.855712890625,1.9954581148340367e-05
900,627.340576171875,168.27523803710938,13.159423828125,52.362884521484375,2.1032701624790207e-05
900,0.0,183.40919494628906,15.1615571975708,55.886383056640625,3.2496902804268757e-06
900,55.55763244628906,181.94590759277344,22.569000244140625,53.707366943359375,0.00019910733681172132
900,0.0,413.4653625488281,35.221702575683594,67.03463745117188,5.109141511638882e-06
900,0.0,344.3379211425781,64.76753997802734,136.16207885742188,1.1906760846613906e-05
930,620.9931640625,137.26837158203125,19.5068359375,78.03643798828125,1.4110985830484424e-05
930,569.6162109375,157.75967407226562,21.2939453125,50.51824951171875,0.008050110191106796
930,74.41458129882812,165.81820678710938,21.40826416015625,52.74853515625,3.874898538924754e-05
930,8.023360252380371,160.43109130859375,22.50680160522461,52.864501953125,5.982450602459721e-06
930,2.1746273040771484,166.94451904296875,22.72841453552246,53.524383544921875,9.222898370353505e-06
930,69.0196533203125,171.8334503173828,21.16180419921875,52.060089111328125,7.979791917023249e-06
930,0.0,89.27633666992188,147.90435791015625,300.4849853515625,8.546719982405193e-06
930,574.9671630859375,159.85330200195312,22.541748046875,54.5828857421875,2.658537050592713e-05
930,604.7990112304688,168.912109375,21.583251953125,51.143157958984375,4.043354419991374e-05
930,615.23095703125,163.54998779296875,23.4425048828125,56.24920654296875,0.8804493546485901
930,558.9313354492188,121.87403869628906,81.56866455078125,277.1456298828125,8.681633516971488e-06
930,591.10302734375,116.81925201416016,49.39697265625,221.04348754882812,1.3025748557993211e-05
930,0.0,172.98013305664062,15.359639167785645,56.8385009765625,1.4740716096639517e-06
930,606.94189453125,153.40121459960938,33.5509033203125,78.23248291015625,3.7481499020941556e-05
930,624.4376831054688,167.6339111328125,16.06231689453125,55.60723876953125,0.006325882393866777
930,79.2987289428711,176.43673706054688,21.728042602539062,52.1396484375,0.00025715766241773963
930,609.9978637695312,172.15383911132812,22.6148681640625,54.504669189453125,0.00042218255111947656
930,625.744384765625,187.2545166015625,14.755615234375,52.854644775390625,3.554695922503015e-06
930,0.0,341.26336669921875,63.63452911376953,139.23663330078125,2.719303211051738e-06
930,620.380859375,427.13555908203125,20.119140625,53.36444091796875,4.753247594635468e-06
930,609.7304077148438,406.2940368652344,30.76959228515625,74.20596313476562,4.237173925503157e-06
930,599.8189697265625,361.65478515625,40.6810302734375,118.84521484375,7.88580200605793e-06
960,377.23297119140625,146.11224365234375,24.262939453125,57.477630615234375,1.1174786777701229e-05
960,389.81781005859375,151.2389373779297,23.66412353515625,55.203460693359375,6.582539936061949e-05
960,383.9938659667969,160.61279296875,21.83636474609375,50.87939453125,0.00031498854514211416
960,240.76902770996094,169.09950256347656,22.301864624023438,53.098663330078125,9.958253940567374e-05
960,352.414306640625,167.34971618652344,23.07537841796875,55.457366943359375,3.814713272731751e-05
960,626.6309204101562,168.2414093017578,13.86907958984375,55.830657958984375,1.9218496163375676e-05
960,232.61105346679688,173.750732421875,23.760009765625,56.070892333984375,4.950732090946985e-06
960,246.5598602294922,173.11737060546875,24.235214233398438,56.45123291015625,2.960770325444173e-05
960,254.95965576171875,173.73402404785156,24.12255859375,55.641448974609375,5.630307350656949e-05
960,360.134765625,170.82537841796875,24.07489013671875,57.33514404296875,2.434628549963236e-05
960,378.37738037109375,167.56756591796875,23.14154052734375,56.95477294921875,1.6394160411437042e-05
960,79.66542053222656,175.8385467529297,21.28900146484375,50.9932861328125,1.106366835301742e-05
960,0.0,336.5418701171875,64.44129180908203,143.9581298828125,1.3577011486631818e-05
960,610.2435913085938,408.1969909667969,30.25640869140625,72.30300903320312,4.883717792836251e-06
960,600.1737060546875,357.2841796875,40.3262939453125,123.2158203125,6.112906248745276e-06
990,624.707763671875,147.92111206054688,15.792236328125,61.16357421875,2.8581131118698977e-05
990,378.4364013671875,160.81776428222656,21.13458251953125,50.902862548828125,2.7811624931928236e-06
990,610.9076538085938,161.41358947753906,21.455322265625,51.542266845703125,5.606892591458745e-05
990,618.763916015625,139.60772705078125,21.736083984375,90.43911743164062,4.667835310101509e-05
990,0.0,160.59197998046875,16.084012985229492,55.510223388671875,1.2757180229527876e-05
990,617.2421875,168.6090850830078,21.343505859375,50.7999267578125,0.011406563222408295
990,591.6749267578125,94.96591186523438,48.8250732421875,234.25604248046875,4.169069143244997e-06
990,624.9188232421875,171.35125732421875,15.5811767578125,56.52056884765625,0.0002890641335397959
990,611.3751220703125,178.08828735351562,22.8026123046875,54.4273681640625,6.7967230279464275e-06
990,0.0,341.24871826171875,62.805397033691406,139.25128173828125,2.774687800410902e-06
990,600.6358642578125,360.7562561035156,39.8641357421875,119.74374389648438,2.969512252093409e-06
1020,624.8334350585938,145.38433837890625,15.66656494140625,57.685028076171875,6.753639354428742e-06
1020,616.8504028320312,160.28421020507812,22.885986328125,52.685577392578125,4.9675720219966024e-05
1020,569.1454467773438,167.05953979492188,22.8402099609375,53.1898193359375,1.3009001122554764e-05
1020,576.9911499023438,167.4757080078125,22.7021484375,53.354766845703125,6.780298917874461e-06
1020,584.1058349609375,168.91259765625,23.129150390625,54.5377197265625,7.961752999108285e-06
1020,609.2158813476562,168.06442260742188,23.7047119140625,54.766326904296875,5.295773735269904e-05
1020,626.4956665039062,168.80926513671875,14.00433349609375,51.64129638671875,3.8884249079274014e-05
1020,97.10307312011719,172.47543334960938,27.082504272460938,65.14865112304688,4.332086973590776e-06
1020,561.8715209960938,174.361083984375,20.7540283203125,50.586029052734375,5.225908353168052e-06
1020,592.3672485351562,173.1000518798828,23.123779296875,54.24237060546875,8.84808468981646e-06
1020,0.0,340.8978271484375,62.9371337890625,139.6021728515625,2.73113892035326e-06
1020,600.9267578125,358.26116943359375,39.5732421875,122.23883056640625,3.757798367587384e-06
1050,472.32861328125,105.01080322265625,20.81494140625,50.51739501953125,6.858049891889095e-05
1050,626.6320190429688,170.06788635253906,13.86798095703125,51.47711181640625,9.539803613733966e-06
1050,160.0762176513672,175.857666015625,23.06463623046875,54.5584716796875,1.3745738215220626e-05
1050,168.1819610595703,176.0654296875,22.82672119140625,53.797393798828125,7.63435491535347e-06
1050,175.54156494140625,174.94639587402344,22.828216552734375,54.000701904296875,4.6297147491713986e-05
1050,48.01831817626953,185.24732971191406,23.459732055664062,54.1563720703125,6.968434263399104e-06
1050,0.0,337.72149658203125,63.50080490112305,142.77850341796875,3.3406474813091336e-06
1050,601.1265258789062,359.3013610839844,39.37347412109375,121.19863891601562,4.083959083800437e-06
1080,626.2501831054688,151.5535125732422,14.24981689453125,51.783843994140625,8.542702744307462e-06
1080,611.2789916992188,163.38479614257812,22.0081787109375,51.98431396484375,0.003597880480811
1080,608.771484375,150.548095703125,31.728515625,81.69308471679688,5.5202810472110286e-05
1080,0.0,168.60635375976562,13.743000984191895,51.1688232421875,6.0835600379505195e-06
1080,616.2940673828125,170.5838165283203,21.6868896484375,51.7354736328125,0.19640159606933594
1080,592.3645629882812,102.3868408203125,48.13543701171875,230.30734252929688,4.798049303644802e-06
1080,0.0,151.26939392089844,22.928985595703125,97.08609008789062,8.536709174222779e-06
1080,7.024178504943848,177.17286682128906,23.602947235107422,56.68341064453125,4.527521014097147e-05
1080,625.514892578125,174.2442169189453,14.985107421875,51.61419677734375,0.0018442764412611723
1080,1.4280776977539062,182.23507690429688,21.12875747680664,50.643096923828125,2.376288830419071e-05
1080,16.280574798583984,185.87054443359375,20.700733184814453,50.60723876953125,0.00011035158968297765
1080,0.0,189.58103942871094,16.21654510498047,58.011749267578125,6.2088265622151084e-06
1080,0.0,338.9399108886719,63.56541442871094,141.56008911132812,4.545602223515743e-06
1080,601.4014282226562,360.45147705078125,39.09857177734375,120.04852294921875,3.2423599805042613e-06
1110,472.34759521484375,106.09153747558594,21.1827392578125,51.049774169921875,0.0001827978267101571
1110,610.4541015625,167.8729248046875,22.9708251953125,54.66278076171875,7.683840522076935e-05
1110,626.1602172851562,165.5404052734375,14.33978271484375,51.999267578125,6.593396392418072e-05
1110,0.0,167.8308868408203,13.593048095703125,51.183929443359375,1.2360550499579404e-05
1110,0.0,143.03240966796875,22.619524002075195,98.51699829101562,5.550505647988757e-06
1110,616.9908447265625,172.07118225097656,22.5797119140625,53.8363037109375,0.00022761990840081125
1110,627.22021484375,186.16957092285156,13.27978515625,56.812896728515625,5.366638561099535e-06
1110,0.0,338.58685302734375,64.65443420410156,141.91314697265625,7.4892782322422136e-06
1110,600.069091796875,359.6842346191406,40.430908203125,120.81576538085938,4.403858383739134e-06
1140,626.6657104492188,147.6805419921875,13.83428955078125,55.917724609375,3.3483152037661057e-06
1140,618.4683837890625,157.26564025878906,22.0316162109375,51.494659423828125,7.91157981439028e-06
1140,568.8619384765625,162.94866943359375,21.2601318359375,51.1141357421875,1.5746631106594577e-05
1140,627.1134643554688,170.2153778076172,13.38653564453125,50.581268310546875,0.00010155668860534206
1140,617.7634887695312,174.99667358398438,21.6595458984375,51.522491455078125,1.4288010788732208e-05
1140,627.5842895507812,190.4261474609375,12.91571044921875,50.695098876953125,1.385025643685367e-05
1140,0.0,338.8558349609375,64.52855682373047,141.6441650390625,4.604730747814756e-06
1140,600.859130859375,358.8495178222656,39.640869140625,121.65048217773438,3.6974197428207844e-06
1170,0.0,149.67173767089844,15.965274810791016,54.862213134765625,1.0673418728401884e-05
1170,442.2608337402344,151.7086639404297,22.710693359375,53.866851806640625,8.485800208291039e-06
1170,6.614483833312988,156.02867126464844,22.69927215576172,54.344635009765625,3.419347194721922e-05
1170,611.3211669921875,161.3523406982422,24.0888671875,55.5618896484375,8.505749428877607e-05
1170,625.1129150390625,161.14669799804688,15.3870849609375,52.74835205078125,0.0002740470226854086
1170,0.0,162.04318237304688,22.64954376220703,53.942626953125,2.9993689167895354e-05
1170,446.82659912109375,162.0528564453125,23.34100341796875,55.336639404296875,0.00016089675773400813
1170,610.96826171875,129.56346130371094,29.53173828125,122.60482788085938,8.341813554579858e-06
1170,455.8134765625,168.090576171875,21.15753173828125,50.643646240234375,4.734508547699079e-05
1170,618.3462524414062,170.25196838378906,21.28173828125,50.7974853515625,0.08785073459148407
1170,554.5374755859375,102.66513061523438,85.9625244140625,291.8525085449219,4.622647338692332e-06
1170,588.5762329101562,105.58589172363281,51.92376708984375,235.59214782714844,8.469283784506842e-06
1170,0.0,174.21279907226562,13.398767471313477,51.340576171875,1.3621222024085e-05
1170,440.5058288574219,168.90501403808594,24.6544189453125,58.384521484375,1.1460458154033404e-05
1170,626.0354614257812,178.9129638671875,14.46453857421875,51.543670654296875,0.00035711322561837733
1170,617.2666625976562,185.17608642578125,21.0726318359375,50.8931884765625,1.8057038687402382e-05
1170,0.0,339.3841552734375,64.82721710205078,141.1158447265625,4.717674983112374e-06
1170,601.0171508789062,358.2044372558594,39.48284912109375,122.29556274414062,3.7374484236352146e-06
1200,472.1940612792969,107.30458068847656,20.90771484375,50.65850830078125,1.542596692161169e-05
1200,611.4676513671875,161.64215087890625,21.4862060546875,51.432586669921875,0.0001073544699465856
1200,625.0748291015625,158.91241455078125,15.4251708984375,54.61004638671875,0.0001633445790503174
1200,0.0,159.72604370117188,15.415633201599121,55.568939208984375,6.319447129499167e-05
1200,610.2704467773438,149.90548706054688,30.22955322265625,82.681396484375,2.413978290860541e-05
1200,0.0,156.55213928222656,25.206300735473633,70.101318359375,1.623776915948838e-05
1200,616.9586181640625,168.17918395996094,22.7611083984375,53.68731689453125,0.015340609475970268
1200,592.259765625,103.75270080566406,48.240234375,233.05711364746094,5.584635800914839e-06
1200,626.6846923828125,183.53289794921875,13.8153076171875,59.04229736328125,3.942222974728793e-06
1200,0.0,339.16827392578125,64.90570831298828,141.33172607421875,4.953901225235313e-06
1200,600.6226196289062,360.9339599609375,39.87738037109375,119.5660400390625,4.3653226384776644e-06
1230,610.1268920898438,157.75558471679688,22.3076171875,52.658782958984375,6.6695620262180455e-06
1230,623.1611938476562,151.6898193359375,17.33880615234375,63.653167724609375,2.373362804064527e-05
1230,198.32676696777344,168.03970336914062,28.03643798828125,67.421630859375,4.828224518860225e-06
1230,604.2567749023438,171.37498474121094,21.4981689453125,51.25738525390625,1.3546876289183274e-05
1230,615.502197265625,166.19522094726562,24.61767578125,58.2796630859375,0.40511009097099304
1230,556.5100708007812,119.47264099121094,83.98992919921875,284.496337890625,9.621595381759107e-06
1230,611.2850341796875,140.07040405273438,29.2149658203125,113.01516723632812,9.667473023000639e-06
1230,589.7554931640625,117.83910369873047,50.7445068359375,222.47280883789062,8.445215826213825e-06
1230,624.5150756835938,174.7321319580078,15.98492431640625,55.28094482421875,0.0007206483860500157
1230,610.004150390625,183.74026489257812,21.43310546875,52.47845458984375,9.980790309782606e-06
1230,0.0,338.0372619628906,64.3038558959961,142.46273803710938,9.364232028019615e-06
1260,471.83001708984375,106.24313354492188,21.01593017578125,50.977752685546875,5.2795265219174325e-05
1260,624.2914428710938,150.9710693359375,16.20855712890625,62.863616943359375,1.1395545698178466e-05
1260,0.0,167.03817749023438,15.039201736450195,55.665252685546875,4.3967161218461115e-06
1260,264.1952819824219,168.7078094482422,23.57781982421875,55.2098388671875,2.9339140382944606e-05
1260,279.9004211425781,169.3209228515625,21.28216552734375,52.15057373046875,0.000132469751406461
1260,607.7074584960938,156.94915771484375,32.79254150390625,78.529296875,5.3274161473382264e-05
1260,616.365966796875,168.4596710205078,22.84765625,54.572418212890625,0.8481680154800415
1260,554.5147705078125,111.39404296875,85.9852294921875,288.7995300292969,1.0084899258799851e-05
1260,588.7647705078125,111.1265640258789,51.7352294921875,229.31326293945312,8.912421435525175e-06
1260,136.59825134277344,179.11431884765625,22.57977294921875,54.173126220703125,3.643358013505349e-06
1260,144.28477478027344,179.55068969726562,22.44256591796875,53.831695556640625,1.2229474123159889e-05
1260,271.18701171875,172.61508178710938,24.468994140625,56.54901123046875,3.913050386472605e-05
1260,604.0753784179688,174.7311248779297,22.9866943359375,55.040863037109375,3.3955598155444022e-06
1260,151.77072143554688,184.20993041992188,23.288665771484375,54.012481689453125,9.382531061419286e-06
1260,611.6686401367188,176.40444946289062,21.9044189453125,52.1590576171875,0.0009815491503104568
1260,624.9253540039062,175.89939880371094,15.57464599609375,54.300994873046875,0.0014038962544873357
1260,0.0,338.3218994140625,64.78013610839844,142.1781005859375,6.247469173104037e-06
1260,601.7592163085938,359.962158203125,38.74078369140625,120.537841796875,3.298624505987391e-06
1290,596.05908203125,0.0,44.44091796875,122.07994079589844,7.653867442058981e-07
1290,624.9332885742188,154.82357788085938,15.56671142578125,54.464874267578125,1.600439463800285e-05
1290,604.9911499023438,171.13217163085938,21.5277099609375,51.37567138671875,1.4858971553621814e-05
1290,615.62939453125,165.99766540527344,24.6241455078125,58.19989013671875,0.9380028247833252
1290,556.3170776367188,126.803955078125,84.18292236328125,281.507568359375,5.2665191105916165e-06
1290,589.4588623046875,119.69363403320312,51.0411376953125,224.86572265625,7.830733920854982e-06
1290,613.6273193359375,142.45132446289062,26.8726806640625,110.04302978515625,3.8306684473354835e-06
1290,611.2813720703125,176.01422119140625,21.45751953125,50.601470947265625,0.0008556412649340928
1290,606.35986328125,170.83255004882812,30.6246337890625,73.27789306640625,1.7310336261289194e-05
1290,623.6480102539062,175.2905731201172,16.85198974609375,65.29299926757812,3.24772008752916e-05
1290,0.0,340.34002685546875,62.87644958496094,140.15997314453125,6.3831735133135226e-06
1320,601.3948364257812,152.479248046875,33.63916015625,80.49313354492188,8.431704191025347e-05
1320,0.0,166.62840270996094,15.32955551147461,56.282073974609375,4.979716322850436e-06
1320,198.83340454101562,166.58509826660156,28.34136962890625,68.626220703125,3.2460941383760655e-06
1320,605.6185913085938,169.71966552734375,23.9208984375,56.880126953125,0.005576476454734802
1320,551.4342041015625,128.64601135253906,89.0657958984375,279.7796630859375,4.42699729319429e-06
1320,612.5863647460938,165.63699340820312,25.407470703125,60.195404052734375,0.9996727705001831
1320,624.1209106445312,168.7857208251953,16.37908935546875,51.78729248046875,0.014262366108596325
1320,610.7968139648438,136.56961059570312,29.70318603515625,113.43731689453125,7.175844984885771e-06
1320,625.6500854492188,185.2894744873047,14.84991455078125,53.698394775390625,6.302018846326973e-06
1320,0.0,337.7663879394531,65.22882843017578,142.73361206054688,9.530927854939364e-06
1350,471.38043212890625,104.91514587402344,21.09539794921875,51.149810791015625,0.00029758739401586354
1350,625.173828125,153.11489868164062,15.326171875,52.83282470703125,1.725460833768011e-06
1350,0.0,167.09176635742188,15.108638763427734,56.91485595703125,7.453196758433478e-06
1350,196.32516479492188,172.51809692382812,21.10150146484375,51.11236572265625,2.4847561235219473e-06
1350,596.3577270507812,169.71987915039062,21.89013671875,52.976318359375,2.4399266749242088e-06
1350,607.6715698242188,164.31756591796875,25.9674072265625,61.902008056640625,0.9999877214431763
1350,549.2063598632812,132.3780975341797,91.29364013671875,275.857421875,3.2997697871905984e-06
1350,620.7086181640625,164.1603546142578,19.7913818359375,61.13787841796875,0.0010313232196494937
1350,205.57070922851562,171.23291015625,28.477996826171875,66.31069946289062,2.279428008478135e-05
1350,215.5966796875,174.0552978515625,22.386322021484375,54.757049560546875,6.0573780501727015e-05
1350,223.67373657226562,172.327392578125,23.3599853515625,56.3699951171875,3.289926826255396e-05
1350,231.41722106933594,173.6101531982422,23.505706787109375,57.12432861328125,1.0354194273531903e-05
1350,239.14292907714844,174.0584716796875,23.713088989257812,56.455108642578125,3.0174257972248597e-06
1350,385.6756591796875,171.84576416015625,22.07098388671875,51.03070068359375,1.8844140868168324e-05
1350,391.1623229980469,173.41954040527344,23.82958984375,57.271759033203125,1.076260014087893e-05
1350,596.2471923828125,142.74374389648438,44.2528076171875,100.86013793945312,1.1015303243766539e-05
1350,203.2731170654297,180.26332092285156,21.58648681640625,51.13189697265625,0.00021344788547139615
1350,603.1898803710938,174.5084991455078,21.5377197265625,51.734771728515625,4.4188305764691904e-05
1350,0.0,337.33428955078125,64.61952209472656,143.16571044921875,8.138931661960669e-06
1380,600.8052978515625,158.35206604003906,24.327392578125,57.708343505859375,2.0471770767471753e-06
1380,605.1949462890625,140.09823608398438,35.3050537109375,89.69146728515625,1.221008369611809e-05
1380,0.0,159.63397216796875,15.791836738586426,54.696319580078125,1.7307298548985273e-05
1380,0.0,156.46571350097656,25.00883674621582,69.96871948242188,1.3347058484214358e-05
1380,597.042724609375,170.37730407714844,22.3338623046875,54.046630859375,1.935449290613178e-05
1380,606.0864868164062,166.54605102539062,25.7142333984375,61.132171630859375,0.9990677237510681
1380,547.4237670898438,126.67681884765625,93.07623291015625,287.154296875,5.585115104622673e-06
1380,624.9866333007812,168.15939331054688,15.51336669921875,54.30810546875,0.0001423057256033644
1380,613.90869140625,171.59983825683594,24.8822021484375,57.735076904296875,0.0007266103639267385
1380,601.5180053710938,178.40609741210938,22.635009765625,56.02069091796875,1.4869786355120596e-05
1380,596.3860473632812,158.70230102539062,37.2381591796875,84.6199951171875,4.60557930637151e-05
1380,0.0,412.06622314453125,34.298892974853516,68.43377685546875,1.87921364158683e-06
1380,0.0,336.08209228515625,65.37602996826172,144.41790771484375,1.081123627955094e-05
1380,601.1519775390625,359.3796691894531,39.3480224609375,121.12033081054688,2.477149337209994e-06
1410,473.2727966308594,108.95763397216797,20.80548095703125,51.08972930908203,4.421946869115345e-06
1410,601.1339111328125,158.34182739257812,24.0118408203125,57.1492919921875,9.166211043520889e-07
1410,612.2899780273438,154.41859436035156,27.9720458984375,66.08465576171875,1.6538488125661388e-05
1410,626.0618286132812,152.86045837402344,14.43817138671875,51.705718994140625,1.2362390862108441e-06
1410,0.0,160.2559814453125,15.195820808410645,55.62786865234375,4.368545887700748e-06
1410,596.9525146484375,170.04478454589844,22.2156982421875,53.82073974609375,2.7786953069153242e-05
1410,606.5379028320312,166.63302612304688,25.6256103515625,60.9678955078125,0.9958382844924927
1410,547.7569580078125,124.1915283203125,92.7430419921875,286.066162109375,4.922602784063201e-06
1410,624.6659545898438,168.15878295898438,15.83404541015625,53.89605712890625,0.0005187527858652174
1410,595.9503173828125,142.46739196777344,44.5496826171875,101.97552490234375,9.449682693229988e-06
1410,601.5974731445312,178.6394500732422,22.5391845703125,55.804351806640625,7.284024832188152e-06
1410,0.0,335.642578125,65.09070587158203,144.857421875,1.0177128388022538e-05
1410,601.0067749023438,358.3316955566406,39.49322509765625,122.16830444335938,2.8687043140962487e-06
1440,612.1273193359375,154.37635803222656,28.1722412109375,66.30966186523438,2.5950817871489562e-05
1440,626.0281372070312,152.48277282714844,14.47186279296875,52.106475830078125,8.940428983805759e-07
1440,0.0,167.73135375976562,13.33598518371582,50.75274658203125,4.547609478322556e-06
1440,0.0,157.12759399414062,18.39543914794922,74.64291381835938,4.544474904832896e-06
1440,169.44122314453125,173.15505981445312,22.018035888671875,53.52923583984375,2.7718183446268085e-06
1440,289.64337158203125,167.38551330566406,21.73919677734375,54.247894287109375,6.222863248694921e-06
1440,297.365966796875,169.4946746826172,22.00628662109375,54.0196533203125,6.959733582334593e-06
1440,304.490478515625,171.0448455810547,22.2296142578125,53.58123779296875,0.00027765269624069333
1440,596.47412109375,170.58303833007812,21.9503173828125,53.016937255859375,8.74134184414288e-06
1440,607.3250122070312,166.15773010253906,25.7562255859375,61.228515625,0.9993738532066345
1440,593.0082397460938,132.2034454345703,47.2083740234375,103.14205932617188,8.943549801188055e-06
1440,547.5791625976562,125.48104858398438,92.92083740234375,285.12078857421875,5.1473525672918186e-06
1440,624.4108276367188,168.47256469726562,16.08917236328125,53.89324951171875,0.0009862224105745554
1440,176.69520568847656,175.4392547607422,23.29986572265625,55.618560791015625,8.120943675749004e-05
1440,191.38543701171875,175.35459899902344,22.80596923828125,53.50396728515625,0.0005512711359187961
1440,198.93771362304688,176.23355102539062,23.276397705078125,53.65985107421875,3.352075145812705e-05
1440,311.7635498046875,175.30560302734375,23.37982177734375,53.363250732421875,1.4923872186045628e-05
1440,352.44287109375,178.90342712402344,21.34722900390625,50.558074951171875,0.00041957671055570245
1440,185.5605926513672,179.60841369628906,21.091949462890625,51.01824951171875,2.636835051816888e-05
1440,615.647705078125,175.5184783935547,22.0904541015625,50.535400390625,0.001403475645929575
1440,601.336669921875,173.14205932617188,25.6063232421875,63.42852783203125,8.124869782477617e-05
1440,0.0,336.5387268066406,65.35684204101562,143.96127319335938,9.284912266593892e-06
1440,601.193359375,359.12103271484375,39.306640625,121.37896728515625,2.894440058298642e-06
1470,472.25701904296875,106.46001434326172,21.0899658203125,51.568153381347656,9.284486623073462e-06
1470,345.6262512207031,157.35198974609375,22.890625,53.798675537109375,1.7885584384202957e-05
1470,352.32049560546875,161.49156188964844,22.671630859375,53.78265380859375,0.0002327980037080124
1470,0.0,160.53518676757812,15.339341163635254,55.039703369140625,1.970915218407754e-05
1470,367.2897644042969,162.14442443847656,20.90496826171875,50.613372802734375,5.094404514238704e-06
1470,0.0,143.73291015625,22.02562713623047,96.86935424804688,6.366965862980578e-06
1470,358.9695129394531,165.19033813476562,22.4915771484375,54.14361572265625,1.4273995475377887e-05
1470,348.328369140625,166.70516967773438,32.9725341796875,80.56185913085938,3.6981675748393172e-06
1470,624.0045166015625,218.25584411621094,16.4954833984375,66.21943664550781,7.106672455847729e-06
1470,615.7853393554688,194.406494140625,24.71466064453125,101.5997314453125,4.109516885364428e-05
1470,593.4775390625,145.3081512451172,47.0224609375,230.70741271972656,9.127234989136923e-06
1470,626.9290161132812,246.68873596191406,13.57098388671875,51.49333190917969,7.3121154855471104e-06
1470,0.0,337.2701416015625,64.9590835571289,143.2298583984375,6.905744157847948e-06
1470,600.915283203125,358.7062072753906,39.584716796875,121.79379272460938,3.993578957306454e-06
1500,0.0,167.94813537597656,13.453219413757324,51.288848876953125,1.3945206774224062e-05
1500,606.7460327148438,166.32904052734375,25.7958984375,61.242462158203125,0.9999102354049683
1500,547.6767578125,123.36296081542969,92.8232421875,286.70611572265625,5.5921823332028e-06
1500,624.9086303710938,168.89910888671875,15.59136962890625,53.790313720703125,0.0007804574561305344
1500,0.0,163.1890411376953,18.3408260345459,75.84091186523438,4.345182787801605e-06
1500,529.0057983398438,175.61080932617188,20.933837890625,50.528778076171875,2.990134817082435e-06
1500,595.959716796875,175.60025024414062,21.5074462890625,51.16363525390625,0.0001872167194960639
1500,615.7357788085938,174.51202392578125,22.6141357421875,51.109619140625,0.00016341233276762068
1500,601.8933715820312,177.41876220703125,22.7205810546875,57.26885986328125,8.352990334969945e-06
1500,599.9523315429688,160.77711486816406,40.54766845703125,98.64366149902344,2.988709184137406e-06
1500,0.0,340.19390869140625,64.69941711425781,140.30609130859375,7.4892063821607735e-06
1530,600.7184448242188,153.2922821044922,27.2003173828125,66.6412353515625,5.1167921810701955e-06
1530,613.7506713867188,156.87185668945312,23.4578857421875,56.318634033203125,6.515534550999291e-06
1530,625.6720581054688,152.91465759277344,14.82794189453125,52.501800537109375,9.953453172784066e-07
1530,0.0,166.7117919921875,13.739736557006836,51.247772216796875,3.5617984394775704e-05
1530,0.0,142.98910522460938,22.709320068359375,95.4139404296875,1.4072765225137118e-05
1530,7.231186866760254,166.9183349609375,23.198699951171875,55.96173095703125,4.958288855050341e-07
1530,596.3236694335938,170.61163330078125,21.7291259765625,52.31011962890625,7.74208820075728e-06
1530,607.4819946289062,165.3751983642578,25.972412109375,61.678497314453125,0.9999712705612183
1530,593.7091674804688,133.87591552734375,46.79083251953125,102.73580932617188,9.150418918579817e-06
1530,548.2062377929688,130.0448760986328,92.29376220703125,283.3380126953125,6.0939137256355025e-06
1530,621.0686645507812,165.41622924804688,19.43133544921875,61.20068359375,0.0009670016006566584
1530,0.0,182.9790802001953,12.947542190551758,50.51214599609375,2.8317454052739777e-06
1530,603.2037963867188,174.91107177734375,21.8092041015625,51.978546142578125,0.0005604543257504702
1530,0.0,338.854248046875,65.18275451660156,141.645751953125,8.974453521659598e-06
1560,472.1070556640625,106.072509765625,20.96905517578125,51.005096435546875,7.341246237047017e-05
1560,616.9083251953125,164.127685546875,20.9774169921875,50.702728271484375,0.0001637258246773854
1560,606.4421997070312,165.30841064453125,25.981201171875,61.890411376953125,0.9999282360076904
1560,593.042236328125,131.1403045654297,45.773193359375,100.12744140625,1.1827563866972923e-05
1560,547.7069702148438,130.73411560058594,92.79302978515625,281.39276123046875,4.8962992877932265e-06
1560,624.6644287109375,166.92259216308594,15.8355712890625,54.261474609375,9.357004455523565e-05
1560,615.6865844726562,144.74026489257812,24.81341552734375,87.64028930664062,3.657356046460336e-06
1560,160.2735137939453,182.71749877929688,24.0906982421875,56.717620849609375,2.7582656912272796e-05
1560,168.77503967285156,183.14730834960938,23.20166015625,56.0201416015625,1.269734184461413e-05
1560,183.72793579101562,181.58810424804688,22.340362548828125,54.2567138671875,2.9162481951061636e-05
1560,177.2070770263672,188.25454711914062,21.109954833984375,51.075775146484375,1.1051414730900433e-05
1560,601.3351440429688,178.18173217773438,22.7928466796875,56.36090087890625,5.357811915018829e-06
1560,0.0,335.67041015625,64.643310546875,144.82958984375,8.20325112727005e-06
1560,600.7327880859375,357.8708190917969,39.7672119140625,122.62918090820312,2.6479690404812573e-06
1590,473.1874084472656,109.41849517822266,21.15521240234375,51.25371551513672,4.833001639781287e-06
1590,613.5009155273438,157.20565795898438,23.79296875,57.1937255859375,1.6884145225048997e-05
1590,625.6507568359375,153.3743896484375,14.8492431640625,52.43170166015625,1.6671446019245195e-06
1590,607.4786376953125,165.41140747070312,25.9615478515625,61.795867919921875,0.9999908208847046
1590,547.2998046875,130.40048217773438,93.2001953125,281.51104736328125,4.372222065285314e-06
1590,620.9337158203125,165.21661376953125,19.5662841796875,61.056884765625,0.00042493012733757496
1590,596.348876953125,143.974853515625,44.151123046875,99.2659912109375,9.010909707285464e-06
1590,603.2474975585938,174.3208465576172,21.9154052734375,52.067657470703125,0.0006896062404848635
1590,0.0,338.1851806640625,65.02375030517578,142.3148193359375,7.661135896341875e-06
1590,600.3377685546875,358.5716857910156,40.1622314453125,121.92831420898438,3.6894555250910344e-06
1620,472.65106201171875,106.53602600097656,21.01678466796875,50.66766357421875,2.7183124984730966e-05
1620,625.0296630859375,152.54248046875,15.4703369140625,53.5635986328125,1.0525820925977314e-06
1620,0.0,166.4053955078125,13.689526557922363,50.970947265625,2.255602703371551e-05
1620,0.0,158.1061248779297,25.28725242614746,69.096435546875,8.840662303555291e-06
1620,7.459789276123047,167.14706420898438,23.099666595458984,55.665130615234375,7.777794053254183e-07
1620,609.4284057617188,167.83734130859375,24.9014892578125,59.16021728515625,0.9998668432235718
1620,548.4912719726562,126.26390075683594,92.00872802734375,281.6915283203125,4.554453880700748e-06
1620,620.2271118164062,165.8662109375,20.27288818359375,60.04547119140625,0.006595843005925417
1620,596.3247680664062,144.533935546875,44.17523193359375,102.46365356445312,6.935470537428046e-06
1620,0.0,182.73785400390625,12.697073936462402,50.690521240234375,2.723767238421715e-06
1620,603.4339599609375,173.85751342773438,23.71240234375,56.179107666015625,0.0021239735651761293
1620,626.1914672851562,187.38531494140625,14.30853271484375,52.346771240234375,1.6302377844112925e-05
1620,0.0,336.57708740234375,64.74626159667969,143.92291259765625,8.612151759734843e-06
1620,600.2777099609375,360.5268859863281,40.2222900390625,119.97311401367188,3.818649929598905e-06
1650,471.6710205078125,106.06398010253906,21.11260986328125,51.290924072265625,9.429296915186569e-05
1650,613.9082641601562,157.19659423828125,23.9066162109375,57.088653564453125,2.9807206374243833e-05
1650,625.150390625,152.96014404296875,15.349609375,53.03662109375,1.1888660083059222e-06
1650,0.0,160.8273468017578,15.859682083129883,54.70648193359375,4.021972563350573e-05
1650,0.0,143.57455444335938,22.81113052368164,94.73095703125,9.848109584709164e-06
1650,6.798198699951172,165.84725952148438,23.45306396484375,56.633941650390625,1.429586063750321e-06
1650,608.8370971679688,166.91806030273438,25.4068603515625,60.318572998046875,0.9996547698974609
1650,548.2391967773438,127.99433898925781,92.26080322265625,283.373779296875,7.4479116847214755e-06
1650,620.6005249023438,165.70193481445312,19.89947509765625,60.890899658203125,0.0028321577701717615
1650,596.02490234375,143.01934814453125,44.47509765625,102.690185546875,8.817060916044284e-06
1650,0.0,182.39561462402344,12.750227928161621,51.04315185546875,3.0902133403287735e-06
1650,601.9568481445312,174.60858154296875,25.2496337890625,62.431060791015625,9.13190160645172e-06
1650,614.6063232421875,178.9728546142578,23.4755859375,55.88323974609375,9.601951205695514e-06
1650,625.9934692382812,187.8074188232422,14.50653076171875,51.793304443359375,9.31372596824076e-06
1650,0.0,338.4164733886719,65.36201477050781,142.08352661132812,9.425579264643602e-06
1650,600.9205322265625,359.9442443847656,39.5794677734375,120.55575561523438,4.786390491062775e-06
1680,472.4049987792969,107.60897827148438,20.99749755859375,50.654998779296875,6.376602868840564e-06
1680,0.0,142.56228637695312,16.126338958740234,57.34954833984375,1.6426100046373904e-05
1680,0.0,136.87413024902344,24.196022033691406,90.27420043945312,3.224795000278391e-05
1680,0.0,92.60931396484375,46.5190544128418,224.8154296875,6.897384992043953e-06
1680,0.7308511734008789,158.98370361328125,21.329410552978516,50.508056640625,0.0009880372090265155
1680,6.12010383605957,158.0729522705078,23.49170684814453,56.16729736328125,0.0004906508256681263
1680,13.326431274414062,159.6300811767578,23.4974365234375,56.419647216796875,1.4048869161342736e-05
1680,569.6915893554688,163.17819213867188,20.79541015625,50.9263916015625,5.821238664793782e-05
1680,627.3023681640625,164.30722045898438,13.1976318359375,51.729278564453125,3.0863946449244395e-05
1680,601.153564453125,164.65066528320312,26.5333251953125,63.440185546875,0.9999877214431763
1680,541.1138916015625,124.80209350585938,99.3861083984375,280.29327392578125,6.440106517402455e-06
1680,593.4205322265625,146.72010803222656,44.351318359375,104.34423828125,2.049576096396777e-06
1680,0.0,166.73785400390625,16.046823501586914,60.976348876953125,0.00014879308582749218
1680,595.9907836914062,171.17922973632812,23.2178955078125,54.75830078125,0.00039371519233100116
1680,611.2802124023438,167.13046264648438,25.851318359375,61.290863037109375,4.349911250756122e-05
1680,626.8551025390625,180.6543426513672,13.6448974609375,54.027679443359375,1.0380860658187885e-05
1680,0.0,339.2264404296875,64.64057922363281,141.2735595703125,5.484010671352735e-06
1680,600.9593505859375,358.6025390625,39.5406494140625,121.8974609375,3.014819867530605e-06
1710,616.4853515625,145.3369140625,21.81396484375,51.3477783203125,8.787865226622671e-06
1710,576.637939453125,153.20687866210938,27.0484619140625,66.00387573242188,5.319182309904136e-05
1710,385.2094421386719,160.1067657470703,21.3619384765625,51.326080322265625,7.626063620591594e-07
1710,571.9421997070312,134.57943725585938,43.82470703125,101.3621826171875,3.0058747142902575e-05
1710,0.0,158.19903564453125,14.588018417358398,57.179962158203125,1.561549652251415e-05
1710,563.2582397460938,161.6628875732422,23.208984375,54.959564208984375,1.1609424291236792e-05
1710,571.5670166015625,163.44668579101562,21.1600341796875,51.40643310546875,2.4659351765876636e-05
1710,607.90380859375,159.09869384765625,24.148681640625,55.7166748046875,2.675034738786053e-05
1710,626.2898559570312,158.39617919921875,14.21014404296875,56.567901611328125,5.102127033751458e-05
1710,0.0,144.14576721191406,20.890853881835938,96.1627197265625,4.802985495189205e-05
1710,583.5940551757812,161.18560791015625,27.9796142578125,66.76751708984375,0.9999971389770508
1710,525.5997314453125,129.59756469726562,114.9002685546875,281.62677001953125,1.0619677595968824e-05
1710,594.4022216796875,159.97235107421875,27.140625,65.18643188476562,0.0002725659287534654
1710,614.599365234375,161.3644561767578,25.900634765625,60.951385498046875,1.7871774616651237e-05
1710,581.69091796875,152.29962158203125,43.3599853515625,101.446044921875,1.1719019994416158e-06
1710,0.0,178.714111328125,15.101070404052734,57.44732666015625,6.2230410549091175e-06
1710,579.6546630859375,174.78182983398438,21.3292236328125,51.460205078125,1.5481038644793443e-05
1710,626.8827514648438,182.45635986328125,13.61724853515625,50.9168701171875,7.346287475229474e-06
1710,0.0,338.36602783203125,61.83946990966797,142.13397216796875,4.327305305196205e-06
1710,600.2455444335938,359.08770751953125,40.25445556640625,121.41229248046875,5.625152880384121e-06
1740,523.562255859375,152.46450805664062,21.49853515625,51.095703125,8.272528793895617e-05
1740,626.4886474609375,148.95748901367188,14.0113525390625,55.85650634765625,7.782418833812699e-06
1740,567.9668579101562,159.1828155517578,27.8262939453125,68.82415771484375,0.00013200283865444362
1740,564.5231323242188,147.3675537109375,43.6729736328125,101.34896850585938,2.511285174477962e-06
1740,583.789306640625,168.51077270507812,22.8135986328125,54.898681640625,0.00047810873365961015
1740,609.6401977539062,163.0173797607422,22.419677734375,51.778228759765625,2.0943431081832387e-05
1740,616.98388671875,159.46871948242188,23.0216064453125,54.2308349609375,1.3847020454704762e-05
1740,563.7881469726562,171.78854370117188,22.337158203125,54.480621337890625,3.0824842269794317e-06
1740,574.8118286132812,166.90789794921875,28.4915771484375,68.32888793945312,0.9999871253967285
1740,627.5650024414062,169.52760314941406,12.93499755859375,50.56005859375,5.0039343477692455e-05
1740,520.4122924804688,140.5571746826172,120.08770751953125,280.083251953125,2.239240893686656e-05
1740,597.7947998046875,167.20281982421875,26.8076171875,59.993682861328125,9.570212569087744e-06
1740,605.9688110351562,162.08018493652344,31.350341796875,74.08795166015625,8.877294931153301e-06
1740,589.454833984375,172.82748413085938,24.543212890625,58.599334716796875,2.2392494429368526e-05
1740,571.0292358398438,181.71316528320312,21.5516357421875,52.05224609375,4.873942089034244e-06
1770,542.9569702148438,155.17767333984375,21.1112060546875,51.84954833984375,9.527457223157398e-06
1770,610.0444946289062,168.4465789794922,23.8126220703125,56.509063720703125,0.0017686209175735712
1770,622.5840454101562,164.32916259765625,17.91595458984375,66.1612548828125,0.00020331644918769598
1770,588.5007934570312,117.87405395507812,51.99920654296875,219.900146484375,8.516624802723527e-06
1770,593.9931640625,170.67034912109375,22.98388671875,54.833984375,6.899036179675022e-06
1770,602.8766479492188,177.0998992919922,21.84228515625,52.698333740234375,1.0540051334828604e-05
1770,597.0789184570312,154.69830322265625,36.45068359375,92.90969848632812,0.00016952288569882512
1770,611.15478515625,148.31268310546875,29.34521484375,116.54519653320312,7.692894723732024e-05
1770,0.0,160.7205810546875,22.251731872558594,101.01791381835938,1.2356733805063413e-06
1770,613.8085327148438,176.89251708984375,26.69146728515625,62.791839599609375,0.20110855996608734
1770,561.9417114257812,127.19090270996094,78.55828857421875,275.17095947265625,3.3757928576960694e-06
1770,0.0,190.87222290039062,15.374940872192383,55.048583984375,1.387049451295752e-05
1770,625.6957397460938,194.1783447265625,14.80426025390625,52.40435791015625,0.00030684543889947236
1770,616.3751220703125,199.70542907714844,21.12744140625,50.95428466796875,3.970350735471584e-05
1770,610.463134765625,404.5122375488281,30.036865234375,75.98776245117188,6.419760211429093e-06
1770,599.928466796875,361.5899658203125,40.571533203125,118.9100341796875,3.4981781027454417e-06
1770,579.9039916992188,320.36651611328125,60.59600830078125,160.13348388671875,3.5154816941940226e-06
1800,604.4790649414062,160.1629638671875,21.510009765625,50.514892578125,6.3032639445737e-05
1800,393.3135070800781,172.54672241210938,21.275390625,50.600555419921875,2.263592614326626e-05
1800,528.0227661132812,58.909454345703125,112.47723388671875,311.1512756347656,3.362458983247052e-06
1800,613.28955078125,160.60643005371094,22.097412109375,53.32806396484375,4.8243673518300056e-05
1800,627.4768676757812,166.79403686523438,13.02313232421875,55.082275390625,7.900857781351078e-06
1800,608.8040771484375,169.98980712890625,22.119873046875,51.535888671875,0.00026930036256089807
1800,57.57574462890625,191.1689453125,22.258071899414062,52.33026123046875,1.2031772712361999e-05
1800,599.57373046875,358.95062255859375,40.92626953125,121.54937744140625,4.722189260064624e-06
1830,607.9705810546875,166.9685821533203,21.474853515625,51.2393798828125,9.514371049590409e-05
1830,616.1664428710938,166.1535186767578,22.6390380859375,52.84735107421875,1.610997787793167e-05
1830,626.91552734375,169.2560272216797,13.58447265625,56.236968994140625,3.51082235283684e-05
1830,0.0,190.92901611328125,14.888246536254883,57.66107177734375,7.082092906784965e-06
1830,627.1688232421875,192.3308868408203,13.3311767578125,51.814422607421875,2.5892081794154365e-06
1830,610.5059814453125,402.5302734375,29.9940185546875,77.9697265625,4.706800154963275e-06
1830,601.27734375,361.1845703125,39.22265625,119.3154296875,7.641646334377583e-06
1830,580.0430297851562,321.88433837890625,60.45697021484375,158.61566162109375,4.746470949612558e-06
