30,502.0967712402344,159.0178680419922,24.908111572265625,56.2896728515625,3.8381986087188125e-05
30,627.7279663085938,167.38424682617188,12.77203369140625,50.637939453125,4.456245733308606e-06
30,425.8834228515625,177.65570068359375,22.2294921875,52.987335205078125,1.0177934200328309e-05
30,495.3894958496094,169.67254638671875,23.334747314453125,53.11163330078125,1.6031555787776597e-05
30,617.5638427734375,175.51220703125,22.9361572265625,56.262939453125,4.401637852424756e-05
30,0.0,185.28602600097656,14.342398643493652,53.806182861328125,3.212422598153353e-05
30,431.6952209472656,187.80711364746094,21.44085693359375,50.838287353515625,2.1161322365514934e-05
30,440.17626953125,186.61618041992188,21.137451171875,50.83245849609375,2.0197379853925668e-05
30,456.51531982421875,184.10061645507812,24.06866455078125,56.194732666015625,4.240511043462902e-05
30,472.4436950683594,185.19955444335938,22.58917236328125,54.753204345703125,2.581449552963022e-05
30,626.0720825195312,188.12860107421875,14.42791748046875,52.966796875,0.0005656136199831963
30,422.5395202636719,183.00498962402344,29.0728759765625,70.26138305664062,7.123759860405698e-05
30,448.0259704589844,188.59268188476562,25.2659912109375,59.928009033203125,4.404413175507216e-06
30,464.6402282714844,189.677001953125,21.60595703125,51.833526611328125,1.7999476767727174e-05
30,611.108154296875,192.8948974609375,21.249755859375,52.093475341796875,2.1057689082226716e-05
30,613.1602172851562,159.3990478515625,27.33978271484375,121.97833251953125,9.25573749555042e-06
30,591.5894775390625,147.0294189453125,48.9105224609375,228.588134765625,2.9893762985011563e-06
30,601.7308959960938,199.2854461669922,21.5001220703125,51.55438232421875,9.258491445507389e-06
30,616.2879638671875,192.77740478515625,24.2120361328125,62.630706787109375,9.815910743782297e-05
30,607.5519409179688,203.37322998046875,27.2098388671875,62.341278076171875,7.35502180759795e-06
30,622.58984375,201.23818969726562,17.91015625,77.43380737304688,3.36662355948647e-06
30,578.019287109375,279.9051513671875,57.659423828125,134.4390869140625,5.9049430092272814e-06
30,591.5260620117188,238.08897399902344,48.97393798828125,242.41102600097656,8.667602742207237e-06
30,603.5504760742188,278.6013488769531,36.94952392578125,161.22515869140625,7.682844625378493e-06
30,619.55224609375,426.6503601074219,20.94775390625,53.849639892578125,3.0803741992713185e-06
30,609.6384887695312,406.2185363769531,30.86151123046875,74.28146362304688,6.578966804227093e-06
30,598.3090209960938,359.66650390625,42.19097900390625,120.83349609375,7.912454748293385e-06
60,626.6109008789062,164.82302856445312,13.88909912109375,50.76611328125,1.1229667506995611e-05
60,610.005126953125,172.438232421875,21.0135498046875,50.8182373046875,1.8197991948909475e-06
60,622.1611328125,162.50210571289062,18.3388671875,76.26248168945312,1.6340667571057566e-05
60,604.0263671875,170.74539184570312,33.1317138671875,81.1064453125,7.69324651628267e-06
60,610.391357421875,134.89700317382812,30.108642578125,135.84335327148438,1.0949864190479275e-05
60,590.3956909179688,113.3992919921875,50.10430908203125,233.81369018554688,1.0567447134235408e-05
60,0.0,186.57357788085938,13.221135139465332,52.132293701171875,6.633620614593383e-06
60,425.1824035644531,182.55288696289062,20.69464111328125,50.767333984375,3.0774317565374076e-06
60,619.4651489257812,426.65087890625,21.03485107421875,53.84912109375,2.6365494250057964e-06
60,610.03369140625,405.4367980957031,30.46630859375,75.06320190429688,1.2487991625675932e-05
60,600.4949951171875,362.17681884765625,40.0050048828125,118.32318115234375,1.3085797036183067e-05
90,627.5448608398438,153.47349548339844,12.95513916015625,50.96417236328125,1.2845248420489952e-05
90,360.8851623535156,166.30160522460938,22.088623046875,52.68902587890625,1.8172366253565997e-05
90,368.08447265625,168.19822692871094,23.38848876953125,56.1312255859375,4.364240339782555e-06
90,377.8616027832031,169.17311096191406,20.98858642578125,51.278778076171875,1.9483361484162742e-06
90,425.4207763671875,174.51528930664062,21.3309326171875,50.61383056640625,3.660845777631039e-06
120,417.60015869140625,169.27659606933594,22.2999267578125,52.179351806640625,6.611440312553896e-06
120,336.24462890625,169.8905792236328,23.81640625,55.99774169921875,7.219673079816857e-06
120,409.2629089355469,172.44371032714844,25.065673828125,59.023193359375,8.637426617497113e-06
120,429.3416748046875,158.8177490234375,34.82952880859375,83.96163940429688,4.558243290375685e-06
120,419.053955078125,177.76715087890625,26.50048828125,62.103851318359375,0.006964939646422863
120,436.470458984375,179.77737426757812,23.19769287109375,55.649200439453125,0.7157998085021973
120,445.44586181640625,176.1508331298828,24.098876953125,55.55352783203125,6.971990387683036e-06
120,479.8807678222656,173.57077026367188,21.9482421875,51.75048828125,1.0088852832268458e-05
120,428.1864318847656,180.60780334472656,25.64996337890625,60.519500732421875,0.9969640374183655
150,322.15789794921875,151.4073028564453,21.79071044921875,51.93609619140625,0.00014636792184319347
150,216.77163696289062,165.44473266601562,22.50115966796875,55.3502197265625,0.00024376892542932183
150,280.01129150390625,164.1995849609375,21.5379638671875,51.751220703125,8.072933997027576e-05
150,335.3827209472656,153.52232360839844,21.76092529296875,53.288421630859375,6.115851192589616e-06
150,344.3854064941406,154.841552734375,20.95416259765625,51.118011474609375,1.4813235793553758e-06
150,398.60333251953125,150.32626342773438,25.6343994140625,59.173187255859375,2.4410485366388457e-06
150,448.8250732421875,152.5962677001953,23.0863037109375,54.806640625,2.1068295609438792e-05
150,202.1987762451172,172.36924743652344,20.895477294921875,50.597625732421875,0.00014307080709841102
150,325.8336486816406,156.30624389648438,25.705810546875,59.461517333984375,0.00045687914825975895
150,207.71539306640625,167.49224853515625,26.75341796875,63.712158203125,1.4112788448983338e-05
150,132.43582153320312,66.93943786621094,150.82550048828125,322.82781982421875,2.077147883028374e-06
150,320.3360290527344,147.3787841796875,35.55487060546875,86.06829833984375,7.581165846204385e-06
150,601.5827026367188,360.2891540527344,38.91729736328125,120.21084594726562,8.33565900393296e-06
150,581.4690551757812,322.2601318359375,59.03094482421875,158.2398681640625,7.07860226611956e-06
180,535.1751708984375,26.396728515625,29.138427734375,70.27066802978516,0.0011191240046173334
180,543.2496948242188,20.9361572265625,34.0789794921875,80.57807159423828,3.9133501559263095e-06
180,529.9647216796875,19.55010986328125,42.2490234375,100.89497375488281,0.0025349014904350042
180,524.282958984375,5.347862243652344,60.222900390625,143.40716552734375,5.020510798203759e-06
180,627.2540893554688,128.90428161621094,13.24591064453125,51.30255126953125,9.002145088743418e-05
180,624.209228515625,139.6711883544922,16.290771484375,64.20864868164062,0.003910928498953581
180,280.0581359863281,166.37904357910156,21.79083251953125,52.214599609375,0.023383883759379387
180,295.36407470703125,161.14739990234375,26.5577392578125,64.061279296875,9.544526619720273e-06
180,618.2650756835938,133.14959716796875,22.23492431640625,96.83746337890625,0.0006447145715355873
180,594.8822631835938,96.17768859863281,45.61773681640625,222.3999481201172,1.131539829657413e-05
180,272.00909423828125,152.35867309570312,37.082275390625,86.04067993164062,1.8265819790030946e-06
180,210.7017059326172,88.75917053222656,140.1320343017578,292.91796875,1.1506485861900728e-05
180,287.3523254394531,165.16700744628906,26.49713134765625,63.23382568359375,5.899477037019096e-05
180,624.9752807617188,159.35494995117188,15.52471923828125,65.62753295898438,1.4247421859181486e-05
180,538.9357299804688,208.46347045898438,101.02783203125,249.28802490234375,6.810927061451366e-06
180,601.0302734375,353.8211669921875,39.4697265625,126.6788330078125,5.185585905564949e-06
210,627.4443359375,146.90577697753906,13.0556640625,51.712615966796875,1.0365508387621958e-05
210,393.0697021484375,166.87767028808594,22.04742431640625,54.965484619140625,7.244156677188585e-06
210,408.49566650390625,170.30416870117188,21.50537109375,51.92889404296875,1.2569287719088607e-05
210,465.3144836425781,169.18421936035156,21.7352294921875,51.98443603515625,1.2293706959098927e-06
210,380.127685546875,174.76608276367188,20.84912109375,50.50775146484375,4.1683662857394665e-05
210,304.2901916503906,86.14039611816406,148.9051513671875,311.7520751953125,1.2407566828187555e-05
210,383.96270751953125,169.53855895996094,27.01617431640625,65.41204833984375,4.088284185854718e-05
210,0.0,181.3575897216797,16.01026153564453,57.4251708984375,5.256588337942958e-06
210,328.32537841796875,190.67776489257812,21.44927978515625,50.59356689453125,4.072617957717739e-05
210,627.3445434570312,201.4752655029297,13.15545654296875,51.1422119140625,7.418662335112458e-06
210,599.8988647460938,359.53253173828125,40.60113525390625,120.96746826171875,6.154260972834891e-06
240,591.436767578125,168.2356719970703,24.74755859375,58.1488037109375,6.3215516092896e-06
240,330.7318115234375,179.052001953125,21.79833984375,51.862579345703125,0.0016682322602719069
240,345.1258850097656,178.9297637939453,21.6888427734375,51.081146240234375,0.9901260137557983
240,336.6680908203125,160.40841674804688,34.31573486328125,80.16827392578125,3.082658440689556e-05
240,358.2577209472656,176.1757354736328,21.42144775390625,50.56317138671875,0.00011156049731653184
240,578.7534790039062,174.23025512695312,20.9940185546875,50.531829833984375,1.4611778169637546e-05
240,321.0894775390625,181.41098022460938,22.23504638671875,53.1998291015625,0.000564122514333576
240,279.4571838378906,98.14710998535156,133.43243408203125,300.6087646484375,6.0628253777395e-06
240,586.18359375,183.34703063964844,22.0283203125,51.468841552734375,0.00042739484342746437
240,599.5582275390625,178.47064208984375,21.0491943359375,51.507171630859375,5.774094915977912e-06
240,305.051025390625,186.48048400878906,23.6187744140625,55.128509521484375,0.00021192555141169578
240,314.46636962890625,185.23080444335938,21.64898681640625,51.0595703125,0.0018901170697063208
240,306.2423400878906,168.468505859375,35.59222412109375,85.76214599609375,9.49871537159197e-06
240,337.56707763671875,182.94363403320312,21.5284423828125,51.446044921875,0.010545830242335796
240,351.1685485839844,181.9222412109375,22.13397216796875,52.9228515625,0.00034430428058840334
240,580.1901245117188,185.8040313720703,32.467529296875,78.12715148925781,1.1047020052501466e-05
240,627.1296997070312,224.10704040527344,13.37030029296875,54.32173156738281,2.6804095796251204e-06
240,600.5985107421875,359.43109130859375,39.9014892578125,121.06890869140625,6.808842499594903e-06
270,31.67715835571289,181.42648315429688,21.54035186767578,50.662689208984375,0.000995257985778153
270,18.91673469543457,173.27777099609375,33.12738800048828,76.93716430664062,9.477388630330097e-06
270,96.94889831542969,184.34031677246094,22.385086059570312,53.21746826171875,4.2353382013970986e-05
270,102.43521118164062,183.03384399414062,25.258087158203125,60.4437255859375,0.00020326994126662612
270,111.06044006347656,184.51181030273438,21.810379028320312,52.01806640625,6.515683708130382e-06
270,9.36754322052002,188.45919799804688,23.043941497802734,55.363525390625,2.516525455575902e-05
270,17.657207489013672,188.22564697265625,23.037132263183594,54.639801025390625,0.000399839278543368
270,26.779558181762695,188.25132751464844,21.727140426635742,51.304962158203125,0.45391646027565
270,37.58367919921875,186.73802185058594,21.797317504882812,52.452423095703125,0.0006318281521089375
270,72.33914184570312,187.9834442138672,22.563385009765625,53.941192626953125,5.846231488249032e-06
270,90.11703491210938,188.46670532226562,20.589920043945312,50.74676513671875,7.039898719085613e-06
270,95.57173156738281,173.1371307373047,36.5855712890625,86.71229553222656,4.69851256639231e-05
270,32.09889602661133,198.85433959960938,21.243209838867188,51.627593994140625,6.98576650393079e-06
270,600.1414184570312,360.0964050292969,40.35858154296875,120.40359497070312,4.960760634276085e-06
330,627.4676513671875,195.50637817382812,13.0323486328125,52.53125,7.531752544309711e-06
330,610.0822143554688,210.15530395507812,20.590087890625,50.58477783203125,3.9825658859626856e-06
330,617.5978393554688,210.83096313476562,21.2728271484375,51.53009033203125,1.3150990525900852e-05
330,457.3280334472656,199.37890625,37.2462158203125,83.5570068359375,5.857337328052381e-06
330,453.02398681640625,177.68682861328125,53.03759765625,119.46731567382812,1.4092032643020502e-06
330,398.4441833496094,161.86094665527344,136.17526245117188,282.40167236328125,9.646439139032736e-06
330,476.4881591796875,214.15113830566406,22.06378173828125,52.38679504394531,3.7855052141821943e-06
330,627.431396484375,217.5171356201172,13.068603515625,51.18470764160156,2.1572201148956083e-05
330,441.2886047363281,221.35128784179688,23.85003662109375,57.339691162109375,3.692303380375961e-06
330,449.9054870605469,222.8988494873047,23.2576904296875,55.14335632324219,3.6471647035796195e-06
330,465.570556640625,217.6315155029297,21.5335693359375,51.06745910644531,0.6140936017036438
330,456.89105224609375,220.787109375,24.00994873046875,60.506317138671875,0.00014081703557167202
360,554.6249389648438,186.6919403076172,21.4622802734375,50.94073486328125,1.1083458957727998e-05
360,559.3392944335938,194.5443878173828,21.7261962890625,50.993743896484375,5.5325501307379454e-05
360,170.18157958984375,203.19058227539062,20.938720703125,51.773345947265625,8.375413017347455e-06
360,181.22653198242188,204.00592041015625,22.36907958984375,54.265289306640625,0.0034062089398503304
360,138.21864318847656,139.28363037109375,95.22171020507812,235.125244140625,7.702717084612232e-06
360,190.0255584716797,202.96485900878906,23.07586669921875,54.58970642089844,0.996528685092926
360,125.65937805175781,179.79945373535156,128.50933837890625,274.76251220703125,2.3886443614173913e-06
360,180.45591735839844,195.2557373046875,34.2244873046875,80.3365478515625,4.152072870056145e-05
360,196.46456909179688,205.57440185546875,24.069488525390625,58.004486083984375,0.003456892678514123
360,136.8423309326172,231.6340789794922,22.72454833984375,54.29063415527344,6.43494859104976e-05
360,171.80838012695312,185.27601623535156,50.770660400390625,121.50669860839844,1.3795878658129368e-05
360,0.0,198.86737060546875,49.76364517211914,225.8829345703125,1.5165478544076905e-05
360,609.9808959960938,405.9476318359375,30.51910400390625,74.5523681640625,8.526481906301342e-06
360,598.21435546875,362.18328857421875,42.28564453125,118.31671142578125,1.0447979548189323e-05
390,169.76390075683594,177.9248809814453,22.38262939453125,52.26287841796875,0.00015876135148573667
390,396.828125,184.71484375,21.04534912109375,50.835418701171875,5.410075573308859e-06
390,175.22219848632812,181.41836547851562,23.60943603515625,54.624755859375,1.9738830815185793e-05
390,403.1634216308594,188.5839385986328,21.40985107421875,50.5233154296875,0.0018481056904420257
390,410.3958435058594,188.41790771484375,21.8492431640625,51.94384765625,0.0005396861233748496
390,422.36444091796875,190.89755249023438,21.082763671875,50.9857177734375,2.8806636692024767e-05
390,0.0,201.30331420898438,14.389565467834473,56.52880859375,2.2062502466724254e-05
390,0.0,183.01983642578125,21.604644775390625,100.602783203125,7.99319695943268e-06
390,627.2555541992188,215.39686584472656,13.24444580078125,50.50096130371094,3.584988917282317e-06
390,0.0,224.40908813476562,12.84122371673584,50.5609130859375,3.865229246002855e-06
420,99.9512939453125,162.1446533203125,22.409530639648438,53.59246826171875,2.411242894595489e-05
420,357.6902160644531,164.9461669921875,31.50921630859375,72.04653930664062,1.1448170198491425e-06
420,367.244384765625,157.26959228515625,37.5006103515625,89.94143676757812,2.3706568299530772e-06
420,379.15887451171875,165.98486328125,33.0584716796875,74.833740234375,1.2047710697515868e-05
420,104.45903778076172,171.76528930664062,23.37518310546875,54.33697509765625,0.001520467223599553
420,356.3277587890625,178.43869018554688,22.080078125,52.45233154296875,1.3714457054447848e-05
420,363.2895812988281,180.91615295410156,21.43011474609375,51.73388671875,0.0002515899541322142
420,90.06758117675781,182.79237365722656,21.104812622070312,51.74322509765625,3.6557587463903474e-06
420,97.0876235961914,176.6968536376953,26.435882568359375,61.300689697265625,0.00018405112496111542
420,108.76604461669922,176.11570739746094,26.126625061035156,60.84637451171875,5.229433736531064e-05
420,95.99075317382812,170.885986328125,37.785064697265625,91.26821899414062,1.2286674063943792e-05
420,368.6289978027344,184.2955780029297,25.303955078125,61.152313232421875,0.00029593228828161955
420,376.89312744140625,186.14254760742188,26.5054931640625,63.53033447265625,0.00017648545326665044
420,388.01617431640625,186.07235717773438,25.93353271484375,61.0255126953125,0.5904539823532104
420,398.4650573730469,189.5738983154297,22.118896484375,50.580902099609375,5.936509114690125e-05
420,101.85321044921875,191.34214782714844,27.366500854492188,62.93365478515625,4.533418905339204e-05
420,390.0769958496094,173.34469604492188,35.57891845703125,86.26788330078125,9.242013220500667e-06
420,627.7620849609375,209.62255859375,12.7379150390625,50.6402587890625,1.2489624168665614e-05
450,78.87000274658203,155.04244995117188,22.786895751953125,54.07281494140625,1.74942979356274e-05
450,66.74842834472656,161.69302368164062,22.792037963867188,53.59075927734375,4.1047544073080644e-05
450,60.92863464355469,141.85572814941406,35.42170715332031,85.74899291992188,1.943103598023299e-06
450,74.37242126464844,166.1055908203125,23.39874267578125,55.34893798828125,0.06610038876533508
450,68.46757507324219,158.54647827148438,35.206085205078125,78.08102416992188,4.374296258902177e-05
450,83.69014739990234,163.98422241210938,25.238983154296875,59.767303466796875,4.97365999763133e-06
450,382.8247375488281,175.51817321777344,25.89739990234375,60.550201416015625,3.1454035251954338e-06
450,390.6969909667969,179.2765350341797,26.28863525390625,60.76373291015625,6.160691100376425e-06
450,400.4477233886719,183.4707794189453,22.66448974609375,54.230499267578125,4.363751213531941e-05
450,406.1575927734375,182.85130310058594,25.77642822265625,59.03729248046875,0.00019662083650473505
450,415.9464416503906,186.32333374023438,21.44769287109375,51.629608154296875,4.157835974183399e-06
450,627.71240234375,210.69012451171875,12.78759765625,50.5263671875,1.0637335435603745e-05
480,31.729267120361328,101.6148910522461,21.82439422607422,51.26653289794922,2.656296783243306e-05
480,25.222043991088867,105.41709899902344,22.393625259399414,52.83685302734375,0.0003123756905552
480,64.63945770263672,101.40962219238281,22.098052978515625,52.423614501953125,5.151290679350495e-06
480,29.633996963500977,107.74760437011719,27.37818717956543,67.887451171875,0.04998577758669853
480,38.30137634277344,110.24565887451172,24.69037628173828,57.02082061767578,0.0004514068132266402
480,46.03833770751953,109.48454284667969,25.466278076171875,61.46441650390625,4.407034793985076e-06
480,57.63361740112305,106.69963073730469,23.201007843017578,57.30889892578125,1.6294866327370983e-06
480,17.82113265991211,113.29186248779297,26.787628173828125,61.824317932128906,1.929844256665092e-05
480,10.156959533691406,98.14247131347656,39.27204513549805,92.03472900390625,5.462192348204553e-06
480,21.96501350402832,122.45280456542969,32.7064208984375,74.60885620117188,6.136374850029824e-06
480,26.634958267211914,115.1465835571289,40.488792419433594,99.59697723388672,0.1646183431148529
480,38.21772384643555,107.38124084472656,52.7776985168457,129.0438232421875,1.246006377186859e-06
480,37.414520263671875,130.0551300048828,38.179222106933594,91.51766967773438,1.0515634130570106e-05
480,57.38831329345703,162.73046875,21.479019165039062,52.50909423828125,2.526051684981212e-05
480,51.511478424072266,153.42088317871094,30.345378875732422,73.62081909179688,1.540384005238593e-06
480,370.5125427246094,167.70985412597656,22.38018798828125,51.1982421875,9.608739674149547e-06
480,616.119873046875,169.4875030517578,23.3480224609375,54.604766845703125,1.3535808648157399e-05
480,41.198909759521484,163.8853759765625,21.608322143554688,52.164276123046875,4.625805104296887e-06
480,48.63749694824219,166.3556671142578,21.452308654785156,51.9383544921875,1.2168200555606745e-05
480,375.72705078125,173.80184936523438,22.7117919921875,52.013916015625,0.0004435536393430084
480,610.5059814453125,176.5470733642578,21.89453125,50.870208740234375,0.00016989654977805912
480,626.7601318359375,172.51856994628906,13.7398681640625,50.771759033203125,2.3674558178754523e-05
480,63.33694839477539,173.8822021484375,21.305553436279297,50.5677490234375,0.00010498403571546078
480,382.7396240234375,178.27980041503906,25.5164794921875,59.806549072265625,8.44082660478307e-06
480,397.21588134765625,178.03477478027344,26.171875,61.091796875,1.5038566743896808e-05
480,406.3868408203125,178.5272979736328,25.64190673828125,59.1549072265625,2.6591519599605817e-06
480,416.126708984375,179.57931518554688,20.56268310546875,51.10284423828125,3.3674266433081357e-06
480,604.0809326171875,183.13436889648438,22.4482421875,53.41796875,1.5940488538035424e-06
480,390.23468017578125,183.6282501220703,26.822021484375,64.35043334960938,5.3196490625850856e-05
480,615.7257690429688,188.71047973632812,21.8399658203125,50.895660400390625,2.8820788429584354e-05
480,627.2151489257812,191.17007446289062,13.28485107421875,51.374267578125,2.0288362065912224e-05
510,611.0187377929688,0.0,29.48126220703125,61.09546661376953,2.9272405299707316e-06
510,596.94189453125,0.0,43.55810546875,121.94904327392578,4.328638624429004e-06
510,578.0687866210938,0.0,62.43121337890625,171.4167022705078,2.3323236746364273e-06
510,0.0,94.22722625732422,15.715858459472656,50.895347595214844,0.00012842571595683694
510,0.0,54.15108871459961,28.15972137451172,123.71839904785156,1.041959421854699e-06
510,0.0,34.80042266845703,45.04905700683594,220.78692626953125,1.512214680587931e-06
510,5.599002838134766,97.7767562866211,24.042926788330078,58.71344757080078,6.940538696653675e-06
510,0.0,102.87146759033203,22.12041473388672,60.598960876464844,0.00027765746926888824
510,0.0,120.96243286132812,21.146669387817383,76.82711791992188,4.334589539212175e-05
510,0.0,136.32608032226562,15.11361312866211,53.573883056640625,4.186536443739897e-06
510,524.1009521484375,145.7331085205078,22.022705078125,51.71466064453125,0.00236105197109282
510,533.9546508789062,144.8415985107422,24.5150146484375,59.4310302734375,0.0024924655444920063
510,0.0,154.63882446289062,13.597677230834961,50.904144287109375,3.303954599687131e-06
510,526.845458984375,149.90472412109375,26.1312255859375,62.40179443359375,0.0036566241178661585
510,511.419921875,154.54811096191406,26.92041015625,60.950714111328125,1.4330737940326799e-05
510,521.805419921875,160.64576721191406,23.67578125,57.5179443359375,4.869981057709083e-05
510,520.3905029296875,152.05796813964844,37.4925537109375,89.30816650390625,0.0002581109874881804
510,531.7590942382812,161.39466857910156,27.82763671875,64.313232421875,0.033938292413949966
510,422.53717041015625,182.71910095214844,23.5311279296875,54.25439453125,2.341621438972652e-06
510,496.9036560058594,177.22947692871094,21.562042236328125,52.35211181640625,1.0734912393672857e-05
510,503.5436706542969,168.77841186523438,26.615509033203125,62.569305419921875,3.4383911042823456e-06
510,226.2051544189453,183.5930633544922,22.320556640625,52.646514892578125,2.6271397928212536e-06
510,431.82330322265625,182.78369140625,25.39300537109375,59.129852294921875,4.994085611542687e-05
510,519.05029296875,175.9990692138672,26.7637939453125,61.3760986328125,6.249288730941771e-07
510,528.7169799804688,176.35726928710938,22.5164794921875,54.444854736328125,5.43933711014688e-05
510,408.9131774902344,176.04327392578125,31.08782958984375,74.86627197265625,2.4926430342020467e-06
510,440.9025573730469,192.3391876220703,20.668701171875,51.65045166015625,1.1291285773040727e-06
510,417.2520446777344,183.42076110839844,33.79522705078125,83.23866271972656,7.052484579617158e-05
510,585.828857421875,243.23353576660156,31.4002685546875,71.25642395019531,9.845852764556184e-05
510,585.3787841796875,260.94830322265625,21.912353515625,52.34906005859375,0.003422786947339773
510,514.0847778320312,204.3514862060547,126.41522216796875,276.14849853515625,1.1978555676250835e-06
510,579.9121704101562,269.64361572265625,21.3594970703125,52.636474609375,6.70546842229669e-06
510,589.3079833984375,266.9380187988281,24.875,59.44415283203125,2.1291216398822144e-05
540,491.913330078125,43.437042236328125,98.142822265625,234.4052734375,1.5006355624791468e-06
540,457.2669372558594,186.74049377441406,26.06231689453125,59.7979736328125,0.00012923798931296915
540,462.9657897949219,183.99923706054688,32.5882568359375,77.84988403320312,0.0004930012510158122
540,475.11492919921875,184.08816528320312,32.04736328125,75.501220703125,7.724137503828388e-06
540,476.0563659667969,143.81298828125,58.757049560546875,141.32476806640625,3.436483893892728e-05
540,466.57025146484375,126.66505432128906,83.73309326171875,205.02378845214844,1.4439677897826186e-06
540,512.4835205078125,134.57366943359375,64.912353515625,151.05300903320312,1.523212358733872e-05
540,494.4153137207031,123.00910949707031,95.51882934570312,225.0301971435547,1.413367613167793e-06
540,466.58453369140625,176.03689575195312,44.07403564453125,109.13003540039062,0.00036963875754736364
540,495.55029296875,147.61093139648438,56.4454345703125,134.9375,6.196227332111448e-06
540,546.2041015625,209.03504943847656,20.166015625,51.01197814941406,1.007939954433823e-05
540,454.6733703613281,186.04100036621094,45.47406005859375,113.19606018066406,1.706851071503479e-05
540,532.03515625,196.85604858398438,46.4061279296875,112.83383178710938,2.8966192644475086e-07
570,0.0,76.69306945800781,16.87289047241211,54.429290771484375,0.00027912150835618377
570,0.0,41.924041748046875,30.048114776611328,128.10816955566406,1.2751475878758356e-05
570,0.0,15.34429931640625,47.43052673339844,222.8261260986328,4.084815827809507e-06
570,0.0,83.3322525024414,19.654232025146484,76.3745346069336,3.324870340293273e-05
570,627.788818359375,178.21290588378906,12.711181640625,52.143341064453125,3.5570358249970013e-06
570,591.517822265625,182.44223022460938,48.982177734375,244.1158447265625,3.171004436808289e-06
600,159.8329315185547,174.43362426757812,21.18853759765625,50.748809814453125,9.601978490536567e-06
600,154.61636352539062,183.6617889404297,21.77252197265625,51.420928955078125,1.1400980838516261e-05
600,627.6566772460938,202.28033447265625,12.84332275390625,56.1019287109375,7.649578947166447e-06
630,123.84183502197266,179.35464477539062,21.52582550048828,51.0191650390625,0.00011364911188138649
630,51.555076599121094,90.35342407226562,148.47488403320312,312.10186767578125,1.5307223293348216e-05
630,133.882080078125,181.14109802246094,20.6624755859375,50.6082763671875,0.011432250030338764
630,128.64108276367188,190.0655059814453,22.32861328125,51.591888427734375,1.941229129442945e-06
660,74.81444549560547,175.235595703125,22.3123779296875,52.41534423828125,8.085028821369633e-05
660,81.81363677978516,180.8765411376953,22.011154174804688,52.402191162109375,0.9974834322929382
660,75.00861358642578,168.22409057617188,34.35308837890625,80.035888671875,1.7615690012462437e-05
660,20.525100708007812,141.47462463378906,127.89407348632812,274.79620361328125,1.2773982234648429e-05
660,93.58657836914062,180.99087524414062,22.177337646484375,53.72869873046875,1.4032302715349942e-06
660,87.31743621826172,187.63922119140625,22.227630615234375,52.916473388671875,1.2259624782018363e-05
660,600.4593505859375,363.30572509765625,40.0406494140625,117.19427490234375,3.537047405188787e-06
690,9.527877807617188,173.68394470214844,23.90546417236328,56.44805908203125,7.421906047966331e-05
690,23.692096710205078,177.7411651611328,21.85308837890625,51.50811767578125,0.00011550259659998119
690,56.63963317871094,182.82005310058594,22.357101440429688,53.321563720703125,1.2489306300267344e-06
690,522.1480712890625,183.9891357421875,20.5242919921875,50.54833984375,7.029432708804961e-06
690,0.0,179.89097595214844,16.226417541503906,62.4197998046875,1.779930062184576e-05
690,3.994394302368164,183.74331665039062,22.444353103637695,54.290740966796875,2.145304824807681e-05
690,13.854538917541504,178.16285705566406,27.358036041259766,65.39639282226562,0.9999955892562866
690,2.324857711791992,152.19540405273438,45.40019989013672,101.99884033203125,4.854032340517733e-06
690,0.0,143.6178741455078,80.86912536621094,287.6070556640625,3.6182373150950298e-06
690,599.5430297851562,189.7130889892578,23.095947265625,54.783355712890625,1.564663989483961e-06
690,27.204050064086914,181.05465698242188,26.456174850463867,61.9010009765625,3.5557775390770985e-06
690,627.2459106445312,201.036376953125,13.25408935546875,52.253265380859375,7.886870662332512e-06
720,183.80636596679688,173.97232055664062,21.1446533203125,50.672607421875,0.00032075998024083674
720,0.0,191.39071655273438,14.070453643798828,56.694549560546875,9.123502422880847e-06
720,31.975513458251953,192.02980041503906,22.151565551757812,50.927734375,1.4304248452390311e-06
750,0.0,166.16021728515625,16.551776885986328,56.604095458984375,2.882066837628372e-06
750,7.096893310546875,172.3590087890625,22.82940673828125,54.0699462890625,9.56601434154436e-06
750,187.60389709472656,169.8812255859375,21.677947998046875,50.936920166015625,0.0002116309478878975
750,190.60963439941406,169.5558624267578,26.809722900390625,64.91574096679688,6.188679890328785e-06
750,2.7048025131225586,180.36512756347656,21.2752685546875,50.98468017578125,0.00021663903316948563
750,369.7647705078125,180.49485778808594,21.79730224609375,51.11431884765625,8.277940651169047e-06
750,376.3128356933594,182.1656494140625,23.17449951171875,55.066253662109375,4.58222302768263e-06
750,0.0,186.56350708007812,16.138580322265625,57.551727294921875,9.724988558446057e-06
750,520.1982421875,191.90699768066406,22.89599609375,55.304168701171875,2.57661872637982e-06
780,376.62457275390625,179.39944458007812,22.0347900390625,52.30999755859375,1.963017894013319e-05
780,370.08880615234375,182.96412658691406,21.97113037109375,52.537872314453125,3.196536454197485e-06
780,627.447021484375,183.6249237060547,13.052978515625,52.936981201171875,1.3736500477534719e-05
780,619.371826171875,167.17034912109375,21.128173828125,99.50701904296875,5.257621523924172e-06
780,626.0664672851562,199.65142822265625,14.43353271484375,61.11077880859375,2.8625430786632933e-05
810,627.0668334960938,83.16665649414062,13.43316650390625,55.499053955078125,1.6358520952053368e-05
810,336.36053466796875,168.8559112548828,21.58001708984375,51.308990478515625,0.00013615546049550176
810,394.466064453125,181.15887451171875,21.60986328125,51.02923583984375,1.5027929293864872e-05
810,0.0,181.38076782226562,14.842048645019531,56.2396240234375,6.170004780869931e-06
810,400.62060546875,183.3446807861328,22.55224609375,53.222625732421875,1.1596123840718064e-05
840,368.57421875,169.02993774414062,22.37725830078125,53.777618408203125,3.6347410059534013e-06
840,417.5143737792969,176.70555114746094,21.958740234375,52.084197998046875,4.735123184218537e-06
840,627.3387451171875,183.2291259765625,13.1612548828125,57.786041259765625,1.645573320274707e-05
840,627.1290283203125,208.23046875,13.3709716796875,50.911956787109375,5.261739261186449e-06
840,602.5294189453125,360.6506652832031,37.9705810546875,119.84933471679688,4.693147275247611e-06
870,627.4658203125,234.2980194091797,13.0341796875,52.12425231933594,5.027664428780554e-06
870,0.0,339.52264404296875,58.075626373291016,140.97735595703125,2.683637148948037e-06
870,610.8869018554688,406.6590576171875,29.61309814453125,73.8409423828125,3.864271093334537e-06
870,601.261474609375,361.4668273925781,39.238525390625,119.03317260742188,8.882994734449312e-06
870,579.8189697265625,320.44000244140625,60.6810302734375,160.05999755859375,3.5037937777815387e-06
900,0.0,163.7479248046875,12.888945579528809,50.925994873046875,3.3871283449116163e-06
900,602.286376953125,361.0406494140625,38.213623046875,119.4593505859375,4.4526263991429005e-06
930,67.07238006591797,154.37469482421875,34.073760986328125,79.989501953125,4.73851032438688e-05
930,10.995891571044922,108.62567138671875,128.03732299804688,288.0290222167969,8.427154170931317e-06
930,60.20398712158203,175.23472595214844,21.74945068359375,52.638153076171875,1.8401007082502474e-06
930,72.8430404663086,169.58795166015625,23.823150634765625,57.17657470703125,0.9368700385093689
930,86.36165618896484,171.9503936767578,21.274185180664062,52.411651611328125,6.312418554443866e-05
930,67.216552734375,176.18597412109375,21.484954833984375,51.4466552734375,0.00029175536474213004
930,602.6473999023438,359.8017578125,37.85260009765625,120.6982421875,1.1688163795042783e-05
960,28.097501754760742,165.10574340820312,23.493547439575195,54.4151611328125,2.0627257981686853e-05
960,40.59848403930664,170.3826904296875,21.3199462890625,51.225372314453125,0.8013117909431458
960,33.75774383544922,157.0277099609375,35.7275390625,78.99490356445312,6.208749255165458e-06
960,35.256248474121094,176.0695343017578,21.819847106933594,52.40625,0.009435656480491161
960,46.178306579589844,176.98179626464844,22.993446350097656,53.916107177734375,0.01065060030668974
960,400.67047119140625,183.2909698486328,21.19451904296875,50.625,3.4566051908768713e-05
960,408.2269287109375,182.57444763183594,20.52581787109375,50.98040771484375,4.349685241322732e-06
960,601.75390625,361.0537414550781,38.74609375,119.44625854492188,4.605301455740118e-06
990,1.5414485931396484,160.15127563476562,25.790679931640625,62.694580078125,1.6525054888916202e-05
990,16.079240798950195,170.39605712890625,21.923818588256836,51.617095947265625,0.0003305791469756514
990,0.0,170.49127197265625,17.830171585083008,58.49951171875,1.0750024557637516e-05
990,8.111289024353027,172.5366973876953,24.682621002197266,58.366546630859375,0.9996005892753601
990,0.0,142.3032989501953,76.43794250488281,276.652587890625,5.833778232045006e-06
990,21.88675880432129,173.35842895507812,23.211362838745117,55.056365966796875,1.1425579941715114e-05
990,0.0,187.92263793945312,15.016036987304688,53.012237548828125,1.023372260533506e-05
990,3.67752742767334,183.89718627929688,21.044513702392578,51.05975341796875,2.6445157345733605e-05
990,443.01239013671875,190.06271362304688,21.4578857421875,50.568084716796875,3.306674898340134e-06
990,1.6954803466796875,165.16978454589844,36.03763961791992,83.934326171875,5.136044819664676e-06
990,0.0,341.25567626953125,62.92627716064453,139.24432373046875,2.1528628622036194e-06
990,610.25390625,406.7104797363281,30.24609375,73.78952026367188,5.780254468845669e-06
990,601.0951538085938,363.0560302734375,39.40484619140625,117.4439697265625,1.3015740478294902e-05
990,580.104248046875,321.070556640625,60.395751953125,159.429443359375,6.883762125653448e-06
1020,442.31158447265625,192.68496704101562,21.6864013671875,50.55889892578125,2.1764376469946e-06
1020,609.5772705078125,407.1806335449219,30.9227294921875,73.31936645507812,6.022359684720868e-06
1020,600.668701171875,365.27386474609375,39.831298828125,115.22613525390625,1.6768786736065522e-05
1020,580.3787231445312,321.15972900390625,60.12127685546875,159.34027099609375,6.408834451576695e-06
1050,0.0,174.71109008789062,15.522604942321777,58.173553466796875,1.3063490769127384e-05
1050,0.0,149.16403198242188,22.512176513671875,103.61776733398438,3.997709427494556e-06
1050,440.7666015625,192.84878540039062,23.23675537109375,55.699066162109375,1.8370676116319373e-05
1050,610.3262939453125,407.82080078125,30.1737060546875,72.67919921875,4.1461912587692495e-06
1050,600.6632080078125,364.92840576171875,39.8367919921875,115.57159423828125,1.4037016626389232e-05
1050,580.1267700195312,323.34307861328125,60.37322998046875,157.15692138671875,5.014294856664492e-06
1080,448.0757751464844,188.31610107421875,22.36376953125,52.72808837890625,4.4379994506016374e-05
1080,440.814453125,192.4659881591797,22.6058349609375,53.54315185546875,9.09219597815536e-05
1080,455.888916015625,193.17596435546875,23.3048095703125,53.581817626953125,5.6980197769007646e-06
1080,619.693359375,426.31488037109375,20.806640625,54.18511962890625,4.288335276214639e-06
1080,610.2930297851562,406.45257568359375,30.20697021484375,74.04742431640625,5.734577825933229e-06
1080,600.3837280273438,364.8885498046875,40.11627197265625,115.6114501953125,1.3444556316244416e-05
1080,579.516357421875,321.01898193359375,60.983642578125,159.48101806640625,5.866007541044382e-06
1110,0.0,168.93988037109375,15.418218612670898,57.2864990234375,3.09362803818658e-06
1110,441.2112121582031,195.92550659179688,22.4664306640625,53.783538818359375,7.028970685496461e-06
1110,576.9820556640625,255.081787109375,34.2838134765625,81.65399169921875,1.5550807802355848e-05
1110,610.083740234375,406.97430419921875,30.416259765625,73.52569580078125,5.566774689214071e-06
1110,600.0438232421875,362.5584411621094,40.4561767578125,117.94155883789062,1.414601592841791e-05
1110,579.8411865234375,321.94500732421875,60.6588134765625,158.55499267578125,4.694158633355983e-06
1140,0.0,175.88674926757812,15.531336784362793,57.0765380859375,3.5869452403858304e-06
1140,610.4921264648438,406.9310302734375,30.00787353515625,73.5689697265625,6.574224698852049e-06
1140,599.7045288085938,363.6254577636719,40.79547119140625,116.87454223632812,1.3378075891523622e-05
1140,578.2080078125,322.787353515625,62.2919921875,157.712646484375,3.768496753764339e-06
1170,0.0,149.4904327392578,22.157289505004883,104.0579833984375,3.721734628925333e-06
1170,0.0,182.37222290039062,16.115238189697266,57.62506103515625,5.918687747907825e-06
1170,610.44140625,407.731689453125,30.05859375,72.768310546875,6.697869139316026e-06
1170,600.2245483398438,363.1567077636719,40.27545166015625,117.34329223632812,1.5474395695491694e-05
1170,579.0971069335938,322.44512939453125,61.40289306640625,158.05487060546875,4.4762855395674706e-06
1200,441.6768798828125,197.0052490234375,22.1329345703125,52.16015625,4.894431640423136e-06
1200,600.210693359375,366.14874267578125,40.289306640625,114.35125732421875,1.155483641923638e-05
1200,577.4545288085938,323.6478271484375,63.04547119140625,156.8521728515625,3.471842319413554e-06
1230,0.0,176.58175659179688,15.812211036682129,57.627716064453125,4.949032700096723e-06
1230,446.6683349609375,188.87750244140625,20.86505126953125,50.778106689453125,4.608117706084158e-06
1230,440.8628845214844,195.72491455078125,22.352294921875,52.982818603515625,1.908416743390262e-05
1230,610.4124755859375,408.8965148925781,30.0875244140625,71.60348510742188,7.252645445987582e-06
1230,599.601318359375,363.3787536621094,40.898681640625,117.12124633789062,1.667288779572118e-05
1230,578.2013549804688,322.85693359375,62.29864501953125,157.64306640625,5.016657723899698e-06
1260,610.5989379882812,408.2078857421875,29.90106201171875,72.2921142578125,6.668010428256821e-06
1260,599.489013671875,364.7218933105469,41.010986328125,115.77810668945312,1.8331509636482224e-05
1260,578.0286254882812,323.2371826171875,62.47137451171875,157.2628173828125,4.3854934119735844e-06
1290,610.3803100585938,407.75738525390625,30.11968994140625,72.74261474609375,4.430844910530141e-06
1290,599.6717529296875,366.4283752441406,40.8282470703125,114.07162475585938,1.4230476153898053e-05
1290,578.1608276367188,325.7745361328125,62.33917236328125,154.7254638671875,4.129018634557724e-06
1320,447.8389587402344,189.89303588867188,21.369873046875,51.0118408203125,1.3385568990997854e-06
1320,440.4842834472656,195.76718139648438,23.1912841796875,55.121246337890625,2.707787189137889e-06
1320,610.12548828125,408.59954833984375,30.37451171875,71.90045166015625,6.778094757464714e-06
1320,599.5855712890625,363.9713439941406,40.9144287109375,116.52865600585938,1.832270027080085e-05
1320,579.546875,322.9805603027344,60.953125,157.51943969726562,4.560556590149645e-06
1350,610.5205688476562,406.5505676269531,29.97943115234375,73.94943237304688,5.275023795547895e-06
1350,600.3670654296875,364.878662109375,40.1329345703125,115.621337890625,7.668226317036897e-06
1350,578.8164672851562,323.0067138671875,61.68353271484375,157.4932861328125,4.327978331275517e-06
1380,627.416259765625,216.87661743164062,13.083740234375,50.505584716796875,2.3898586732684635e-05
1380,600.9268798828125,367.7706604003906,39.5731201171875,112.72933959960938,4.284358055883786e-06
1410,584.0481567382812,202.5716552734375,22.7523193359375,54.440460205078125,3.5499531350069446e-06
1410,627.5067138671875,209.508056640625,12.9932861328125,50.821319580078125,1.5364272258011624e-05
1410,0.0,342.68304443359375,61.886932373046875,137.81695556640625,3.961923539463896e-06
1410,601.5511474609375,363.02130126953125,38.9488525390625,117.47869873046875,4.50827519671293e-06
1440,0.0,96.37623596191406,14.01652717590332,56.4677734375,5.8618416005629115e-06
1440,340.97320556640625,193.98838806152344,21.3134765625,50.9691162109375,5.8525813074084e-05
1440,278.8072509765625,197.5387725830078,23.39031982421875,57.161224365234375,3.1120571293286048e-06
1440,610.8515625,409.1580505371094,29.6484375,71.34194946289062,4.3921859287365805e-06
1440,600.2003173828125,364.85089111328125,40.2996826171875,115.64910888671875,5.303033049131045e-06
1440,578.193359375,323.9332275390625,62.306640625,156.5667724609375,5.4547690524486825e-06
1470,627.7374267578125,72.049560546875,12.7625732421875,55.243133544921875,7.893190741015133e-06
1470,78.69424438476562,190.29840087890625,23.5172119140625,55.349761962890625,1.0150521120522171e-05
1470,400.77447509765625,197.09014892578125,22.57342529296875,53.91070556640625,8.5363099060487e-05
1470,627.8111572265625,215.22357177734375,12.6888427734375,58.2896728515625,4.917966634820914e-06
1470,601.103515625,362.215576171875,39.396484375,118.284423828125,2.955989202746423e-06
1500,385.09326171875,194.33340454101562,22.4814453125,55.195220947265625,1.2099856576242018e-05
1500,378.0259704589844,197.80238342285156,23.976806640625,57.829132080078125,7.016158633632585e-06
1500,391.86669921875,199.2916259765625,21.87811279296875,52.764556884765625,6.9364364208013285e-06
1500,616.9505615234375,204.6575469970703,21.8980712890625,51.55279541015625,6.606159149669111e-05
1500,626.2739868164062,210.3001251220703,14.22601318359375,57.71470642089844,2.3558275643154047e-05
1500,570.7756958007812,214.88876342773438,21.9837646484375,51.65496826171875,2.376986458330066e-06
1530,360.5374450683594,178.91598510742188,25.44305419921875,62.181610107421875,2.842739377229009e-06
1530,373.01861572265625,186.01821899414062,24.35772705078125,57.6649169921875,0.0002874840865842998
1530,381.9697265625,187.64927673339844,21.3367919921875,50.92578125,1.241334530277527e-06
1530,347.0755310058594,190.258544921875,23.44073486328125,55.08203125,6.252023013075814e-06
1530,355.69384765625,194.17477416992188,21.588134765625,50.898681640625,0.00019896125013474375
1530,364.4296569824219,179.1068115234375,34.75164794921875,83.25762939453125,7.236894816742279e-07
1530,365.71502685546875,191.6439208984375,24.869384765625,58.174041748046875,0.9920362830162048
1530,360.5260314941406,199.95217895507812,23.3817138671875,57.63330078125,9.442970622330904e-06
1560,503.7190246582031,50.0057373046875,91.59671020507812,222.07583618164062,8.145245828927727e-07
1560,352.82080078125,183.37770080566406,22.11846923828125,53.183258056640625,6.544742518599378e-06
1560,401.1358337402344,188.8159942626953,22.80108642578125,54.028472900390625,1.2042609341733623e-05
1560,447.97137451171875,190.82199096679688,22.701904296875,52.6102294921875,3.2200747227761894e-05
1560,345.58819580078125,187.34173583984375,21.4892578125,50.759918212890625,3.058058382521267e-06
1560,359.722412109375,188.31886291503906,21.50006103515625,51.24859619140625,7.034409009065712e-06
1560,455.81695556640625,191.6015167236328,20.98248291015625,50.88165283203125,1.221439288201509e-05
1560,627.259521484375,209.6396026611328,13.240478515625,51.58378601074219,4.992717094864929e-06
1590,339.0815124511719,175.50120544433594,21.77593994140625,51.583526611328125,0.060531098395586014
1590,351.0556335449219,177.75457763671875,20.44500732421875,51.524810791015625,5.030839474784443e-06
1590,343.523193359375,184.27696228027344,21.58331298828125,51.1341552734375,2.5636729333200492e-05
1620,626.4675903320312,68.80790710449219,14.03240966796875,56.21543884277344,4.0909322706284e-05
1620,9.562592506408691,163.5221405029297,21.567779541015625,50.519256591796875,7.314894173759967e-05
1620,2.0759401321411133,167.39346313476562,22.56753158569336,52.6549072265625,9.848091394815128e-06
1620,0.0,171.43824768066406,16.37657928466797,60.947418212890625,2.2639376311417436e-06
1620,0.0,146.64035034179688,23.075119018554688,105.828125,4.485716999624856e-06
1620,4.025866508483887,166.72247314453125,31.01907730102539,73.97207641601562,0.000157726724864915
1620,13.957834243774414,170.46115112304688,26.078725814819336,62.025390625,1.2665174836001825e-05
1620,434.0956115722656,186.49452209472656,21.1490478515625,51.840850830078125,0.00015269173309206963
1620,602.5360717773438,362.72259521484375,37.96392822265625,117.77740478515625,4.801908289664425e-06
1650,607.8046264648438,55.973609924316406,32.69537353515625,146.76950073242188,5.92034211877035e-06
1650,587.986083984375,31.191009521484375,52.513916015625,237.90496826171875,1.4589821148547344e-05
1650,611.2637329101562,406.9515686035156,29.23626708984375,73.54843139648438,8.365426765521988e-06
1650,601.5781860351562,362.6458740234375,38.92181396484375,117.8541259765625,6.265637239266653e-06
1650,579.7858276367188,322.17608642578125,60.71417236328125,158.32391357421875,5.730854354624171e-06
1710,627.4282836914062,196.4403533935547,13.07171630859375,50.915740966796875,6.769592800992541e-06
1710,626.6569213867188,215.1068115234375,13.84307861328125,57.153961181640625,2.4894382022466743e-06
1770,499.8352966308594,171.81509399414062,33.106597900390625,77.66326904296875,1.5408368199132383e-05
1770,8.027348518371582,185.81309509277344,24.009998321533203,57.498321533203125,5.380823949963087e-06
1770,16.546302795410156,186.2529296875,23.403499603271484,54.411834716796875,4.6917198233131785e-06
1770,507.5509948730469,188.1907958984375,22.032257080078125,52.82025146484375,0.9972903728485107
1770,444.94012451171875,153.26162719726562,129.49853515625,274.28887939453125,3.911484327545622e-06
1770,517.2464599609375,189.9275665283203,21.6070556640625,52.355224609375,0.00022417513537220657
1770,501.09814453125,193.89683532714844,20.9921875,50.709228515625,0.0003734371275641024
1770,627.4566040039062,202.8878936767578,13.04339599609375,51.001739501953125,3.589308471418917e-05
1770,600.4321899414062,367.9041748046875,40.06781005859375,112.5958251953125,5.631637122860411e-06
1770,579.6449584960938,328.51080322265625,60.85504150390625,151.98919677734375,2.5906804239639314e-06
1800,530.0068359375,176.39639282226562,25.411865234375,60.942291259765625,3.771168121602386e-05
1800,493.93328857421875,109.72840118408203,94.91015625,243.47503662109375,6.986359949223697e-06
1800,616.5916137695312,191.37252807617188,23.90838623046875,55.828369140625,4.412443104229169e-06
1800,135.53964233398438,193.87425231933594,23.158599853515625,53.574859619140625,0.0001597713999217376
1800,144.13819885253906,192.69100952148438,20.49127197265625,51.203338623046875,8.316379535244778e-06
1800,537.7969360351562,187.13717651367188,24.2783203125,57.95855712890625,0.9966034889221191
1800,524.091796875,164.5595245361328,48.055419921875,102.91703796386719,9.751743164088111e-07
1800,478.4802551269531,150.64698791503906,125.71029663085938,275.47021484375,5.885019163542893e-06
1800,546.2835693359375,185.27493286132812,25.2105712890625,60.499267578125,0.00018562425975687802
1800,119.95222473144531,197.94699096679688,23.599761962890625,56.746368408203125,1.2511010936577804e-05
1800,130.0585174560547,197.58026123046875,20.96319580078125,50.910064697265625,7.689344784012064e-05
1800,626.48876953125,201.48707580566406,14.01123046875,54.465972900390625,0.00010470899724168703
1800,113.30661010742188,205.45220947265625,21.47174072265625,50.70587158203125,6.846491032774793e-06
1800,530.3235473632812,197.1382598876953,22.3397216796875,55.64642333984375,4.085657565155998e-06
1800,626.4370727539062,222.3326416015625,14.06292724609375,50.887359619140625,5.881305241928203e-06
1800,601.7179565429688,360.22540283203125,38.78204345703125,120.27459716796875,4.213271495245863e-06
1830,571.7821044921875,187.81698608398438,21.5718994140625,51.888702392578125,0.002380874240770936
1830,93.2897720336914,191.16641235351562,23.271347045898438,55.524200439453125,1.2873688319814391e-05
1830,564.3072509765625,192.3313751220703,25.733154296875,61.507843017578125,4.724482278106734e-05
1830,574.7210693359375,190.97930908203125,25.810791015625,61.906982421875,0.9998509883880615
1830,587.1209716796875,190.44354248046875,25.983642578125,60.53515625,0.0005519220721907914
1830,627.530029296875,195.87184143066406,12.969970703125,50.94879150390625,3.0671970307594165e-05
1830,74.52931213378906,198.61587524414062,21.877670288085938,52.019683837890625,8.14978702692315e-05
1830,87.15988159179688,194.08087158203125,21.765914916992188,51.90380859375,0.0007273360970430076
1830,563.8858032226562,173.5146026611328,45.7857666015625,102.41795349121094,1.1098182994828676e-06
1830,523.2117919921875,160.7750244140625,117.2882080078125,268.0040283203125,9.72241764429782e-07
1830,78.97888946533203,197.12936401367188,26.05023193359375,60.63433837890625,2.0694049453595653e-05
1830,583.1107788085938,201.29296875,22.472900390625,52.553863525390625,0.0002952764625661075
1830,570.3853149414062,204.78289794921875,22.964111328125,56.70635986328125,0.00021660291531588882
1830,602.312255859375,361.2940368652344,38.187744140625,119.20596313476562,7.331715096370317e-06
