60,33.86821365356445,204.1796417236328,22.375411987304688,51.971099853515625,2.3278273886262468e-07
60,40.92989730834961,206.2795867919922,21.97747039794922,53.44468688964844,8.357137062375841e-07
120,627.4940185546875,193.55941772460938,13.0059814453125,50.82421875,5.48287462152075e-05
150,127.51274871826172,178.22413635253906,23.30982208251953,55.85784912109375,6.608367471017118e-07
180,0.0,182.71629333496094,14.96682357788086,56.61810302734375,9.500861779088154e-06
210,593.6319580078125,186.87974548339844,22.405029296875,51.931304931640625,4.109200745006092e-06
210,600.825927734375,184.68310546875,22.5567626953125,52.4395751953125,2.330144752704655e-06
210,627.18017578125,188.62393188476562,13.31982421875,58.858795166015625,2.1398021999630146e-05
330,387.2711181640625,175.39170837402344,21.98309326171875,52.749847412109375,2.4032769943005405e-06
330,399.0088195800781,173.80307006835938,21.9337158203125,51.707977294921875,2.4071880488918396e-06
330,627.3961181640625,193.99221801757812,13.1038818359375,55.82745361328125,7.422568614856573e-06
360,17.99212646484375,159.46932983398438,21.853511810302734,53.44342041015625,3.0689319828525186e-05
360,0.0,164.77037048339844,14.043787002563477,51.382293701171875,1.3149459846317768e-05
360,13.386164665222168,160.8262939453125,32.04265213012695,75.900634765625,0.0071380287408828735
360,28.337570190429688,161.80706787109375,27.21661376953125,64.73626708984375,0.00020598540140781552
360,39.529624938964844,165.67776489257812,21.27050018310547,51.155548095703125,7.839242607587948e-05
360,0.0,125.21905517578125,31.23408317565918,135.55435180664062,2.5203039513144176e-06
360,0.06116962432861328,167.22427368164062,26.72998809814453,61.8433837890625,1.107783737097634e-05
360,9.177821159362793,168.81072998046875,25.12517547607422,60.601226806640625,0.0004856462765019387
360,5.458702087402344,140.3116912841797,46.185123443603516,107.81390380859375,5.541060545510845e-06
360,113.72776794433594,169.01007080078125,22.477264404296875,54.216094970703125,4.9449754442321137e-05
360,453.6172180175781,170.343017578125,22.617919921875,52.848236083984375,3.80987262360577e-06
360,23.287954330444336,173.8698272705078,22.96903419494629,53.825439453125,0.00014256977010518312
360,117.3875961303711,172.27435302734375,26.015357971191406,63.860626220703125,0.00013156388013157994
360,446.86041259765625,175.14141845703125,23.12078857421875,54.51904296875,0.00013738816778641194
360,577.399658203125,187.48846435546875,22.8133544921875,54.948699951171875,0.00023924712149892002
360,0.0,183.16839599609375,13.953611373901367,51.796630859375,9.483138455834705e-06
360,0.0,99.62476348876953,49.305545806884766,226.80621337890625,5.762712589785224e-06
360,104.92862701416016,163.47532653808594,37.211997985839844,93.87342834472656,3.831450158031657e-06
360,591.0972290039062,188.8521728515625,22.9732666015625,54.88623046875,1.5411351341754198e-05
360,1.2670669555664062,188.25892639160156,21.451221466064453,52.156463623046875,3.16822956847318e-06
360,30.70800018310547,182.7591094970703,23.38892364501953,56.1778564453125,5.9787607824546285e-06
360,607.63330078125,191.4882049560547,24.4017333984375,56.81500244140625,1.1378509043424856e-05
360,627.287109375,194.9690704345703,13.212890625,51.17718505859375,2.046693225565832e-05
360,15.573833465576172,186.63162231445312,24.006423950195312,59.02667236328125,4.313279987400165e-06
360,583.2593383789062,194.9216766357422,22.2823486328125,52.59454345703125,7.238583748403471e-06
360,601.0100708007812,199.90283203125,21.204833984375,50.59307861328125,1.3714521628571674e-05
360,617.0127563476562,198.3538818359375,23.48724365234375,55.50762939453125,1.0703386578825302e-05
390,527.948974609375,174.93634033203125,58.45556640625,131.86187744140625,2.189177212130744e-05
390,507.23529052734375,127.85779571533203,91.418701171875,223.37405395507812,5.040424639446428e-06
420,0.9291868209838867,170.12313842773438,21.974422454833984,52.3028564453125,6.561966074514203e-06
420,5.2965497970581055,177.5384521484375,24.893138885498047,59.99859619140625,4.851588164456189e-05
420,0.0,182.05075073242188,16.702373504638672,53.577606201171875,0.00015357295342255384
420,551.3640747070312,178.2246856689453,22.7193603515625,53.27178955078125,1.2470865840441547e-05
420,627.8574829101562,186.06094360351562,12.64251708984375,51.12451171875,4.7071685003174935e-06
420,0.0,132.15664672851562,41.49483871459961,220.18838500976562,4.297021860111272e-06
420,2.1362380981445312,191.91900634765625,22.200857162475586,52.732940673828125,0.0027544519398361444
420,13.48522663116455,190.60182189941406,21.543777465820312,52.810455322265625,2.125069840985816e-06
420,0.0,199.3607940673828,16.68842315673828,61.20719909667969,3.085841308347881e-05
420,0.0,177.9529266357422,23.953125,97.37086486816406,2.355061769776512e-05
450,583.7716674804688,170.96780395507812,23.761962890625,55.546173095703125,3.4619824873516336e-05
450,599.2470703125,170.80996704101562,24.008056640625,55.42547607421875,0.00010182976257055998
450,612.3789672851562,124.49681091308594,28.12103271484375,134.88148498535156,1.3122075870342087e-05
450,582.3428955078125,173.0160369873047,32.4849853515625,78.0567626953125,0.005652035120874643
450,592.7824096679688,178.53890991210938,22.9010009765625,52.544189453125,3.80774617951829e-05
450,578.8565673828125,154.95912170410156,45.8548583984375,111.45115661621094,2.4367305741179734e-05
450,593.883056640625,172.02261352539062,33.4344482421875,78.30868530273438,0.03758697211742401
450,613.6918334960938,175.36614990234375,26.80816650390625,61.481231689453125,9.804515138966963e-05
450,626.4481201171875,178.25057983398438,14.0518798828125,53.87078857421875,1.5867286492721178e-05
450,0.0,184.44094848632812,15.376760482788086,55.159576416015625,5.530976523004938e-06
450,577.4108276367188,181.05880737304688,27.13720703125,63.397979736328125,7.05726188243716e-06
450,604.9848022460938,177.48072814941406,27.434326171875,65.193603515625,0.00013515788305085152
450,591.4279174804688,145.59005737304688,48.5465087890625,118.44546508789062,5.958286237728316e-06
450,588.869873046875,109.85094451904297,51.630126953125,231.33535766601562,1.1383088349248283e-05
450,601.4456787109375,187.95887756347656,22.5853271484375,51.42437744140625,7.059362360450905e-06
450,615.6419067382812,194.94171142578125,22.3721923828125,53.494659423828125,2.1571049728663638e-05
450,626.1624145507812,198.2690887451172,14.33758544921875,51.875030517578125,1.2691049050772563e-05
480,626.6127319335938,160.92462158203125,13.88726806640625,55.989898681640625,8.950197297963314e-06
480,8.837725639343262,193.74774169921875,22.97293472290039,54.283172607421875,5.149846856511431e-06
480,627.7107543945312,217.93399047851562,12.78924560546875,50.7127685546875,5.365952347347047e-06
540,628.2589111328125,186.22702026367188,12.2410888671875,50.73492431640625,9.741363101056777e-06
570,82.49283599853516,180.6881866455078,21.55816650390625,51.49981689453125,7.801032552379183e-06
570,369.0213317871094,183.40716552734375,21.7340087890625,51.10333251953125,4.589372792906943e-07
570,627.7693481445312,180.6458282470703,12.73065185546875,50.558685302734375,1.7750429833540693e-05
570,628.3555908203125,197.5371551513672,12.1444091796875,58.386688232421875,3.3848837119876407e-06
600,106.43046569824219,188.90097045898438,20.672821044921875,51.274749755859375,1.1540919331309851e-06
600,627.8496704101562,210.15663146972656,12.65032958984375,50.83702087402344,7.04482181390631e-06
630,393.686767578125,151.12245178222656,23.74273681640625,55.450103759765625,1.2125952707719989e-05
630,451.776611328125,143.75628662109375,32.85498046875,78.22451782226562,8.462952791887801e-06
630,249.6131591796875,167.7554931640625,21.34881591796875,50.78228759765625,6.3648894865764305e-06
630,0.0,185.62608337402344,14.726094245910645,54.1141357421875,2.033242026300286e-06
690,232.50979614257812,146.59829711914062,21.8787841796875,51.24212646484375,1.0186644431087188e-05
750,286.35162353515625,115.569091796875,25.6036376953125,59.131988525390625,0.00014837807975709438
750,280.42449951171875,106.29632568359375,35.24407958984375,87.58578491210938,1.939830144692678e-05
750,294.60723876953125,123.0851821899414,22.9722900390625,55.210105895996094,3.3241060464206384e-06
750,224.25152587890625,136.26889038085938,22.662567138671875,52.913604736328125,7.923780685814563e-06
750,217.14382934570312,141.10154724121094,23.285552978515625,55.42926025390625,8.865536074154079e-06
780,504.2032775878906,127.72639465332031,24.008453369140625,56.192535400390625,3.011440821865108e-05
780,296.49566650390625,127.8354263305664,20.8560791015625,51.00591278076172,4.562605681712739e-06
780,512.0094604492188,132.57479858398438,22.1243896484375,51.460296630859375,0.0001564723061164841
780,519.7060546875,134.20655822753906,21.3731689453125,51.610504150390625,7.373365860985359e-06
780,506.8970031738281,127.53768157958984,30.913421630859375,74.66931915283203,2.6232942218484823e-06
780,0.0,339.2729187011719,57.942176818847656,141.22708129882812,2.29775469051674e-06
780,601.7211303710938,362.30657958984375,38.77886962890625,118.19342041015625,9.153001883532852e-06
810,627.197509765625,272.0140380859375,13.302490234375,52.9593505859375,1.0873649443965405e-05
810,601.3941040039062,362.2833557128906,39.10589599609375,118.21664428710938,3.848618689517025e-06
840,626.417236328125,131.74644470214844,14.082763671875,58.88372802734375,6.156115432531806e-06
840,618.2754516601562,147.2240447998047,22.22454833984375,57.18902587890625,1.82764015335124e-05
840,31.843669891357422,150.2075653076172,22.41565704345703,52.6932373046875,5.456116468849359e-06
840,208.33714294433594,154.7091827392578,22.880401611328125,53.12750244140625,1.2605695701495279e-05
840,627.4859619140625,157.895751953125,13.0140380859375,51.338623046875,0.0006511862738989294
840,592.07666015625,83.58765411376953,48.42333984375,242.89306640625,8.972528121375944e-06
840,613.1619873046875,127.42291259765625,27.3380126953125,121.33578491210938,1.4077139894652646e-05
840,622.4564819335938,157.6322784423828,18.04351806640625,76.683349609375,6.006780677125789e-05
840,626.024169921875,184.0477752685547,14.475830078125,65.61517333984375,6.031510110915406e-06
840,620.6161499023438,426.0231628417969,19.88385009765625,54.476837158203125,6.118283181422157e-06
840,610.3526000976562,407.888916015625,30.14739990234375,72.611083984375,5.684629741153913e-06
840,598.5206298828125,360.79425048828125,41.9793701171875,119.70574951171875,4.766157417179784e-06
870,0.0,145.73419189453125,16.56521224975586,57.15875244140625,3.5886216664948734e-06
870,192.55487060546875,147.07382202148438,21.966888427734375,51.44970703125,6.547256634803489e-05
870,0.26819801330566406,161.80404663085938,22.884851455688477,54.949066162109375,2.337136356800329e-05
870,194.21226501464844,143.53785705566406,31.100006103515625,75.79241943359375,1.8192872630606871e-06
870,191.86911010742188,163.2688446044922,21.939727783203125,52.25341796875,3.7249690194585128e-06
900,583.9862670898438,111.76226043701172,21.3936767578125,51.153175354003906,0.020365741103887558
900,591.3955078125,120.92286682128906,21.6890869140625,52.647003173828125,2.9174946121202083e-06
900,569.2589721679688,129.0406951904297,21.3792724609375,51.25860595703125,1.3228499483375344e-05
900,577.2617797851562,122.14651489257812,23.5211181640625,57.171661376953125,1.1521045962581411e-05
900,561.2412719726562,130.70623779296875,32.4886474609375,81.47921752929688,1.86520137503976e-05
900,0.0,163.450927734375,16.03909683227539,53.948455810546875,8.26221366878599e-06
900,501.50787353515625,95.76466369628906,99.77978515625,241.9601287841797,5.283104201225797e-06
900,531.115478515625,112.67102813720703,100.005859375,240.9725341796875,4.071017428941559e-06
900,500.75048828125,218.80740356445312,32.0518798828125,78.020263671875,8.403418974012311e-07
930,626.4566040039062,107.07491302490234,14.04339599609375,51.04309844970703,5.8143254136666656e-05
930,616.6063842773438,113.24958801269531,23.6180419921875,55.239990234375,7.339123840210959e-06
930,627.0006103515625,126.85562133789062,13.4993896484375,55.87310791015625,1.3935699826106429e-05
930,1.4345178604125977,168.24977111816406,21.50235366821289,50.852996826171875,2.155731272068806e-05
930,7.434170722961426,171.7840576171875,23.923255920410156,57.779083251953125,1.779005106072873e-05
930,24.916419982910156,168.20314025878906,21.879127502441406,52.48907470703125,0.0006920224404893816
930,17.581565856933594,171.9534912109375,21.835391998291016,53.178314208984375,7.394708518404514e-05
930,16.896089553833008,157.30709838867188,35.366233825683594,82.74041748046875,2.491611667210236e-06
930,0.0,181.2745819091797,15.977560043334961,55.6566162109375,6.190912245074287e-05
930,0.0,157.35678100585938,23.44390106201172,98.39779663085938,5.749450792791322e-06
930,0.0,109.26862335205078,49.039085388183594,227.2001953125,4.329435341787757e-06
930,30.028076171875,173.7535400390625,25.51763916015625,59.193695068359375,3.450802068982739e-06
930,627.7251586914062,271.9207458496094,12.77484130859375,53.63916015625,8.229837476392277e-06
960,613.5399169921875,102.36314392089844,26.2427978515625,61.854095458984375,0.00010563607793301344
960,624.8516845703125,97.20797729492188,15.6483154296875,62.04899597167969,1.4893417755956762e-05
960,601.9862670898438,115.17513275146484,22.6368408203125,54.37421417236328,9.02239844435826e-06
960,607.9308471679688,113.97718811035156,25.828125,59.3453369140625,0.0003574838337954134
960,605.7974243164062,95.97169494628906,34.70257568359375,95.33056640625,2.3102806153474376e-05
960,626.1084594726562,119.83485412597656,14.39154052734375,53.701629638671875,1.4064056813367642e-05
960,621.0391845703125,107.51115417480469,19.4608154296875,79.8096923828125,1.0022100468631834e-05
960,593.4494018554688,48.380126953125,47.05059814453125,227.97152709960938,1.6625082935206592e-05
960,597.334228515625,114.40774536132812,33.3509521484375,78.06793212890625,8.867513315635733e-06
960,609.5858764648438,400.3626708984375,30.91412353515625,80.1373291015625,4.319372692407342e-06
960,599.6054077148438,359.69989013671875,40.89459228515625,120.80010986328125,1.4213183021638542e-05
990,425.3770446777344,143.6435546875,21.33087158203125,51.042236328125,1.724209141684696e-05
990,627.330810546875,149.51942443847656,13.169189453125,58.098602294921875,9.712079190649092e-06
990,0.0,213.35061645507812,15.435582160949707,57.186065673828125,4.298017756809713e-06
990,0.0,337.52215576171875,59.647727966308594,142.97784423828125,5.139592303748941e-06
990,610.8748779296875,410.07305908203125,29.6251220703125,70.42694091796875,5.1760507631115615e-06
990,598.8427734375,362.5060729980469,41.6572265625,117.99392700195312,4.5500173655455e-06
1020,527.30517578125,146.0980224609375,87.93359375,212.42071533203125,0.0001595635840203613
1020,558.2249755859375,156.09996032714844,65.954345703125,157.41481018066406,2.8188558189867763e-06
1020,534.7640380859375,168.26068115234375,60.5137939453125,144.41165161132812,0.0004556899657472968
1020,0.0,339.17041015625,57.2415771484375,141.32958984375,2.5580527562851785e-06
1020,618.8822631835938,426.80377197265625,21.61773681640625,53.69622802734375,1.6833877225508331e-06
1020,609.8422241210938,403.12744140625,30.65777587890625,77.37255859375,6.713601123919943e-06
1020,597.70068359375,359.58367919921875,42.79931640625,120.91632080078125,4.675953459809534e-05
1050,625.7539672851562,120.38481140136719,14.74603271484375,56.110595703125,9.6533967735013e-06
1050,617.2982177734375,134.53494262695312,21.214599609375,51.662933349609375,7.428361186612165e-06
1050,626.9435424804688,145.20513916015625,13.55645751953125,51.06231689453125,5.732521458412521e-06
1080,600.3292846679688,244.82192993164062,24.9622802734375,56.6123046875,3.4623856208781945e-06
1080,607.8986206054688,251.14010620117188,24.0540771484375,55.35784912109375,3.732614686668967e-06
1080,615.5673828125,257.6109313964844,24.2200927734375,54.936279296875,6.615022357436828e-06
1080,627.1510009765625,257.8077392578125,13.3489990234375,52.54779052734375,1.480074570281431e-05
1140,600.1066284179688,115.2735366821289,21.5125732421875,52.157310485839844,1.0717248187575024e-05
1140,615.9390258789062,113.2437744140625,24.56097412109375,68.36660766601562,5.440223048935877e-06
1140,626.2162475585938,118.17953491210938,14.28375244140625,53.93939208984375,0.0004750845255330205
1140,564.4091186523438,13.022552490234375,76.09088134765625,318.8756408691406,2.3066070298227714e-06
1140,594.88525390625,122.94534301757812,21.5341796875,50.962921142578125,5.4662934417137876e-05
1170,590.7783203125,60.43714141845703,49.7216796875,242.32293701171875,7.953533895488363e-06
1170,563.79931640625,29.271713256835938,76.70068359375,320.75634765625,1.803050508897286e-05
1170,625.7208251953125,141.85928344726562,14.7791748046875,55.216796875,0.00027059036074206233
1170,617.158935546875,121.24595642089844,23.341064453125,93.54998779296875,5.784792392660165e-06
1170,626.9877319335938,167.21255493164062,13.51226806640625,52.439300537109375,3.929847025574418e-06
1200,609.1622924804688,153.83763122558594,21.367431640625,51.989654541015625,2.6730344870884437e-06
1200,617.00927734375,155.13584899902344,21.798095703125,52.304534912109375,1.2089835763617884e-05
1200,626.4337768554688,150.1051483154297,14.06622314453125,56.967742919921875,4.004230140708387e-05
1200,599.970703125,162.80621337890625,22.46044921875,54.111053466796875,0.00020128801406826824
1200,48.938758850097656,181.79249572753906,22.178611755371094,52.167633056640625,2.157372364308685e-05
1200,593.0953979492188,169.34071350097656,25.2008056640625,60.95318603515625,1.009350125968922e-05
1200,627.4830322265625,224.1918487548828,13.0169677734375,50.79457092285156,4.262736638338538e-06
1230,627.6890869140625,163.01495361328125,12.8109130859375,51.50518798828125,3.171411663061008e-05
1230,623.3432006835938,152.6397705078125,17.15679931640625,76.42083740234375,7.0763144321972504e-06
1230,627.6080322265625,186.16432189941406,12.8919677734375,50.804656982421875,6.862459940748522e-06
1230,0.20403480529785156,200.99510192871094,22.92938995361328,55.200164794921875,5.700036126654595e-06
1230,7.63646125793457,200.65379333496094,23.237777709960938,56.11360168457031,1.5764542695251293e-05
1230,14.91846752166748,200.19093322753906,23.536243438720703,55.4661865234375,2.8681163257715525e-06
1290,610.2225341796875,159.68429565429688,20.719970703125,50.54644775390625,1.7819463664636714e-06
1290,601.96826171875,162.21307373046875,20.6922607421875,50.59942626953125,7.478978659491986e-06
1320,626.9229736328125,160.3653564453125,13.5770263671875,55.714996337890625,3.3891219572979026e-06
1320,33.12290954589844,174.89344787597656,22.15564727783203,52.23529052734375,0.000424496567575261
1320,217.12950134277344,174.6798858642578,21.98565673828125,52.626739501953125,1.0872819984797388e-05
1320,224.0778045654297,173.29544067382812,22.85418701171875,52.9892578125,7.229442417155951e-06
1320,0.0,176.7177276611328,15.563499450683594,55.531982421875,8.160444849636406e-06
1320,0.0,100.73458862304688,49.41585922241211,232.10592651367188,3.771768660953967e-06
1320,8.966766357421875,177.74658203125,21.66126251220703,51.64605712890625,1.824085757107241e-06
1320,169.1667022705078,181.6232147216797,22.250091552734375,52.206634521484375,7.856961019570008e-06
1320,40.679420471191406,180.93792724609375,22.979690551757812,54.486328125,0.00013746156764682382
1350,442.41949462890625,156.88572692871094,21.03704833984375,51.41827392578125,1.48372646435746e-05
1350,96.7247314453125,166.00076293945312,21.481292724609375,51.499725341796875,4.989104581909487e-06
1350,136.71482849121094,167.92860412597656,23.22088623046875,53.21014404296875,3.1568491976941004e-05
1350,594.4308471679688,167.52281188964844,20.5869140625,50.776824951171875,2.5118097255472094e-06
1350,99.62711334228516,164.68508911132812,31.407936096191406,73.80441284179688,3.9509974158136174e-05
1350,110.97679138183594,172.07127380371094,21.651962280273438,52.897247314453125,6.220620434760349e-06
1350,152.1136016845703,172.06964111328125,22.5374755859375,53.2286376953125,6.954193850106094e-06
1350,89.08688354492188,175.99635314941406,25.560577392578125,59.20361328125,2.3167438030213816e-06
1350,104.20171356201172,180.6593017578125,22.195220947265625,52.542724609375,4.582985275192186e-05
1350,142.8058624267578,172.8128204345703,24.11383056640625,55.512786865234375,8.319918379129376e-06
1350,96.44588470458984,185.17489624023438,24.2857666015625,55.9693603515625,9.612194844521582e-06
1380,611.9262084960938,165.07586669921875,22.1832275390625,52.0430908203125,7.40752102501574e-06
1380,617.2203979492188,170.99462890625,22.440185546875,52.760406494140625,4.142896068515256e-05
1380,626.965087890625,177.8695526123047,13.534912109375,59.307525634765625,2.476419831509702e-05
1410,576.2676391601562,171.47140502929688,21.1915283203125,51.632843017578125,1.493845229560975e-05
1410,555.1939697265625,173.54432678222656,22.404052734375,52.028594970703125,5.21372894581873e-05
1410,627.080078125,168.52874755859375,13.419921875,57.838470458984375,2.535924750191043e-06
1410,178.7448272705078,187.221435546875,20.956298828125,51.00189208984375,1.7626343833399005e-05
1410,562.1212158203125,180.6436767578125,22.217529296875,52.478057861328125,0.016727229580283165
1410,569.2788696289062,179.22341918945312,21.9755859375,52.369110107421875,0.0005171112716197968
1440,627.4415893554688,194.41278076171875,13.05841064453125,51.8350830078125,1.1923828424187377e-05
1440,627.7803344726562,216.4828338623047,12.71966552734375,51.35691833496094,4.43101407654467e-06
1440,599.342041015625,358.1691589355469,41.157958984375,122.33084106445312,7.621565600857139e-06
1470,1.5623388290405273,153.7222900390625,21.913753509521484,52.64324951171875,4.093676034244709e-05
1470,8.818997383117676,157.55258178710938,21.099563598632812,50.80548095703125,1.840483491832856e-05
1470,0.0,73.22383117675781,62.543724060058594,320.61871337890625,7.481739885406569e-06
1470,0.0,162.5110321044922,15.712748527526855,55.585906982421875,6.935153123777127e-06
1500,0.0,145.54666137695312,14.734670639038086,50.510009765625,2.349974920434761e-06
1500,47.97288513183594,148.1377410888672,22.66339874267578,55.859832763671875,4.159664513281314e-06
1500,6.408953666687012,154.96917724609375,23.96857452392578,58.59710693359375,7.820420250936877e-06
1500,0.0,160.8870849609375,16.685930252075195,51.104766845703125,0.00022540881764143705
1500,0.0,95.0240707397461,47.996376037597656,224.80209350585938,8.590897778049111e-06
1500,0.0,131.1430206298828,27.719276428222656,112.7294921875,2.640215598148643e-06
1500,1.8348665237426758,166.14163208007812,22.342971801757812,53.378570556640625,0.04696432128548622
1500,27.552623748779297,162.4134979248047,21.718429565429688,51.569732666015625,7.680551789235324e-06
1500,39.82941436767578,153.6070556640625,28.091087341308594,66.1016845703125,3.061570896534249e-05
1500,0.0,86.48675537109375,108.45747375488281,299.06646728515625,2.3491390948038315e-06
1500,13.221572875976562,165.2152557373047,23.740245819091797,55.981475830078125,2.64429991148063e-06
1500,34.09965133666992,164.07537841796875,21.684707641601562,52.228912353515625,8.378480742976535e-06
1500,627.1082763671875,169.3557586669922,13.3917236328125,58.259735107421875,4.430523858900415e-06
1500,0.0,175.6923370361328,16.820537567138672,57.749725341796875,2.2248979803407565e-05
1500,4.252553939819336,174.93914794921875,29.015779495239258,65.5943603515625,2.8863853458460653e-06
1500,626.0032348632812,192.08505249023438,14.49676513671875,62.236114501953125,3.268220098107122e-06
1500,615.8797607421875,171.33872985839844,24.6202392578125,105.53471374511719,9.870977919490542e-06
1500,592.9508056640625,124.4791259765625,47.5491943359375,234.1968994140625,2.3245949705597013e-05
1560,464.2406005859375,157.9909210205078,34.00616455078125,79.90158081054688,0.0004919292987324297
1560,478.7237243652344,184.67422485351562,26.1705322265625,62.695220947265625,4.412885118654231e-06
1560,469.41546630859375,166.40187072753906,41.026123046875,99.97721862792969,0.0002608543145470321
1560,479.3909912109375,155.73104858398438,49.715087890625,121.7430419921875,5.606625563814305e-07
1560,482.3883056640625,186.72169494628906,33.2169189453125,79.32533264160156,0.00034943927312269807
1560,494.5511169433594,199.8211669921875,23.153778076171875,56.4127197265625,3.87777436117176e-06
1560,489.6989440917969,212.6866912841797,21.41143798828125,51.27790832519531,0.00047098667710088193
1560,496.7385559082031,220.2255401611328,20.605194091796875,50.61375427246094,3.2048676075646654e-05
1590,106.50404357910156,130.87928771972656,21.82684326171875,51.59637451171875,0.5715593099594116
1590,97.93720245361328,114.35406494140625,34.918922424316406,78.965576171875,1.303415842812683e-06
1590,35.950843811035156,55.84571838378906,135.72018432617188,307.67633056640625,4.859034561377484e-06
1590,99.5759506225586,137.74986267089844,21.824066162109375,51.77508544921875,2.4554434276069514e-05
1590,480.7380065917969,179.28060913085938,20.8812255859375,50.546600341796875,3.039865077880677e-06
1590,474.034423828125,183.5944061279297,21.548095703125,52.2694091796875,3.140571834592265e-06
1590,485.8870849609375,183.2516632080078,22.30914306640625,52.227447509765625,3.0460314519586973e-06
1590,478.9420471191406,189.58090209960938,25.35186767578125,59.80316162109375,0.000464453361928463
1590,471.3341979980469,179.33056640625,36.98114013671875,91.18719482421875,1.338997117272811e-05
1590,484.88800048828125,196.04673767089844,26.780029296875,62.59107971191406,4.2998708522645757e-05
