30,0.0,176.17713928222656,16.03862762451172,53.965667724609375,2.12103986996226e-05
180,37.37296676635742,176.623046875,21.217445373535156,51.432373046875,1.9038701793760993e-05
180,47.18558883666992,175.97914123535156,21.20693588256836,51.91156005859375,3.984473096352303e-06
210,0.0,178.67184448242188,14.328662872314453,54.01336669921875,1.075402269634651e-05
240,0.0,178.4759521484375,13.884489059448242,53.11688232421875,5.0985358939215075e-06
270,9.377423286437988,169.6767578125,22.33458709716797,52.740631103515625,2.407446845609229e-05
270,1.6271295547485352,176.40980529785156,21.376667022705078,50.624420166015625,1.528599750599824e-05
270,14.727644920349121,173.1658935546875,24.897613525390625,58.395660400390625,0.0011916402727365494
270,8.100732803344727,160.9995880126953,34.97163391113281,84.384765625,2.1413877675513504e-06
270,23.322341918945312,174.2569122314453,21.704727172851562,51.5350341796875,5.223702100920491e-05
270,0.0,183.39950561523438,13.525583267211914,50.74835205078125,1.466650610382203e-05
270,626.3773193359375,218.40362548828125,14.1226806640625,56.075714111328125,3.32115960191004e-05
300,6.480579376220703,153.2938995361328,28.998153686523438,66.6168212890625,2.2250786059885286e-05
300,14.588652610778809,159.97055053710938,27.469532012939453,65.84283447265625,0.0015076135750859976
300,0.0,160.431884765625,16.602449417114258,60.481719970703125,2.855495949916076e-06
300,23.16753578186035,164.93777465820312,23.167287826538086,53.304107666015625,0.00016951141878962517
300,0.6519975662231445,165.77337646484375,26.794639587402344,62.941986083984375,6.327166829578346e-06
300,0.0,133.25445556640625,33.6170654296875,130.73443603515625,2.0489802409429103e-05
300,21.94390869140625,161.06103515625,32.4998779296875,78.21878051757812,1.477825026086066e-05
300,6.368001937866211,154.02175903320312,41.89501953125,100.23541259765625,0.0002876301878131926
300,0.0,111.0903549194336,70.4482421875,212.51638793945312,4.989923127141083e-06
330,433.6341552734375,178.93515014648438,22.00286865234375,52.7353515625,0.07004215568304062
330,439.3949890136719,184.66986083984375,21.77923583984375,52.723602294921875,1.5653713489882648e-05
330,600.0945434570312,360.1859436035156,40.40545654296875,120.31405639648438,7.036844181129709e-06
360,0.0,152.1798553466797,15.11019229888916,53.501434326171875,7.442451078532031e-06
360,465.8885192871094,173.2628631591797,22.1673583984375,51.870880126953125,1.5675825579819502e-06
360,594.2434692382812,209.2884521484375,21.2998046875,50.743988037109375,7.803859625710174e-05
360,600.5646362304688,213.58407592773438,22.007568359375,52.233184814453125,0.0005737908068113029
360,606.974853515625,211.9962158203125,23.3990478515625,55.193572998046875,9.732806938700378e-05
360,615.8203735351562,213.4676971435547,21.051513671875,50.55659484863281,3.191648647771217e-05
360,591.7135009765625,214.00559997558594,28.634521484375,69.27369689941406,2.370087258896092e-06
360,627.2760009765625,217.5224151611328,13.2239990234375,51.40876770019531,1.1105922567367088e-05
390,0.0,160.7962646484375,15.054854393005371,55.17108154296875,1.4356700376083609e-05
420,131.63697814941406,152.8931427001953,21.119781494140625,50.559051513671875,2.2475032892543823e-05
420,133.40206909179688,149.30288696289062,28.172149658203125,66.27780151367188,1.4900684845997603e-06
420,142.2900848388672,153.197021484375,21.19000244140625,50.884185791015625,2.9241630272736074e-06
420,600.2894897460938,360.60162353515625,40.21051025390625,119.89837646484375,7.82453116698889e-06
420,579.4662475585938,322.25189208984375,61.03375244140625,158.24810791015625,4.794435881194659e-06
480,0.0,162.07720947265625,15.129142761230469,55.197418212890625,4.6245745579653885e-06
480,601.3871459960938,361.74957275390625,39.11285400390625,118.75042724609375,7.583949809486512e-06
510,104.23091125488281,140.3470916748047,22.030654907226562,52.31134033203125,0.07884679734706879
510,138.10342407226562,142.39356994628906,21.55169677734375,50.908233642578125,0.00043337009265087545
510,166.56483459472656,139.22341918945312,21.285736083984375,51.5294189453125,5.9624260757118464e-05
510,0.0,145.18016052246094,15.171110153198242,54.1807861328125,3.633406549852225e-06
510,110.88935089111328,142.1728057861328,22.430519104003906,53.48876953125,9.838419646257535e-05
540,599.607421875,143.21165466308594,25.727294921875,60.243408203125,2.2005135178915225e-05
540,627.162353515625,143.94638061523438,13.337646484375,52.938262939453125,5.530670478037791e-06
540,17.157695770263672,160.83795166015625,21.14693832397461,50.520751953125,2.8214317353558727e-06
540,9.975833892822266,165.44419860839844,21.520397186279297,51.472625732421875,8.700747457623947e-06
540,0.0,167.70448303222656,15.402979850769043,55.6434326171875,8.057262675720267e-06
540,601.8995971679688,361.5710754394531,38.60040283203125,118.92892456054688,5.12211408931762e-06
570,10.670268058776855,153.16525268554688,23.697620391845703,55.285797119140625,2.478385613358114e-05
570,0.0,152.99945068359375,15.017467498779297,55.198822021484375,2.947566372313304e-06
570,17.925540924072266,160.82614135742188,22.088603973388672,52.855010986328125,0.0006431459332816303
570,14.735502243041992,147.8334197998047,34.89234924316406,82.69439697265625,3.311699174446403e-06
570,31.501724243164062,165.76747131347656,21.68359375,51.715972900390625,1.5549681847915053e-05
570,627.2734985351562,169.80459594726562,13.22650146484375,50.50384521484375,9.678276001068298e-06
570,602.0153198242188,361.3094482421875,38.48468017578125,119.1905517578125,4.37278958997922e-06
600,7.138242721557617,161.7086181640625,21.47127914428711,50.853912353515625,0.0006011674413457513
600,0.0,160.12306213378906,15.536337852478027,54.152862548828125,2.144785139535088e-05
600,0.0,66.4854736328125,60.33552551269531,312.18218994140625,3.4324446005484788e-06
630,0.3529033660888672,161.21249389648438,21.436445236206055,52.459197998046875,8.777336915954947e-06
630,16.863178253173828,163.0947265625,21.172313690185547,50.78057861328125,0.00038503448013216257
630,0.0,169.3078155517578,14.640425682067871,52.513885498046875,0.00047826787340454757
630,0.0,130.46450805664062,32.09760284423828,128.77908325195312,5.134424100106116e-06
630,0.0,99.37545776367188,52.006866455078125,238.0609130859375,9.415372915100306e-06
630,9.470765113830566,168.3123016357422,22.143539428710938,54.316070556640625,7.711044418101665e-06
630,0.0,175.60055541992188,18.658245086669922,76.77197265625,4.107637323613744e-06
660,63.768123626708984,167.15676879882812,21.434070587158203,51.090789794921875,0.05809446796774864
660,0.0,176.02645874023438,15.267593383789062,56.949432373046875,5.167350536794402e-06
660,71.29214477539062,170.57603454589844,20.964218139648438,51.788726806640625,4.231274942867458e-06
690,48.56731414794922,168.0139923095703,21.677635192871094,50.615203857421875,0.0002894535136874765
690,0.0,176.60269165039062,15.586427688598633,52.600830078125,2.874373967642896e-05
690,39.48328399658203,164.45030212402344,27.86815643310547,65.77456665039062,2.776784413072164e-06
690,55.074363708496094,171.59390258789062,22.247177124023438,54.052154541015625,7.049217174426303e-07
720,23.466991424560547,165.9523468017578,21.1263427734375,50.56915283203125,7.385666685877368e-05
720,627.6994018554688,159.739501953125,12.80059814453125,56.31939697265625,2.477035877745948e-06
720,0.0,168.18447875976562,15.158613204956055,54.925872802734375,4.0574054764874745e-06
750,0.0,168.98855590820312,14.583003997802734,54.67425537109375,4.843831266043708e-05
750,0.0,145.72586059570312,21.915714263916016,98.0272216796875,5.1418332986941095e-06
750,577.4579467773438,218.3941650390625,21.883056640625,52.302276611328125,1.2381905435177032e-05
750,583.6611328125,225.191650390625,21.768798828125,51.248443603515625,0.0011951887281611562
750,590.5798950195312,222.33950805664062,24.9375,57.560272216796875,2.508151919755619e-05
750,602.5414428710938,223.2772216796875,21.7623291015625,52.701904296875,0.00011705811630235985
750,599.838623046875,209.48219299316406,35.90869140625,87.52589416503906,6.2177377913030796e-06
750,607.489501953125,229.06869506835938,23.2369384765625,53.31475830078125,0.0016849113162606955
750,627.5615234375,233.74501037597656,12.9384765625,50.95640563964844,1.2942155080963857e-05
750,615.6790161132812,235.1306610107422,23.2542724609375,54.39051818847656,3.406335599720478e-05
780,627.3167114257812,223.1890106201172,13.18328857421875,54.49803161621094,2.0235534975654446e-05
780,617.9398803710938,228.67861938476562,21.845703125,52.32373046875,6.181584012665553e-06
780,601.9608764648438,360.4566955566406,38.53912353515625,120.04330444335938,6.957297955523245e-06
810,627.8609008789062,129.6659698486328,12.63909912109375,54.614166259765625,7.346301572397351e-06
810,600.5702514648438,135.1742401123047,22.043212890625,51.0191650390625,4.165246537013445e-06
810,384.0377197265625,166.18374633789062,22.01910400390625,52.1595458984375,3.4418982977513224e-05
810,392.3565673828125,166.90736389160156,21.11322021484375,51.951751708984375,3.605853407862014e-06
810,378.2656555175781,172.4918975830078,20.9287109375,50.69415283203125,6.892676537972875e-06
810,610.9348754882812,405.6135559082031,29.56512451171875,74.88644409179688,5.112236522109015e-06
810,601.457763671875,363.76971435546875,39.042236328125,116.73028564453125,1.0472000212757848e-05
810,580.6470947265625,326.3462829589844,59.8529052734375,154.15371704101562,4.294334303267533e-06
840,0.0,169.50831604003906,14.304119110107422,54.6990966796875,7.35517551220255e-06
840,601.74365234375,362.1062927246094,38.75634765625,118.39370727539062,1.2164336112618912e-05
870,627.0916748046875,24.99431800842285,13.4083251953125,52.603614807128906,3.984503109677462e-06
870,626.9270629882812,155.13873291015625,13.57293701171875,55.507537841796875,1.5732285874037188e-06
870,0.0,170.9254913330078,15.941086769104004,56.434112548828125,6.982336344663054e-06
870,624.7252197265625,173.64476013183594,15.7747802734375,62.43719482421875,0.00013072566071059555
870,618.8983764648438,155.53189086914062,21.60162353515625,95.30487060546875,1.4700295650982298e-05
870,0.0,158.82614135742188,23.093629837036133,103.32525634765625,2.0182660591672175e-06
870,592.6372680664062,107.43000030517578,47.86273193359375,229.94110107421875,2.368699597354862e-06
870,626.4052124023438,196.13372802734375,14.09478759765625,53.9088134765625,4.913948941975832e-06
900,2.3331832885742188,129.6356658935547,90.70729064941406,213.9365997314453,1.5332099110310082e-06
900,35.18828582763672,166.14443969726562,40.71693420410156,98.21539306640625,3.895517693308648e-06
900,53.49266052246094,178.82626342773438,26.567062377929688,63.694061279296875,1.4109460835243226e-06
900,17.29615020751953,165.58253479003906,42.34947967529297,104.01686096191406,7.766751878079958e-06
900,26.32686424255371,182.3463134765625,42.47566223144531,104.91375732421875,0.0002880418032873422
930,464.3329162597656,171.69618225097656,21.4466552734375,50.82806396484375,1.2995795259485021e-05
930,471.57781982421875,173.50209045410156,21.505859375,52.0838623046875,1.1070380878663855e-06
930,88.50025939941406,199.12767028808594,21.786300659179688,52.56707763671875,1.3990704701427603e-06
930,95.55979919433594,199.35227966308594,23.4290771484375,55.08563232421875,7.066030320856953e-06
960,343.4023132324219,168.5105743408203,21.9176025390625,52.248809814453125,2.835488430719124e-06
960,329.46014404296875,174.95863342285156,22.80743408203125,53.728729248046875,6.496717833215371e-05
960,328.8622131347656,164.05543518066406,33.90386962890625,80.10147094726562,2.913224307121709e-05
960,336.1957092285156,183.03709411621094,22.32135009765625,52.180816650390625,0.0002645615313667804
960,475.3952941894531,181.8812255859375,21.6031494140625,51.20245361328125,0.00015555578283965588
960,342.0462646484375,186.19256591796875,23.10186767578125,54.511688232421875,0.0007898738840594888
960,480.38397216796875,187.67172241210938,23.0322265625,54.978302001953125,4.2902578570647165e-05
960,487.83270263671875,190.68856811523438,23.00408935546875,54.711212158203125,5.445860097097466e-06
960,331.1681213378906,191.18368530273438,22.525390625,54.33587646484375,1.6979965948848985e-05
990,112.87347412109375,188.69407653808594,22.084915161132812,51.93511962890625,6.166739694890566e-06
990,0.0,190.46119689941406,15.78821086883545,57.159210205078125,8.815901310299523e-06
990,431.5597839355469,192.40626525878906,23.87042236328125,55.986358642578125,2.911046749431989e-06
990,439.4094543457031,193.91786193847656,23.237060546875,54.952301025390625,1.0200963515671901e-05
990,0.0,174.91110229492188,23.47147560119629,98.35821533203125,3.350768565724138e-06
990,105.18060302734375,198.03475952148438,23.772415161132812,56.489288330078125,2.5002063921419904e-06
990,447.4488220214844,199.40817260742188,23.44293212890625,55.412628173828125,1.022657124849502e-05
1020,479.6676025390625,160.26467895507812,22.3597412109375,54.073028564453125,0.0001727127964841202
1020,473.8145751953125,166.441162109375,21.27117919921875,51.446380615234375,6.209975254023448e-06
1020,97.11642456054688,205.22894287109375,21.379318237304688,51.619384765625,7.132841801649192e-07
1020,105.144287109375,206.40365600585938,21.015853881835938,50.98162841796875,1.6793372878964874e-06
1050,483.9676208496094,162.7063751220703,31.353851318359375,74.32794189453125,0.0002630885282997042
1050,483.4898376464844,177.56480407714844,22.3687744140625,52.567901611328125,0.00017045927233994007
1050,489.9813537597656,183.68731689453125,21.1363525390625,50.5892333984375,0.15032465755939484
1050,423.03857421875,128.22003173828125,132.187744140625,282.9638671875,2.513829713279847e-06
1050,627.7182006835938,215.80389404296875,12.78179931640625,52.3173828125,5.462437457026681e-06
1050,601.0913696289062,362.4661560058594,39.40863037109375,118.03384399414062,3.517325694701867e-06
1080,490.21240234375,168.710693359375,24.70452880859375,57.9910888671875,5.314375084708445e-05
1080,501.1838684082031,169.8507080078125,24.560577392578125,60.14251708984375,3.0262901418609545e-05
1080,63.2918815612793,180.8690643310547,24.605632781982422,59.940643310546875,1.3129299077263568e-05
1080,497.3176574707031,181.8308563232422,21.728668212890625,51.30499267578125,0.0075240894220769405
1080,488.1844482421875,163.65347290039062,37.68145751953125,83.401611328125,1.9081207938143052e-06
1080,626.8270263671875,179.88662719726562,13.6729736328125,51.128875732421875,8.551334758521989e-06
1080,344.64263916015625,193.1942138671875,20.7196044921875,50.68939208984375,5.317303475749213e-06
1080,608.708984375,195.89100646972656,22.4949951171875,51.8131103515625,2.8287386157899164e-05
1080,602.5484619140625,202.39529418945312,22.227783203125,52.386383056640625,1.1322469617880415e-05
1080,616.1116943359375,198.17591857910156,24.068115234375,56.31219482421875,1.682303991401568e-05
1080,627.2284545898438,200.99295043945312,13.27154541015625,51.813568115234375,7.088516576914117e-05
1080,58.64250946044922,195.78524780273438,31.425399780273438,78.95584106445312,4.512718987825792e-06
1080,623.8277587890625,207.9514923095703,16.6722412109375,73.61033630371094,8.483906640321948e-06
1080,8.0789794921875,261.419921875,21.457351684570312,50.53289794921875,6.645847861364018e-06
1110,626.739013671875,183.3770751953125,13.760986328125,57.44757080078125,2.548864813434193e-06
1110,481.0309753417969,195.65109252929688,22.228271484375,53.275848388671875,2.9371283289947314e-06
1110,616.7721557617188,201.66200256347656,21.513427734375,50.7552490234375,3.2032599847298115e-05
1110,627.22705078125,208.1705780029297,13.27294921875,51.77775573730469,1.773953226802405e-05
1140,474.0892028808594,154.9166259765625,22.77099609375,55.12872314453125,8.514295041095465e-05
1140,468.4608459472656,163.73793029785156,21.286865234375,51.277618408203125,4.723216079582926e-06
1140,487.300048828125,169.0137176513672,20.796630859375,50.800018310546875,0.0001722953311400488
1140,0.0,179.2982635498047,14.057381629943848,52.5390625,6.034611487848451e-06
1140,473.8740234375,174.4407501220703,23.02130126953125,54.233734130859375,0.0009543215273879468
1140,481.510986328125,174.499755859375,21.75494384765625,50.67437744140625,0.0003945598436985165
1140,456.0527038574219,180.8677978515625,24.24859619140625,59.16595458984375,3.38723793902318e-06
1140,466.1946105957031,182.86990356445312,21.76904296875,51.6998291015625,8.990066999103874e-05
1140,462.0851745605469,172.55255126953125,30.81683349609375,72.38040161132812,6.992335693212226e-05
1140,0.0,181.85977172851562,19.526765823364258,77.9058837890625,3.4874954053520923e-06
1140,475.0610656738281,177.72073364257812,31.72503662109375,72.9713134765625,6.872117955936119e-05
1140,487.262451171875,187.3021240234375,22.27520751953125,53.222320556640625,2.9980674298712984e-05
1140,627.2299194335938,194.5025177001953,13.27008056640625,55.225433349609375,2.1360527171054855e-05
1140,0.0,152.27294921875,27.434518814086914,133.20785522460938,1.9782062281592516e-06
1170,595.8695678710938,0.0,44.63043212890625,122.97352600097656,1.295599417971971e-06
1170,489.51849365234375,175.4484405517578,23.4560546875,55.066925048828125,6.14402670180425e-05
1170,496.6794738769531,173.10092163085938,25.967864990234375,60.216094970703125,0.0006540946778841317
1170,509.7219543457031,176.96221923828125,22.319061279296875,53.4287109375,0.00018543195619713515
1170,500.3165588378906,159.10775756835938,35.847259521484375,87.31341552734375,1.595865114722983e-06
1170,504.00225830078125,183.83087158203125,22.49072265625,53.68927001953125,0.10808487981557846
1170,617.0533447265625,195.22207641601562,22.6884765625,52.863494873046875,3.0552016596629983e-06
1170,627.7411499023438,198.88035583496094,12.75885009765625,54.605560302734375,5.017519015382277e-06
1170,0.0,209.26385498046875,15.080062866210938,55.639404296875,6.9106981754885055e-06
1200,488.8791809082031,175.7342071533203,22.367431640625,52.588409423828125,3.39273719873745e-06
1200,498.71868896484375,181.3881378173828,22.65570068359375,52.177978515625,2.6684067506721476e-06
1200,506.3557434082031,184.9552001953125,22.276397705078125,51.75006103515625,0.0001411396369803697
1200,593.627685546875,187.5620574951172,21.96240234375,50.921173095703125,1.714917289064033e-06
1200,627.4850463867188,186.51144409179688,13.01495361328125,50.85595703125,2.0980653061997145e-05
1200,552.6919555664062,192.89810180664062,23.0166015625,56.125335693359375,2.240823960164562e-05
1200,560.55908203125,193.702880859375,22.91845703125,55.205535888671875,2.59151838690741e-05
1200,567.9934692382812,193.16708374023438,23.5631103515625,56.252197265625,6.159680651762756e-06
1200,577.49609375,194.6316375732422,21.2791748046875,50.813385009765625,1.83604297490092e-05
1200,599.710205078125,190.00823974609375,22.8834228515625,53.9241943359375,1.063933359546354e-05
1200,623.7094116210938,189.15966796875,16.79058837890625,76.11376953125,1.885349047370255e-05
1230,487.72772216796875,165.97549438476562,21.014892578125,51.872467041015625,0.00016270521155092865
1230,405.54327392578125,96.35969543457031,148.03594970703125,294.86480712890625,9.028663953358773e-06
1230,495.463623046875,174.53140258789062,21.30389404296875,51.100341796875,3.228130026400322e-06
1230,358.948486328125,186.10853576660156,24.19049072265625,55.68121337890625,9.401654097018763e-06
1230,368.82147216796875,186.63400268554688,21.115478515625,50.8004150390625,3.165040425301413e-06
1230,475.5142517089844,181.8759002685547,21.0819091796875,50.9058837890625,5.3390118409879506e-05
1230,481.9347229003906,178.3050537109375,21.50091552734375,51.567138671875,0.006191434804350138
1230,563.1411743164062,189.56741333007812,22.43603515625,53.105499267578125,0.6192463040351868
1230,545.9506225585938,154.84249877929688,50.4180908203125,111.306884765625,1.186836016131565e-06
1230,501.9549255371094,136.65200805664062,134.33718872070312,283.14031982421875,6.3805259742366616e-06
1230,627.5862426757812,185.53260803222656,12.91375732421875,51.582489013671875,9.386199963046238e-06
1230,475.5241394042969,177.3589324951172,30.84002685546875,72.39584350585938,2.91115229629213e-05
1230,487.3459167480469,184.51527404785156,24.80072021484375,59.942291259765625,0.00037643074756488204
1230,497.4302062988281,188.7390899658203,21.219757080078125,50.997528076171875,6.111314633017173e-06
1230,505.1459045410156,190.7862548828125,20.806732177734375,51.041046142578125,4.1598563257139176e-05
1230,573.6940307617188,189.64093017578125,21.538330078125,52.43804931640625,0.0005116552347317338
1230,583.911865234375,190.58860778808594,20.21826171875,50.8253173828125,1.877182330645155e-05
1230,545.1775512695312,194.0438995361328,25.3863525390625,61.057373046875,1.0299095265509095e-05
1230,555.2979125976562,191.34288024902344,25.4451904296875,61.5460205078125,0.003129080403596163
1230,559.9857788085938,180.1098175048828,32.9910888671875,77.93040466308594,0.00013475431478582323
1230,569.4458618164062,200.4960479736328,21.8319091796875,50.897125244140625,9.359955583931878e-06
1260,498.8628234863281,185.97166442871094,22.861724853515625,54.30975341796875,5.8183154578728136e-06
1260,506.1236572265625,189.2484130859375,21.9500732421875,51.763519287109375,0.010580457746982574
1260,326.1929931640625,185.06381225585938,21.755859375,52.576080322265625,0.0002263991627842188
1260,271.03643798828125,146.6401824951172,127.388427734375,276.859619140625,3.2519874366698787e-06
1260,334.11846923828125,183.06890869140625,23.64886474609375,56.251953125,0.5797251462936401
1260,329.8071594238281,173.78538513183594,34.082763671875,77.47769165039062,0.0003128069220110774
1260,348.5360107421875,183.4160614013672,23.39599609375,55.123809814453125,2.920306087617064e-06
1260,460.940673828125,104.8277359008789,102.270751953125,249.58203125,3.7481099752767477e-06
1260,341.76165771484375,187.9330596923828,22.32183837890625,52.942169189453125,0.0005216728895902634
1260,497.1325378417969,173.68919372558594,36.526885986328125,82.890869140625,1.9336682726134313e-06
1260,436.864501953125,142.73593139648438,140.61712646484375,282.02947998046875,9.072459761227947e-06
1260,627.1393432617188,194.84896850585938,13.36065673828125,55.194976806640625,3.501859509924543e-06
1260,0.0,216.8328857421875,15.358453750610352,54.47137451171875,7.662276402697898e-06
1290,0.0,171.18638610839844,13.947003364562988,50.810791015625,7.98548626335105e-06
1290,0.0,160.8253631591797,18.901460647583008,75.655517578125,1.5589504300805856e-06
1290,480.1485290527344,182.4586944580078,23.76263427734375,55.618682861328125,1.0954448953270912e-05
1290,616.4651489257812,190.14869689941406,23.02734375,54.259521484375,1.0701988685468677e-05
1290,626.4674682617188,193.51058959960938,14.03253173828125,55.394439697265625,1.386069561704062e-05
1320,507.6640930175781,186.8130645751953,22.016387939453125,50.923065185546875,0.0003114758001174778
1320,510.9295349121094,183.6357879638672,26.883148193359375,65.02035522460938,2.8033471608068794e-05
1320,431.223388671875,91.35696411132812,147.15185546875,315.4040222167969,5.371185125113698e-06
1320,626.907958984375,193.6210479736328,13.592041015625,55.55206298828125,4.090967649972299e-06
1350,514.1106567382812,181.79957580566406,22.4202880859375,54.6318359375,0.002571793971583247
1350,507.3163146972656,184.08062744140625,22.034942626953125,51.9708251953125,1.6226731531787664e-05
1350,436.08917236328125,106.85116577148438,145.7659912109375,303.9993896484375,6.891625616844976e-06
1350,627.2420654296875,194.27320861816406,13.2579345703125,55.57684326171875,2.986523895742721e-06
1350,0.0,169.34060668945312,25.09292221069336,103.58328247070312,8.489625429319858e-07
1350,0.0,211.83941650390625,23.7258243560791,107.02557373046875,8.45645809022244e-06
1380,519.0760498046875,183.7723846435547,22.26953125,55.45782470703125,3.9553629903821275e-05
1380,505.1249694824219,186.1671905517578,21.466705322265625,53.129302978515625,4.326012640376575e-05
1380,627.048095703125,193.4351348876953,13.451904296875,55.94049072265625,7.750318218313623e-06
1380,0.0,210.56471252441406,22.9111385345459,103.76319885253906,2.9043915219517658e-06
1410,515.6749267578125,184.66207885742188,21.5792236328125,50.582489013671875,0.003407492535188794
1410,519.5691528320312,180.33937072753906,26.527587890625,63.263275146484375,3.1805888283997774e-05
1410,321.2125549316406,185.0344696044922,20.88006591796875,51.76824951171875,2.399763843641267e-06
1410,328.887939453125,185.7742462158203,20.92425537109375,50.96673583984375,1.4220991033653263e-06
1410,506.209228515625,189.0317840576172,21.49951171875,52.108184814453125,1.0143872714252211e-05
1410,441.8319091796875,104.98783874511719,148.1513671875,300.26068115234375,7.661106792511418e-06
1410,627.7626342773438,199.61947631835938,12.73736572265625,55.97796630859375,3.5476177799864672e-06
1440,595.7310791015625,0.0,44.7689208984375,122.98194122314453,2.1644780190399615e-06
1440,487.91729736328125,176.5088653564453,21.91302490234375,52.163726806640625,4.813292616745457e-05
1440,527.975341796875,183.81149291992188,21.812255859375,54.37945556640625,0.0001737207785481587
1440,498.3965148925781,181.39024353027344,22.820709228515625,52.968658447265625,6.0785091591242235e-06
1440,512.1812744140625,181.41171264648438,22.17315673828125,53.061676025390625,4.774853368871845e-05
1440,0.0,188.3072509765625,13.828845977783203,50.80780029296875,3.956030013796408e-06
1440,505.3005065917969,186.5430145263672,22.725494384765625,53.234893798828125,0.00012551870895549655
1440,444.6893310546875,93.80329895019531,151.3271484375,312.60400390625,6.2135886764735915e-06
1440,0.0,186.79202270507812,19.117530822753906,75.79940795898438,1.4809590993536403e-06
1440,627.2802734375,193.68173217773438,13.2197265625,56.19476318359375,6.7287924139236566e-06
1440,0.0,213.0819091796875,22.80606460571289,106.83343505859375,3.223023668397218e-06
1470,488.76324462890625,176.187744140625,22.20281982421875,52.905670166015625,1.106039803744352e-06
1470,498.3538818359375,182.2114715576172,22.84222412109375,52.846038818359375,1.4819622720096959e-06
1470,534.33056640625,187.61013793945312,20.9429931640625,50.979034423828125,3.560466939234175e-05
1470,505.6687927246094,187.38038635253906,22.232513427734375,52.32257080078125,2.5209476007148623e-05
1470,445.548095703125,100.67489624023438,151.7579345703125,311.5929260253906,7.508029284508666e-06
1470,627.157958984375,193.5400848388672,13.342041015625,55.8475341796875,5.323016011971049e-06
1470,0.0,220.8002166748047,14.153911590576172,50.70787048339844,6.69774817652069e-06
1470,0.0,209.69219970703125,22.763660430908203,103.192626953125,2.3891454929980682e-06
1500,534.9778442382812,182.72842407226562,22.5604248046875,57.257232666015625,3.3328957215417176e-05
1500,505.5989990234375,186.0118408203125,22.5972900390625,52.095306396484375,5.79099696551566e-06
1500,627.1800537109375,194.02017211914062,13.3199462890625,55.9541015625,5.479483206727309e-06
1500,0.0,209.7520751953125,22.771499633789062,103.34332275390625,2.296799493706203e-06
1530,489.4938659667969,175.1561737060547,22.36920166015625,52.260986328125,3.0132505344226956e-06
1530,537.4091186523438,181.78759765625,21.26416015625,53.8116455078125,1.1192139481863705e-06
1530,498.49945068359375,181.7530975341797,22.6153564453125,52.7818603515625,3.7792037801409606e-06
1530,505.6513366699219,184.280029296875,21.895172119140625,51.610626220703125,3.737691440619528e-05
1530,627.1475219726562,193.16888427734375,13.35247802734375,56.244873046875,6.557387223438127e-06
1530,0.0,210.176025390625,15.171640396118164,53.650299072265625,4.771555722982157e-06
1560,498.06854248046875,176.59808349609375,23.3626708984375,55.71246337890625,3.7477814203157322e-06
1560,609.9358520507812,186.67181396484375,22.2213134765625,52.297515869140625,4.860290573560633e-06
1560,505.283935546875,185.845947265625,22.38525390625,52.02587890625,0.0003782500571105629
1560,616.0155029296875,192.96958923339844,22.86767578125,53.285064697265625,2.728685831243638e-05
1560,626.5641479492188,191.8502655029297,13.93585205078125,56.376861572265625,1.4365944480232429e-05
1560,0.0,209.67510986328125,23.516132354736328,106.1708984375,2.258212816741434e-06
1590,16.844688415527344,172.6607208251953,22.626079559326172,53.1917724609375,6.824418233009055e-05
1590,488.2216796875,174.41928100585938,22.2559814453125,52.644073486328125,0.00024007659521885216
1590,496.50177001953125,176.06297302246094,20.64068603515625,50.708648681640625,1.7226806448888965e-05
1590,510.4474182128906,177.62892150878906,23.003509521484375,55.33258056640625,3.303138782939641e-06
1590,504.09686279296875,183.32994079589844,22.4664306640625,52.775299072265625,8.84512483025901e-05
1590,626.7025756835938,192.10086059570312,13.79742431640625,56.685394287109375,1.1661442840704694e-05
1650,487.9207763671875,173.00343322753906,23.05499267578125,53.784027099609375,0.0001159038656624034
1650,497.7161560058594,175.98333740234375,21.482452392578125,52.770751953125,4.152128167334013e-05
1650,504.549560546875,182.10421752929688,22.8463134765625,53.732696533203125,0.002224444877356291
1650,496.5807189941406,163.66583251953125,35.956634521484375,81.91888427734375,6.778823262720834e-07
1650,547.8035278320312,185.44244384765625,21.476806640625,51.513916015625,7.827120498404838e-06
1650,551.6016845703125,183.51234436035156,27.773681640625,67.05972290039062,4.211749001115095e-06
1650,616.0963745117188,188.807861328125,22.7587890625,53.893402099609375,1.480217179050669e-05
1650,626.4013061523438,192.08474731445312,14.09869384765625,56.553497314453125,2.2700369299855083e-05
1650,0.0,210.403564453125,23.76967430114746,103.956298828125,3.3350004287058255e-06
1680,489.1374816894531,175.66574096679688,22.4619140625,52.64385986328125,4.199159320705803e-06
1680,497.1222839355469,174.34315490722656,23.869537353515625,55.875152587890625,5.258142664388288e-06
1680,505.2818908691406,184.4410858154297,22.129486083984375,52.2177734375,0.00024398656387347728
1680,548.1287841796875,187.07791137695312,21.0670166015625,50.558746337890625,8.613794307166245e-06
1680,627.2075805664062,192.8358917236328,13.29241943359375,56.6427001953125,9.995621439884417e-06
1680,0.0,210.3009490966797,23.36693000793457,105.19523620605469,1.136589617090067e-06
1710,489.0181884765625,174.73289489746094,22.49517822265625,52.707275390625,1.3402798686001915e-05
1710,496.230224609375,173.24472045898438,23.9486083984375,55.850982666015625,7.043679943308234e-06
1710,505.2469787597656,183.2240447998047,22.597991943359375,52.62640380859375,8.644010813441128e-05
1710,557.9353637695312,184.8195037841797,27.4879150390625,65.61322021484375,4.847569925914286e-06
1710,626.9092407226562,192.14720153808594,13.59075927734375,56.852386474609375,9.679494723968673e-06
1710,0.0,221.47984313964844,14.846851348876953,51.33674621582031,1.4265640857047401e-05
1710,0.0,185.683349609375,28.75995635986328,128.4912109375,3.7923741729173344e-06
1710,0.0,226.538818359375,20.34811019897461,76.71331787109375,6.618631232413463e-06
1740,487.6474304199219,173.41421508789062,22.8173828125,53.587982177734375,0.00026086304569616914
1740,495.9756774902344,171.9363555908203,24.086395263671875,56.331390380859375,3.225883574486943e-06
1740,505.087646484375,182.93995666503906,22.2584228515625,51.842071533203125,4.155475107836537e-05
1740,556.0761108398438,186.0146026611328,21.3194580078125,51.51727294921875,3.066967337872484e-07
1740,560.4732666015625,185.69334411621094,27.0809326171875,64.79641723632812,7.489970812457614e-06
1740,616.0723876953125,190.1295166015625,22.205078125,52.910247802734375,1.558117764943745e-05
1740,483.1875915527344,132.0572052001953,149.09463500976562,286.550048828125,5.934740329394117e-06
1740,626.5013427734375,192.4368438720703,13.9986572265625,56.156829833984375,1.582373442943208e-05
1770,500.0001220703125,166.2491912841797,30.5400390625,70.90048217773438,4.576327683025738e-06
1770,488.555908203125,172.769775390625,23.00445556640625,53.974853515625,0.00020996613602619618
1770,495.7303466796875,172.8311309814453,24.64569091796875,56.916656494140625,6.003550879540853e-05
1770,504.7580261230469,182.10447692871094,21.337554931640625,50.994049072265625,0.00032008852576836944
1770,568.94091796875,190.65394592285156,21.3372802734375,50.56304931640625,0.001702639041468501
1770,509.8513488769531,183.11614990234375,23.908050537109375,57.322540283203125,1.8008171309702448e-06
1770,627.2353515625,192.82965087890625,13.2646484375,56.270355224609375,4.017798801214667e-06
1800,489.5772399902344,176.3803253173828,22.20355224609375,52.0589599609375,0.00010605947318254039
1800,497.1427307128906,177.0440673828125,20.910003662109375,50.82977294921875,2.3324268113356084e-05
1800,505.256103515625,183.07762145996094,22.8680419921875,53.53228759765625,0.0007961231167428195
1800,496.4732666015625,163.54507446289062,36.139892578125,82.46304321289062,1.6592739484622143e-06
1800,0.0,214.7265625,22.982582092285156,105.7750244140625,4.776354217028711e-06
1830,509.4864196777344,169.97901916503906,24.487335205078125,59.020965576171875,1.3330304682312999e-05
1830,487.8263244628906,173.2760009765625,23.172119140625,53.738494873046875,0.0003902176977135241
1830,496.1748352050781,172.63607788085938,24.720733642578125,57.587127685546875,0.0001159225357696414
1830,506.0565185546875,182.6709442138672,21.0986328125,50.934539794921875,0.003526505082845688
1830,496.1336364746094,161.2982635498047,36.204132080078125,83.29635620117188,1.3404641094894032e-06
1830,627.241455078125,192.5199432373047,13.258544921875,56.35284423828125,6.1469518186640926e-06
1830,0.0,226.9395751953125,20.15975570678711,76.613525390625,3.4900306218332844e-06
