30,394.2391052246094,199.116455078125,21.79534912109375,51.920623779296875,3.898843715433031e-05
30,401.1238098144531,199.1132049560547,22.2950439453125,53.18841552734375,0.00040714090573601425
30,415.3721923828125,201.229736328125,20.698486328125,50.76361083984375,2.5380913939443417e-05
30,407.2978820800781,205.39552307128906,23.1009521484375,54.05705261230469,2.9104026907589287e-05
30,585.8336791992188,222.42123413085938,21.4317626953125,51.047332763671875,3.401918775125523e-06
60,393.6846618652344,198.99757385253906,22.03692626953125,52.556243896484375,0.0001880545460153371
60,401.2861022949219,197.32814025878906,22.8236083984375,55.035797119140625,0.0001553423353470862
60,415.4438171386719,196.85179138183594,21.01434326171875,50.89898681640625,4.9329041758028325e-06
60,407.3381652832031,204.49331665039062,21.87164306640625,51.83331298828125,0.000753403059206903
60,602.3916015625,359.5367431640625,38.1083984375,120.9632568359375,5.580462129728403e-06
90,409.1687927246094,194.5618133544922,23.61212158203125,54.746734619140625,1.5987494407454506e-05
90,402.1470947265625,200.95254516601562,23.9647216796875,57.920989990234375,6.929626124474453e-06
90,414.62969970703125,199.5252227783203,24.3017578125,58.80827331542969,5.2850780775770545e-05
90,423.5129089355469,200.30430603027344,21.984619140625,53.711761474609375,4.926830115437042e-06
90,627.5816650390625,242.5389862060547,12.9183349609375,51.04151916503906,2.073610812658444e-05
120,439.3725891113281,193.4019775390625,23.06817626953125,53.485107421875,2.645519816724118e-05
120,447.805908203125,194.53070068359375,20.86053466796875,51.547943115234375,1.4147160527500091e-06
120,432.6647033691406,198.0307159423828,24.0245361328125,57.466156005859375,5.152008270670194e-06
120,444.3290100097656,190.60662841796875,30.6192626953125,71.173828125,3.3330577480228385e-06
120,408.47698974609375,202.87533569335938,22.3358154296875,51.844818115234375,5.5236410844372585e-05
120,414.94390869140625,201.37112426757812,25.16815185546875,59.88702392578125,7.503247616114095e-06
120,424.609375,205.06202697753906,21.419677734375,52.32981872558594,1.1260788596700877e-05
120,419.5974426269531,196.9552001953125,30.9140625,74.47463989257812,2.2913256998435827e-06
120,626.926513671875,256.1835021972656,13.573486328125,51.7642822265625,6.144297003629617e-06
150,615.7722778320312,170.6763458251953,21.1483154296875,51.062255859375,3.108868622803129e-05
150,626.2577514648438,167.17416381835938,14.24224853515625,51.41473388671875,5.604264970315853e-06
150,0.0,175.74525451660156,15.222412109375,54.699005126953125,1.7095440853154287e-05
150,610.9205322265625,186.3262481689453,23.15966796875,55.042266845703125,0.0006752614863216877
150,608.4299926757812,168.7589111328125,32.07000732421875,88.41238403320312,1.845923725340981e-05
150,625.2737426757812,185.14840698242188,15.22625732421875,53.449981689453125,5.8952136896550655e-05
150,602.6615600585938,193.64849853515625,24.54833984375,57.896728515625,3.8617956306552514e-05
150,439.61279296875,195.818359375,24.88519287109375,59.31341552734375,2.325038622075226e-05
150,446.0753479003906,199.3598175048828,26.29595947265625,60.85459899902344,1.1071584594901651e-05
150,582.7800903320312,202.82278442382812,25.944091796875,60.301483154296875,1.6879564554983517e-06
150,606.81787109375,199.7587127685547,27.5576171875,64.24827575683594,8.230919775087386e-05
150,626.578125,205.4684295654297,13.921875,53.81144714355469,6.161766123113921e-06
150,575.9528198242188,208.85153198242188,25.7720947265625,61.54071044921875,8.529324873052246e-07
150,588.0301513671875,200.7006378173828,32.2547607421875,78.16215515136719,6.806310466345167e-06
180,626.1541748046875,163.0799102783203,14.3458251953125,58.223388671875,2.9212083063612226e-06
180,627.4637451171875,184.9145965576172,13.0362548828125,50.784881591796875,1.060625618265476e-05
180,625.5555419921875,196.0245361328125,14.9444580078125,60.31591796875,6.316050075838575e-06
210,559.19287109375,158.03367614746094,23.5836181640625,54.799072265625,8.69541327119805e-06
210,567.1696166992188,157.78079223632812,23.7293701171875,55.42999267578125,4.504244316194672e-06
210,553.1937255859375,163.8941192626953,20.6470947265625,51.1925048828125,4.2346209738752805e-06
210,625.2679443359375,169.59500122070312,15.2320556640625,61.86541748046875,1.9223425624659285e-05
210,618.6973876953125,160.29356384277344,21.8026123046875,98.34690856933594,1.9668819732032716e-05
210,503.56585693359375,193.57867431640625,24.1534423828125,55.921478271484375,1.863389684331196e-06
210,626.7938842773438,194.9366455078125,13.70611572265625,53.211273193359375,8.257932495325804e-05
210,622.3659057617188,193.61279296875,18.13409423828125,79.72952270507812,5.1888739108107984e-05
210,611.357666015625,172.38824462890625,29.142333984375,132.13720703125,2.163543103961274e-05
210,624.7847900390625,223.4267578125,15.7152099609375,68.709716796875,8.754565897106659e-06
210,593.8790283203125,158.26585388183594,46.6209716796875,229.9178009033203,4.30716791015584e-05
210,617.3717041015625,212.5323028564453,23.1282958984375,109.45433044433594,9.167188181891106e-06
210,625.6531372070312,254.0513916015625,14.84686279296875,63.011474609375,3.120937662970391e-06
270,582.8056030273438,164.08885192871094,27.73291015625,62.982421875,3.204276481483248e-06
270,592.6327514648438,167.88145446777344,22.7232666015625,54.008270263671875,6.972648861847119e-06
270,587.619140625,159.69839477539062,33.191650390625,77.83349609375,1.232940030604368e-05
270,600.036376953125,184.08448791503906,21.1373291015625,51.451904296875,6.864947408757871e-06
270,545.33544921875,195.23126220703125,22.7738037109375,54.012939453125,5.0561434363771696e-06
270,593.9248657226562,190.8019256591797,20.8951416015625,51.047943115234375,4.108099346922245e-06
270,552.9589233398438,201.16506958007812,22.899169921875,52.712493896484375,4.09344602303463e-06
270,559.6762084960938,205.94110107421875,22.6260986328125,55.039886474609375,1.2337421139818616e-05
300,0.0,184.63320922851562,14.822919845581055,53.246795654296875,6.202564691193402e-06
300,627.5817260742188,201.6631622314453,12.91827392578125,50.681610107421875,1.6338144632754847e-05
330,0.0,177.85427856445312,14.942646980285645,54.37384033203125,9.893416063277982e-06
330,553.5723876953125,197.3140106201172,21.3306884765625,51.29736328125,9.091496394830756e-06
330,560.374267578125,202.91024780273438,21.9122314453125,52.136260986328125,1.945543772308156e-05
330,601.93115234375,362.4696044921875,38.56884765625,118.0303955078125,8.071529009612277e-06
360,0.0,178.24472045898438,17.51227569580078,52.7481689453125,9.916928320308216e-06
360,6.687427520751953,180.05712890625,20.943618774414062,50.847869873046875,1.864296223175188e-06
360,0.0,86.06968688964844,58.630210876464844,328.19183349609375,4.8662554945622105e-06
360,520.0189208984375,208.77964782714844,23.98974609375,56.27754211425781,8.471941328025423e-06
420,628.2376708984375,160.9005889892578,12.2623291015625,51.08831787109375,8.788359991740435e-06
420,602.024658203125,362.5115051269531,38.475341796875,117.98849487304688,5.933562988502672e-06
450,572.35205078125,55.95642852783203,21.2037353515625,50.603240966796875,1.5236975741572678e-05
450,502.9559020996094,0.0,137.54409790039062,279.2275085449219,5.729302301915595e-06
450,582.87255859375,56.018104553222656,21.6248779296875,51.20954895019531,0.0005026068538427353
450,627.9378051757812,58.128326416015625,12.56219482421875,50.73736572265625,3.600135642045643e-06
450,609.7846069335938,227.51181030273438,30.71539306640625,72.4730224609375,9.973654414352495e-06
450,610.4617309570312,250.0744171142578,22.8131103515625,53.99369812011719,0.00015948995132930577
450,626.7398071289062,249.6158447265625,13.76019287109375,52.6319580078125,8.227129910665099e-06
450,614.8225708007812,255.12660217285156,25.2071533203125,57.95182800292969,4.419611286721192e-06
480,431.29010009765625,160.31552124023438,21.7125244140625,51.882965087890625,0.11973534524440765
480,437.5242919921875,153.51243591308594,24.14910888671875,56.83172607421875,3.5623454550659517e-06
480,356.65740966796875,104.83210754394531,137.38153076171875,293.82537841796875,6.235897217266029e-06
480,601.9169921875,360.7527160644531,38.5830078125,119.74728393554688,1.0449324690853246e-05
510,339.3313903808594,159.7176971435547,21.23046875,50.557037353515625,3.962124083045637e-06
510,345.5905456542969,161.795654296875,21.3121337890625,51.411956787109375,9.022131052915938e-06
510,353.0317077636719,159.6668701171875,22.8515625,53.782989501953125,2.643431434989907e-05
510,360.05078125,164.38438415527344,21.750732421875,51.427703857421875,1.178104412247194e-06
510,498.7998352050781,171.69088745117188,21.429901123046875,50.54168701171875,0.9923725128173828
510,490.30914306640625,154.71282958984375,35.9227294921875,78.81393432617188,1.0530346116865985e-05
510,432.1675720214844,107.00833129882812,136.57705688476562,286.14532470703125,7.599030141136609e-06
510,510.02337646484375,170.54116821289062,21.0478515625,51.14276123046875,0.00016468483954668045
510,491.3504638671875,175.82359313964844,24.39813232421875,59.34820556640625,0.0005399825167842209
510,501.5854187011719,176.3668212890625,25.332489013671875,60.49395751953125,0.0008737463504076004
540,627.6610107421875,122.08379364013672,12.8389892578125,55.39684295654297,4.952606559527339e-06
540,487.9268493652344,156.405029296875,23.9072265625,55.69366455078125,5.475294074130943e-06
540,496.1451416015625,158.45431518554688,23.79315185546875,56.0338134765625,2.1207444660831243e-05
540,503.1573181152344,161.35452270507812,24.417327880859375,57.1473388671875,2.2648147933068685e-05
540,511.9247131347656,162.28323364257812,23.589263916015625,55.358673095703125,1.4762297269044211e-06
570,370.895263671875,150.68429565429688,24.09844970703125,55.842041015625,7.332806035265094e-06
570,373.4004821777344,138.44432067871094,32.845703125,76.5030517578125,1.9004291971214116e-05
570,381.81927490234375,156.9726104736328,22.47711181640625,53.083221435546875,0.020243395119905472
570,389.1697082519531,154.56161499023438,21.2996826171875,51.41552734375,7.427787295455346e-06
570,96.36849212646484,168.97189331054688,21.178955078125,51.16876220703125,2.7240635063208174e-06
570,25.37835693359375,179.1776885986328,21.014633178710938,50.844482421875,4.099841135030147e-06
570,504.1134338378906,190.14024353027344,23.527740478515625,54.85406494140625,1.721898570394842e-06
570,621.5545654296875,179.68399047851562,18.9454345703125,82.41708374023438,4.197193447907921e-06
570,607.8353881835938,143.72976684570312,32.66461181640625,135.97244262695312,1.072023223969154e-05
570,590.9182739257812,129.189208984375,49.58172607421875,231.14852905273438,4.377848017611541e-05
600,32.45182418823242,165.96234130859375,21.485641479492188,52.24169921875,6.829060293966904e-05
600,66.94129943847656,162.519287109375,21.395751953125,51.637451171875,5.063154276285786e-06
600,406.29193115234375,163.2966766357422,21.2694091796875,51.580841064453125,5.023326593800448e-06
600,424.086181640625,169.04647827148438,22.158203125,51.758270263671875,2.242798473162111e-06
630,442.1357421875,158.41970825195312,22.58441162109375,52.74346923828125,0.0034502525813877583
630,510.1927185058594,157.74110412597656,25.978302001953125,61.520843505859375,4.122615428059362e-05
630,517.622802734375,154.31492614746094,25.3624267578125,59.384307861328125,1.4502180647468776e-06
630,32.621280670166016,171.29464721679688,21.305068969726562,50.81298828125,3.743930938071571e-05
630,368.46246337890625,90.89193725585938,142.91741943359375,296.3963317871094,6.255398602661444e-06
630,497.8387451171875,162.08767700195312,26.095947265625,60.41864013671875,5.957411303825211e-06
630,622.911376953125,153.02561950683594,17.588623046875,76.85198974609375,4.978343895345461e-06
630,506.6883850097656,172.638671875,24.137176513671875,57.712554931640625,0.9980389475822449
630,501.3213806152344,163.65267944335938,35.603302001953125,81.55612182617188,2.8892309273942374e-05
630,514.626953125,170.62664794921875,26.3565673828125,61.601348876953125,4.173122943029739e-05
630,627.6029663085938,179.36123657226562,12.89703369140625,51.352813720703125,1.9096893083769828e-05
660,597.689208984375,0.0,42.810791015625,127.57316589355469,2.544172957641422e-06
660,627.3615112304688,114.84465026855469,13.13848876953125,57.810943603515625,4.984553015674464e-06
660,546.9122924804688,147.84820556640625,20.7451171875,50.9215087890625,2.58413137999014e-06
660,553.2675170898438,145.19265747070312,22.0439453125,51.402679443359375,2.2809258553024847e-06
660,537.0416870117188,128.98321533203125,43.833251953125,105.29080200195312,6.010036941006547e-06
660,627.1893310546875,137.33212280273438,13.3106689453125,50.527923583984375,1.4807621482759714e-05
660,553.9490356445312,149.35955810546875,29.0213623046875,67.63882446289062,0.0035579432733356953
660,563.8960571289062,146.8870849609375,26.917724609375,62.527862548828125,1.2184062825326691e-06
660,431.226806640625,152.71719360351562,20.9482421875,51.608978271484375,8.869003067957237e-06
660,443.6431579589844,116.47843170166016,57.065185546875,132.0037841796875,1.9048382455366664e-05
660,541.3977661132812,161.080322265625,21.764892578125,50.89990234375,7.52048144931905e-05
660,546.21142578125,155.04458618164062,27.455810546875,65.46060180664062,0.9999077320098877
660,487.1117858886719,127.3804931640625,123.91653442382812,275.93243408203125,1.6193922647289583e-06
660,17.4050350189209,173.15139770507812,21.23655891418457,50.583099365234375,2.6188697574980324e-06
660,25.124826431274414,172.66531372070312,21.28853416442871,51.30157470703125,4.5705269258178305e-06
660,127.35786437988281,165.92623901367188,21.31866455078125,50.619354248046875,8.095033763311221e-07
660,547.4760131835938,173.351806640625,19.915771484375,50.74078369140625,1.7146952814073302e-05
690,0.0,175.88340759277344,15.691051483154297,52.77215576171875,1.094711751647992e-05
720,627.1447143554688,126.76972961425781,13.35528564453125,58.1954345703125,4.114662715437589e-06
720,585.48291015625,158.39686584472656,25.5645751953125,58.657928466796875,1.697201696515549e-05
720,599.5933227539062,159.5799102783203,21.2529296875,51.13653564453125,2.204299107688712e-06
720,592.3326416015625,168.4438018798828,22.778564453125,53.74334716796875,0.03851007670164108
720,627.3038940429688,169.94281005859375,13.19610595703125,53.4613037109375,2.9851257750124205e-06
720,0.0,178.96087646484375,14.27332878112793,52.50726318359375,8.96960191312246e-05
720,0.0,129.5036163330078,31.530738830566406,134.7179412841797,5.869952929060673e-06
720,0.0,87.75553894042969,63.53269577026367,319.28515625,7.003824521234492e-06
720,32.77647399902344,180.69630432128906,21.007179260253906,50.51055908203125,1.5497452068302664e-06
780,7.476245880126953,170.49880981445312,21.990360260009766,53.32293701171875,1.0086264410347212e-05
780,0.0,177.35040283203125,14.838802337646484,53.464874267578125,3.5352163649804424e-06
780,0.0,75.52272033691406,57.67294692993164,324.22406005859375,3.2387195005867397e-06
780,628.0167846679688,178.22412109375,12.48321533203125,50.880340576171875,6.375903467414901e-06
780,601.6591796875,361.8091735839844,38.8408203125,118.69082641601562,1.6576401321799494e-05
780,580.4721069335938,320.525634765625,60.02789306640625,159.974365234375,3.558678145054728e-06
810,611.5584716796875,158.4014434814453,28.9415283203125,68.46246337890625,4.132518733968027e-05
810,626.5655517578125,158.7469024658203,13.9344482421875,52.4844970703125,2.1583478883258067e-05
810,596.7825317382812,158.20787048339844,35.695556640625,80.79962158203125,8.269165846286342e-06
810,609.2433471679688,173.3155517578125,22.0445556640625,52.19940185546875,0.017767859622836113
810,625.5150146484375,176.60366821289062,14.9849853515625,51.77288818359375,0.0003621464711613953
810,594.5712890625,178.5876007080078,22.52490234375,52.79180908203125,0.00031858854345045984
810,602.0175170898438,177.80711364746094,21.913818359375,50.739013671875,0.0012990339891985059
810,616.3882446289062,178.8069305419922,21.4127197265625,50.82305908203125,0.005311414133757353
810,602.1532592773438,363.2962646484375,38.34674072265625,117.2037353515625,6.333185865514679e-06
810,583.4398193359375,319.14874267578125,57.0601806640625,161.35125732421875,4.945749424223322e-06
840,514.385498046875,160.11965942382812,21.4881591796875,50.95672607421875,0.00017552284407429397
840,519.9660034179688,165.0290069580078,21.7647705078125,51.854705810546875,0.4021667242050171
840,509.164306640625,170.7571258544922,21.2899169921875,51.685821533203125,5.540024631045526e-06
840,0.0,177.15234375,15.827932357788086,52.6627197265625,3.880978511006106e-06
870,178.99822998046875,159.39842224121094,21.268280029296875,51.47344970703125,7.266207103384659e-05
870,554.69482421875,157.6497344970703,21.21923828125,50.62744140625,0.028281869366765022
870,329.358154296875,166.18202209472656,21.0477294921875,51.24298095703125,4.7427238314412534e-05
870,8.980705261230469,174.7920379638672,21.20578384399414,51.29638671875,4.256001830071909e-06
870,0.0,177.27513122558594,14.932126998901367,54.239898681640625,1.1652682587737218e-05
870,2.7628211975097656,177.32228088378906,20.92444610595703,50.98773193359375,6.23163487034617e-06
870,185.08837890625,169.48431396484375,21.31756591796875,51.51483154296875,7.205329166026786e-05
870,193.0379638671875,168.70010375976562,21.4150390625,51.297698974609375,5.9144672377442475e-06
870,200.3549041748047,169.5216064453125,21.930999755859375,52.54962158203125,1.661571673139406e-06
900,169.4779815673828,163.7547149658203,21.00579833984375,51.264373779296875,0.003426420735195279
900,177.24493408203125,164.13816833496094,21.4876708984375,50.553131103515625,2.4765025955275632e-05
900,616.0935668945312,158.88632202148438,22.2525634765625,52.6007080078125,3.350882980157621e-05
900,74.03330993652344,173.1302490234375,20.973419189453125,51.981689453125,1.934405872816569e-06
900,94.64720153808594,162.19078063964844,23.213119506835938,53.333709716796875,0.0005221454775892198
900,122.71981811523438,166.2490997314453,22.07257080078125,51.165802001953125,2.8344636575639015e-06
900,627.4043579101562,161.18894958496094,13.09564208984375,55.0565185546875,9.861078979156446e-06
900,129.40768432617188,171.56787109375,21.345428466796875,50.693878173828125,1.2980201063328423e-05
900,190.22206115722656,159.98446655273438,27.01153564453125,63.06512451171875,3.5418750485405326e-05
900,450.8638610839844,168.25343322753906,20.9444580078125,50.859588623046875,1.7852513565230765e-06
900,0.0,82.47225952148438,142.60086059570312,308.0506591796875,5.3564122026728e-06
900,185.74229431152344,169.09022521972656,21.64764404296875,52.928436279296875,3.102983828284778e-05
930,384.8946533203125,154.74496459960938,21.35296630859375,51.14239501953125,6.294721970334649e-05
930,328.1918640136719,158.60043334960938,21.3233642578125,50.8089599609375,9.514588600723073e-05
930,362.33245849609375,159.9732666015625,21.2115478515625,50.595458984375,2.1057869162177667e-05
930,369.692138671875,158.7794189453125,24.36309814453125,58.281158447265625,0.0002051762567134574
930,366.5758361816406,147.65057373046875,34.4874267578125,83.032470703125,1.2465181498555467e-05
930,379.422607421875,141.65464782714844,36.3505859375,86.97439575195312,7.686420758545864e-06
930,627.5247802734375,153.14662170410156,12.9752197265625,55.46331787109375,2.991210067193606e-06
930,376.813232421875,159.81716918945312,25.8839111328125,61.589080810546875,0.06849516183137894
930,389.65057373046875,162.99533081054688,22.1763916015625,52.974029541015625,0.000490142498165369
930,176.34188842773438,165.09335327148438,22.689727783203125,52.4542236328125,0.0001592703629285097
930,319.156494140625,108.08580017089844,123.134765625,275.52691650390625,1.8434133153277799e-06
930,527.4871215820312,168.3099822998047,22.1956787109375,53.25921630859375,0.0009252931922674179
930,385.28436279296875,173.87730407714844,21.29327392578125,52.007171630859375,0.0003748077724594623
960,322.9451599121094,159.94847106933594,20.24468994140625,50.991485595703125,4.6037086576689035e-05
960,330.5791320800781,157.72328186035156,20.76470947265625,50.816192626953125,2.1543952243519016e-05
960,369.028076171875,154.509521484375,23.18341064453125,55.51556396484375,5.955680171609856e-05
960,364.5920715332031,141.7547607421875,33.83203125,81.9630126953125,5.723376261812518e-07
960,381.5895690917969,156.78616333007812,24.9520263671875,58.596649169921875,5.079297807242256e-06
960,475.0345153808594,154.58021545410156,21.12969970703125,51.038848876953125,0.0027965486515313387
960,568.6311645507812,149.24929809570312,22.747802734375,54.240936279296875,2.1576479412033223e-06
960,592.2007446289062,151.3802490234375,21.413330078125,51.26953125,1.6450194380013272e-05
960,154.3581085205078,155.6735076904297,21.95245361328125,51.37933349609375,1.4135225683276076e-06
960,376.23223876953125,164.233154296875,21.6109619140625,51.969085693359375,0.0011689199600368738
960,423.7253112792969,165.1143035888672,23.3441162109375,55.1768798828125,7.533792995673139e-06
960,627.6063232421875,160.219482421875,12.8936767578125,51.518890380859375,2.9260456358315423e-05
960,9.560464859008789,175.7113494873047,21.757892608642578,51.55810546875,4.229096248309361e-06
960,112.83583068847656,171.58790588378906,21.630096435546875,51.139404296875,8.114146476145834e-05
960,416.1604919433594,170.46603393554688,23.74139404296875,55.94342041015625,8.665832865517586e-05
960,0.0,178.98291015625,13.456086158752441,50.84698486328125,1.2089892152289394e-05
960,1.6568059921264648,179.73358154296875,22.341365814208984,53.18560791015625,3.0177134249242954e-06
960,599.5017700195312,364.3050842285156,40.99822998046875,116.19491577148438,7.908147381385788e-06
960,578.4281005859375,325.50177001953125,62.0718994140625,154.99822998046875,5.072869043942774e-06
990,335.32318115234375,156.2068328857422,21.1185302734375,51.98321533203125,0.00010580341768218204
990,401.0323486328125,151.63827514648438,26.0155029296875,61.37103271484375,7.774178084218875e-05
990,413.7673034667969,153.14862060546875,25.6971435546875,59.71270751953125,0.0009039160795509815
990,592.2230834960938,152.41989135742188,21.5899658203125,52.5146484375,9.589615729055367e-06
990,628.1044921875,146.969482421875,12.3955078125,50.74725341796875,2.880693045881344e-06
990,473.4371032714844,80.99362182617188,136.57510375976562,296.625732421875,1.3468040378938895e-05
990,550.3289794921875,152.263671875,23.48681640625,54.897064208984375,3.80826691070979e-06
990,65.50405883789062,172.43276977539062,21.444900512695312,52.355712890625,2.714545735216234e-05
990,80.17320251464844,169.66876220703125,22.162307739257812,54.775726318359375,4.2120416765101254e-05
990,409.1729736328125,161.18569946289062,22.40673828125,53.75347900390625,0.8202406764030457
990,402.8787841796875,148.59266662597656,35.5648193359375,80.46615600585938,0.00010898210166487843
990,510.5519104003906,114.0023193359375,60.636444091796875,146.98794555664062,3.0540362786268815e-05
990,492.79229736328125,80.12425994873047,91.299072265625,219.5093994140625,5.807908746646717e-05
990,544.2957763671875,159.83460998535156,22.16455078125,51.505462646484375,0.00038997302181087434
990,73.41973876953125,173.10110473632812,20.978744506835938,50.6170654296875,6.6837742451753e-06
990,396.0655822753906,165.37557983398438,21.78326416015625,52.8988037109375,4.049971266795183e-06
990,422.3742370605469,162.4264678955078,21.89794921875,52.62017822265625,4.752811219077557e-05
990,521.3040771484375,152.80563354492188,38.008056640625,86.602294921875,2.5265417207265273e-06
990,535.9756469726562,151.58724975585938,32.669921875,80.85308837890625,5.889673775527626e-05
990,507.88421630859375,135.94610595703125,42.9178466796875,107.86819458007812,3.0479664928861894e-05
990,514.1068725585938,183.39730834960938,23.385009765625,56.87542724609375,1.1373907909728587e-05
990,514.83642578125,176.09567260742188,33.50830078125,77.964599609375,1.4209346772986464e-05
990,521.1468505859375,196.2085418701172,21.4681396484375,51.5755615234375,0.00030725670512765646
1020,601.1409912109375,128.11407470703125,24.85400390625,59.26776123046875,2.4713195671210997e-05
1020,616.5244140625,125.44662475585938,20.8759765625,50.96978759765625,3.206052497262135e-06
1020,601.6570434570312,125.57820892333984,34.7696533203125,81.84693145751953,3.7135234833840514e-06
1020,626.8663940429688,130.0486297607422,13.63360595703125,52.093658447265625,1.1654593436105642e-05
1020,607.5416870117188,141.16299438476562,21.630126953125,51.0018310546875,0.00042798396316356957
1020,617.5463256835938,109.91759490966797,22.95367431640625,97.2875747680664,4.636201538232854e-06
1020,338.3083801269531,154.73707580566406,21.4188232421875,51.234222412109375,0.2893296480178833
1020,487.2131652832031,147.34658813476562,24.3648681640625,56.015716552734375,6.788755399611546e-06
1020,615.1812133789062,145.1289825439453,21.543701171875,51.16131591796875,0.00011604629980865866
1020,329.61383056640625,139.32945251464844,35.394775390625,78.69805908203125,8.473321940982714e-06
1020,270.84405517578125,81.07020568847656,136.324951171875,297.290283203125,8.326832357852254e-06
1020,349.448486328125,154.14215087890625,20.91412353515625,50.663238525390625,0.00013855352881364524
1020,459.2486572265625,147.21200561523438,31.87286376953125,75.2740478515625,0.003225975204259157
1020,627.0140991210938,152.5682373046875,13.48590087890625,51.574310302734375,3.349781036376953e-05
1020,1.4791069030761719,167.11038208007812,26.337757110595703,61.1954345703125,3.0505429094773717e-05
1020,14.05433177947998,170.95849609375,25.684200286865234,59.8011474609375,0.004341046325862408
1020,24.780048370361328,171.86660766601562,22.864593505859375,53.285552978515625,5.198983126319945e-05
1020,450.5627746582031,154.20999145507812,28.04522705078125,64.5010986328125,0.00019212416373193264
1020,451.2199401855469,133.90101623535156,44.23980712890625,108.89712524414062,1.139235155278584e-05
1020,472.3597412109375,158.5186767578125,23.1336669921875,54.3619384765625,1.301663019148691e-06
1020,472.3090515136719,145.30140686035156,32.17742919921875,79.160400390625,4.186640126135899e-06
1020,609.6439819335938,153.052978515625,22.472900390625,53.8076171875,5.878137017134577e-06
1020,9.496594429016113,179.31126403808594,21.637187957763672,52.387542724609375,0.07680020481348038
1020,332.37567138671875,158.10333251953125,21.958251953125,54.21148681640625,3.281389581388794e-06
1020,0.0,175.368896484375,15.918228149414062,55.770416259765625,4.6285676944535226e-06
1020,0.0,107.54753112792969,76.31916809082031,289.1263427734375,4.668652763939463e-06
1020,30.24725341796875,181.0989227294922,22.334381103515625,52.47833251953125,0.0007951042498461902
1020,36.993988037109375,179.4081268310547,23.072479248046875,53.8709716796875,1.3554926226788666e-05
1020,465.60699462890625,166.877197265625,20.79345703125,51.965667724609375,5.7915040088118985e-05
1020,457.1437072753906,171.67935180664062,22.3226318359375,56.42822265625,1.9057330291616381e-06
1020,601.3702392578125,365.43597412109375,39.1297607421875,115.06402587890625,7.369879313046113e-06
1050,616.6082153320312,108.94186401367188,23.89178466796875,57.549652099609375,3.3696364880597685e-06
1050,591.5304565429688,46.23756408691406,48.96954345703125,234.67430114746094,7.516339337598765e-06
1050,625.9078369140625,124.88691711425781,14.5921630859375,50.509124755859375,0.00036902225110679865
1050,611.2830200195312,78.65628051757812,29.21697998046875,134.21435546875,7.774258847348392e-06
1050,547.1617431640625,58.969688415527344,90.705078125,219.6724853515625,8.698734745848924e-05
1050,587.9739990234375,102.767578125,43.358642578125,105.78024291992188,8.335699021699838e-06
1050,608.5016479492188,126.3661880493164,24.4581298828125,57.13390350341797,2.924001273640897e-05
1050,357.7254333496094,146.65380859375,21.7603759765625,51.38336181640625,0.00014767530956305563
1050,560.5308837890625,89.94635772705078,64.120361328125,147.6334228515625,0.0004280390858184546
1050,617.141845703125,133.3750762939453,23.358154296875,55.96514892578125,3.2377123716287315e-05
1050,344.433837890625,134.86697387695312,34.44232177734375,77.70733642578125,0.00011964327859459445
1050,591.30029296875,146.48126220703125,24.8243408203125,56.181304931640625,1.928436176967807e-06
1050,582.2800903320312,130.1170196533203,38.447265625,88.11532592773438,5.494951892615063e-06
1050,599.8428955078125,145.50355529785156,22.26318359375,51.472381591796875,1.3183059309085365e-05
1050,626.3130493164062,142.7835235595703,14.18695068359375,50.928741455078125,7.048921543173492e-05
1050,340.33953857421875,151.5970001220703,23.07177734375,54.739227294921875,2.2309963242150843e-05
1050,351.0350646972656,149.3334503173828,23.09735107421875,54.885955810546875,0.8652848601341248
1050,546.5181274414062,160.84609985351562,20.6348876953125,51.097381591796875,5.304411388351582e-05
1050,550.5880126953125,154.18325805664062,28.2763671875,65.27276611328125,0.000829966738820076
1050,622.6176147460938,143.98109436035156,17.88238525390625,77.886474609375,3.847701009362936e-06
1050,558.4376831054688,158.50514221191406,28.5234375,69.86599731445312,0.005800015293061733
1050,553.4622192382812,137.5855712890625,42.38818359375,104.65664672851562,6.340455911413301e-06
1050,565.762451171875,127.7044677734375,43.4144287109375,110.76895141601562,1.7101980120060034e-05
1050,554.378173828125,181.42047119140625,20.598876953125,50.50140380859375,3.887468210450606e-06
1080,627.4347534179688,139.15798950195312,13.06524658203125,50.57830810546875,6.703256531181978e-06
1080,153.27708435058594,161.15054321289062,21.626312255859375,51.9342041015625,2.67666973741143e-06
1110,626.6228637695312,133.4273223876953,13.87713623046875,51.343902587890625,5.866785159014398e-06
1110,611.0581665039062,137.5459442138672,23.33251953125,54.923370361328125,3.723279951373115e-05
1110,616.22705078125,145.299560546875,23.470703125,54.926910400390625,3.4381493605906144e-05
1110,383.6764831542969,156.579833984375,22.13623046875,52.886688232421875,3.901559466612525e-06
1110,626.3698120117188,152.93429565429688,14.13018798828125,50.821685791015625,2.332529220439028e-05
1110,369.6688537597656,162.0274200439453,21.34686279296875,50.5819091796875,0.0005802233354188502
1110,611.1776733398438,156.1009979248047,23.34765625,55.3297119140625,1.3785587498205132e-06
1110,103.52923583984375,170.9804229736328,22.729278564453125,53.295806884765625,2.6544037154963007e-06
1110,109.5302734375,170.75611877441406,25.033889770507812,60.174407958984375,1.654467087064404e-05
1110,362.9426574707031,164.87054443359375,21.93756103515625,52.5501708984375,1.806537329684943e-05
1110,375.3284912109375,161.0812225341797,23.3753662109375,55.664093017578125,0.0022432843688875437
1110,471.1655578613281,171.9449920654297,23.56024169921875,55.869903564453125,6.631647011090536e-06
1110,91.5781021118164,167.42152404785156,33.42005920410156,80.93341064453125,2.4536644559702836e-05
1110,465.2384033203125,180.55035400390625,23.1873779296875,55.204803466796875,3.996722170995781e-06
1110,600.475341796875,362.427001953125,40.024658203125,118.072998046875,7.672381798329297e-06
1140,368.33477783203125,164.85247802734375,22.61395263671875,54.62744140625,0.0006277421489357948
1140,371.15234375,154.12689208984375,29.42730712890625,67.69168090820312,3.524418207234703e-05
1140,520.3257446289062,162.30355834960938,23.896240234375,56.85943603515625,7.986856871866621e-06
1140,528.9386596679688,160.82229614257812,20.809814453125,50.506195068359375,7.702599759795703e-06
1140,510.1126403808594,167.8905029296875,25.987823486328125,60.285919189453125,2.3686141048528953e-06
1140,626.4102172851562,168.81471252441406,14.08978271484375,52.33099365234375,1.35840300572454e-05
1140,496.8169250488281,181.3976287841797,22.534210205078125,53.52581787109375,1.553404445076012e-06
1140,497.66644287109375,167.78341674804688,31.197509765625,73.93283081054688,4.9956033763010055e-06
1140,502.6864013671875,188.31610107421875,21.8779296875,51.3487548828125,1.7770957128959708e-05
1140,602.204833984375,358.5323181152344,38.295166015625,121.96768188476562,1.4683453628094867e-05
1170,627.5984497070312,153.8008270263672,12.90155029296875,50.79522705078125,6.920261057530297e-06
1170,526.92431640625,164.79661560058594,24.15478515625,56.1868896484375,1.4979094885347877e-05
1170,513.3644409179688,171.2681884765625,21.6251220703125,52.58831787109375,1.487132749389275e-06
1170,518.6055908203125,169.46780395507812,25.5484619140625,58.472900390625,1.5322656281568925e-06
1170,626.4855346679688,169.3936767578125,14.01446533203125,52.742523193359375,1.0121212653757539e-05
1170,0.0,147.71815490722656,71.52926635742188,223.6036834716797,5.90816380281467e-05
1170,0.0,182.24517822265625,45.3812255859375,136.330078125,2.1617386664729565e-05
1170,0.0,205.58554077148438,26.521512985229492,120.61285400390625,3.4774291179928696e-06
1200,601.660400390625,155.85055541992188,22.25146484375,52.449798583984375,3.4989986943401163e-06
1200,608.6838989257812,153.43923950195312,23.3013916015625,55.211944580078125,5.069967301096767e-06
1200,623.4100952148438,145.41177368164062,17.08990478515625,75.61679077148438,4.800062924914528e-06
1200,616.91748046875,162.5682830810547,21.3857421875,51.1961669921875,9.915537702909205e-06
1200,627.9752197265625,161.89027404785156,12.5247802734375,52.041778564453125,1.2026680451526772e-05
1200,514.107666015625,172.36407470703125,21.481201171875,50.54901123046875,5.3688898333348334e-05
1200,520.9133911132812,174.69822692871094,22.72607421875,52.488555908203125,8.893043559510261e-05
1200,535.9280395507812,174.57395935058594,22.3953857421875,52.338531494140625,1.849299769673962e-05
1200,0.0,176.32810974121094,18.076313018798828,63.922760009765625,1.568658626638353e-05
1200,375.74761962890625,176.84898376464844,21.39813232421875,51.434478759765625,9.854065865511075e-06
1200,399.73455810546875,177.5481719970703,22.46856689453125,53.743194580078125,5.607451385003515e-06
1200,516.19970703125,173.49908447265625,32.694091796875,76.39352416992188,1.0418330020911526e-05
1200,532.6607055664062,159.47669982910156,38.76611328125,92.81915283203125,1.5477216948056594e-06
1200,626.63818359375,175.78729248046875,13.86181640625,59.587554931640625,5.061131560069043e-06
1200,369.3232727050781,180.91015625,22.4586181640625,53.66705322265625,0.00010587578435661271
1200,513.85595703125,146.62554931640625,48.0130615234375,112.04632568359375,6.007045612932416e-06
1200,527.3753662109375,178.14309692382812,32.19189453125,75.84036254882812,9.039996075443923e-05
1200,539.8983764648438,180.96189880371094,27.97021484375,64.32846069335938,1.8565320715424605e-05
1200,0.0,172.0747528076172,25.429019927978516,109.16658020019531,6.082522668293677e-05
1200,0.0,140.8683319091797,48.10177230834961,215.4766387939453,8.897718362277374e-05
1200,7.956720352172852,197.5529327392578,21.655467987060547,51.03369140625,2.2146778064779937e-05
1200,536.7777709960938,195.06982421875,21.886962890625,51.08917236328125,4.826217718800763e-07
1200,0.0,202.40115356445312,18.584186553955078,65.08526611328125,9.833732292463537e-06
1200,0.0,190.30186462402344,34.05927658081055,145.7948760986328,2.1491914594662376e-05
1200,601.8666381835938,360.1324157714844,38.63336181640625,120.36758422851562,7.883456419222057e-06
1230,627.4656982421875,161.99423217773438,13.0343017578125,51.356231689453125,4.92079107061727e-06
1230,0.0,177.78221130371094,15.661632537841797,50.569580078125,0.0001337194407824427
1230,5.15533447265625,175.8557586669922,23.787471771240234,59.343475341796875,1.3401341675489675e-05
1230,306.3271789550781,166.62213134765625,22.42987060546875,52.493011474609375,3.3659522159723565e-05
1230,536.4136962890625,170.82533264160156,22.41748046875,53.4364013671875,9.942246833816171e-05
1230,312.877685546875,172.36570739746094,21.0526123046875,50.815399169921875,6.2064227677183226e-06
1230,0.0,185.04335021972656,24.822059631347656,62.383514404296875,0.0014305481454357505
1230,369.4208984375,179.15338134765625,21.97442626953125,51.615020751953125,0.0006139713805168867
1230,528.8992919921875,180.73760986328125,33.3355712890625,78.8155517578125,2.6521695417613955e-06
1230,0.0,200.8330841064453,16.43364143371582,56.86756896972656,2.2630119929090142e-05
1230,0.0,163.094482421875,31.500715255737305,134.79666137695312,0.0005993847153149545
1230,0.0,148.79617309570312,48.6163330078125,211.3275146484375,0.0001146197973866947
1230,7.273256301879883,201.59950256347656,21.84087371826172,51.415924072265625,0.00020744409994222224
1230,0.0,196.8692626953125,21.62885856628418,86.22500610351562,1.6812229659990408e-05
1230,0.0,204.06698608398438,33.97526550292969,144.16363525390625,7.406666099996073e-06
1230,599.8250732421875,364.9571533203125,40.6749267578125,115.5428466796875,8.540388989786152e-06
1230,579.9795532226562,325.69476318359375,60.52044677734375,154.80523681640625,8.551424798497465e-06
1260,74.95577239990234,168.74790954589844,22.465225219726562,52.008575439453125,1.1303006431262475e-05
1260,627.6087036132812,161.93167114257812,12.89129638671875,50.723968505859375,4.9830227908387315e-06
1260,0.0,174.57989501953125,16.30975341796875,55.264556884765625,1.0521432159293909e-05
1260,79.1532974243164,177.680419921875,23.214324951171875,53.404327392578125,0.00014389031275641173
1260,376.1363525390625,174.901123046875,21.90167236328125,52.099517822265625,8.070020157902036e-06
1260,0.0,183.95819091796875,22.811235427856445,58.695556640625,0.0001243938022525981
1260,65.97380828857422,184.9228973388672,21.606338500976562,51.58837890625,8.426824933849275e-06
1260,73.14771270751953,183.2190399169922,21.885574340820312,51.488311767578125,9.70997498370707e-05
1260,369.51080322265625,180.5198211669922,22.205322265625,52.28912353515625,0.0014696771977469325
1260,6.597429275512695,187.42218017578125,25.12596893310547,60.760406494140625,0.00014185297186486423
1260,16.992759704589844,192.7455596923828,20.94516372680664,51.329345703125,1.6225958461291157e-05
1260,49.07082748413086,191.83810424804688,21.253894805908203,50.9921875,9.189070624415763e-06
1260,55.54704666137695,189.50003051757812,24.125255584716797,57.615966796875,5.314088866725797e-06
1260,0.0,194.78097534179688,16.96012306213379,65.50851440429688,5.721183697460219e-06
1260,0.0,154.825927734375,31.17119026184082,137.49749755859375,4.698096017818898e-05
1260,0.0,146.55911254882812,48.72043991088867,214.92999267578125,1.1860749509651214e-05
1260,69.66337585449219,194.6051025390625,25.661407470703125,58.896575927734375,1.6773345123510808e-05
1260,600.8837280273438,364.2862548828125,39.61627197265625,116.2137451171875,8.894819984561764e-06
1290,627.470703125,161.79473876953125,13.029296875,51.166961669921875,6.735410352121107e-06
1290,0.0,178.00210571289062,16.338104248046875,52.5452880859375,0.0006001152796670794
1290,6.252290725708008,178.3160858154297,22.102535247802734,51.75482177734375,0.0004851123667322099
1290,306.8940734863281,167.1485595703125,21.66571044921875,51.087158203125,1.1768380318244454e-05
1290,393.6613464355469,172.5914764404297,21.65216064453125,52.45623779296875,2.6213310775347054e-06
1290,0.0,131.10714721679688,71.8292236328125,287.165771484375,6.761869371985085e-06
1290,384.41754150390625,177.3611602783203,22.9053955078125,54.6922607421875,1.76333048784727e-06
1290,0.0,184.37139892578125,25.521116256713867,65.37240600585938,0.006338867824524641
1290,369.7551574707031,180.52784729003906,21.5614013671875,50.925018310546875,0.001054310705512762
1290,375.4579772949219,185.19384765625,23.43768310546875,56.29339599609375,3.758576212931075e-06
1290,0.0,198.5413360595703,17.397314071655273,58.50798034667969,2.0495939679676667e-05
1290,0.0,163.9742431640625,31.266189575195312,133.07174682617188,0.0013077614130452275
1290,0.0,150.79835510253906,48.07634735107422,204.95872497558594,0.00025607526185922325
1290,4.428396224975586,195.08811950683594,27.41387176513672,64.59571838378906,0.0002692280104383826
1290,0.0,212.56573486328125,19.934795379638672,68.858642578125,2.5784179342736024e-06
1290,601.0258178710938,363.86578369140625,39.47418212890625,116.63421630859375,1.0394045602879487e-05
1290,580.0723266601562,326.07330322265625,60.42767333984375,154.42669677734375,7.268460649356712e-06
1320,627.4246826171875,162.8521728515625,13.0753173828125,50.84130859375,6.144771759863943e-06
1320,0.0,177.60504150390625,15.16952896118164,50.764801025390625,9.368173778057098e-05
1320,307.0336608886719,166.2334747314453,21.625,51.45709228515625,1.628730387892574e-05
1320,383.7075500488281,177.73504638671875,23.156005859375,55.28814697265625,9.853136361925863e-06
1320,391.697998046875,176.3443145751953,22.68792724609375,54.15185546875,8.199589501600713e-06
1320,0.5093269348144531,188.11737060546875,22.057220458984375,50.983245849609375,0.0004915958270430565
1320,370.1282043457031,180.72434997558594,21.561767578125,50.54693603515625,0.0037966661620885134
1320,7.008722305297852,195.85769653320312,21.503738403320312,50.65472412109375,0.00011525208537932485
1320,375.2084655761719,184.09506225585938,23.25701904296875,55.686981201171875,2.4123881303239614e-05
1320,529.9376220703125,181.326171875,32.81689453125,78.40451049804688,1.8702475017562392e-06
1320,0.0,195.40382385253906,18.40281105041504,67.28343200683594,3.37953788402956e-05
1320,0.0,179.71681213378906,24.95026397705078,105.05812072753906,8.061970584094524e-05
1320,0.0,146.7511749267578,48.014183044433594,221.8077850341797,5.1658222218975425e-05
1320,5.668071746826172,206.27528381347656,26.062705993652344,61.28462219238281,7.414849733322626e-06
1320,0.0,197.18638610839844,33.101097106933594,146.76405334472656,1.3410572137217969e-05
1320,600.5288696289062,363.92584228515625,39.97113037109375,116.57415771484375,9.004389539768454e-06
1320,579.517333984375,327.08453369140625,60.982666015625,153.41546630859375,5.711839094146853e-06
1350,627.5294189453125,162.44873046875,12.9705810546875,50.9918212890625,6.884464710310567e-06
1350,0.0,176.9995880126953,15.087820053100586,50.551239013671875,1.714464815449901e-05
1350,0.0,153.06117248535156,22.846736907958984,100.85028076171875,1.1698887192324037e-06
1350,384.4057922363281,177.3588409423828,22.837158203125,55.089874267578125,2.138041281796177e-06
1350,1.0935277938842773,189.68704223632812,22.032268524169922,50.946014404296875,9.487535135122016e-05
1350,369.50732421875,180.06497192382812,21.57293701171875,50.635040283203125,0.00202838028781116
1350,7.351140975952148,198.70089721679688,21.413341522216797,50.798309326171875,7.114832988008857e-05
1350,375.265380859375,184.06434631347656,23.58074951171875,56.47491455078125,1.1091495252912864e-05
1350,0.0,199.42041015625,19.052547454833984,68.50100708007812,3.9596874557901174e-05
1350,0.0,180.2235565185547,25.36033058166504,110.17140197753906,9.009805944515392e-05
1350,0.0,145.45162963867188,47.549800872802734,221.32009887695312,9.704301919555292e-05
1350,5.754927635192871,209.60635375976562,25.72635269165039,61.58197021484375,1.5367877495009452e-05
1350,0.0,194.98703002929688,33.7318000793457,146.50653076171875,6.931186362635344e-05
1350,600.7412109375,364.57415771484375,39.7587890625,115.92584228515625,7.023120815574657e-06
1350,579.0726318359375,328.5736083984375,61.4273681640625,151.9263916015625,8.311432793561835e-06
1380,0.0,0.0,46.87303924560547,111.02027893066406,3.095192141699954e-06
1380,393.38189697265625,172.07867431640625,21.84130859375,53.229217529296875,4.3710297177312896e-06
1380,537.1047973632812,170.35044860839844,21.30908203125,51.1610107421875,6.96651386533631e-06
1380,627.2323608398438,170.14688110351562,13.26763916015625,50.727691650390625,2.447323140586377e-06
1380,6.448678970336914,184.29861450195312,22.100364685058594,51.629669189453125,0.0015594890573993325
1380,384.55889892578125,176.46206665039062,23.11907958984375,55.324920654296875,5.188049271964701e-06
1380,0.0,188.0255126953125,17.165149688720703,53.489715576171875,9.109188249567524e-05
1380,369.50433349609375,180.5566864013672,21.3502197265625,50.738372802734375,0.0004623481072485447
1380,0.0,193.1741180419922,25.6418399810791,63.53778076171875,0.00022819096921011806
1380,375.3494873046875,184.5707550048828,23.348388671875,56.29156494140625,1.0448158718645573e-05
1380,0.0,167.042236328125,31.865243911743164,135.5125732421875,0.00044699464342556894
1380,0.0,208.9043731689453,19.541404724121094,67.45362854003906,3.425800605327822e-05
1380,0.0,148.41006469726562,47.899620056152344,214.640869140625,0.00012528052320703864
1380,6.987693786621094,211.29736328125,21.979217529296875,51.63360595703125,3.116256993962452e-05
1380,0.0,207.09521484375,33.04264450073242,145.15289306640625,4.285706381779164e-06
1380,600.6021118164062,364.2106018066406,39.89788818359375,116.28939819335938,6.610261607420398e-06
1380,579.9503784179688,325.94647216796875,60.54962158203125,154.55352783203125,7.3510109359631315e-06
1410,0.0,177.3437957763672,15.655838966369629,51.121337890625,6.394172669388354e-05
1410,5.536022186279297,177.08790588378906,24.18775177001953,59.6343994140625,2.1236102838884108e-05
1410,306.7064514160156,166.83856201171875,21.87744140625,51.732452392578125,5.1712845561269205e-06
1410,627.3656616210938,169.6410675048828,13.13433837890625,50.558563232421875,3.662105882540345e-06
1410,375.7916564941406,177.30384826660156,21.9122314453125,52.203033447265625,6.69179735268699e-06
1410,0.0,185.81869506835938,25.446247100830078,63.047393798828125,0.0015086567727848887
1410,369.55511474609375,181.027587890625,21.8990478515625,51.71099853515625,0.0023525075521320105
1410,0.0,201.68357849121094,16.618017196655273,56.85340881347656,1.6916736058192328e-05
1410,0.0,165.52352905273438,32.051300048828125,136.49072265625,0.0004740530566778034
1410,0.0,147.8434600830078,49.595272064208984,210.9542694091797,0.0001537833595648408
1410,7.464956283569336,203.3169403076172,22.0654296875,51.240478515625,0.0005675652646459639
1410,0.0,198.0132293701172,22.02527618408203,86.59523010253906,1.5629426343366504e-05
1410,0.0,206.68829345703125,26.76490020751953,122.49786376953125,1.5437312868016306e-06
1410,599.9996337890625,364.6224670410156,40.5003662109375,115.87753295898438,7.993242434167769e-06
1410,578.6348266601562,326.09991455078125,61.86517333984375,154.40008544921875,1.0953174751193728e-05
1440,627.5653076171875,162.0742950439453,12.9346923828125,50.817352294921875,4.147598701820243e-06
1440,0.0,178.25094604492188,16.388395309448242,51.313934326171875,0.0007062358781695366
1440,6.335515022277832,178.51402282714844,21.874645233154297,51.13800048828125,0.00013368947838898748
1440,394.00238037109375,172.90365600585938,21.70574951171875,52.527679443359375,5.036840320826741e-06
1440,0.0,121.41630554199219,72.70570373535156,293.458984375,1.2998237252759282e-05
1440,0.0,184.45046997070312,25.04608917236328,64.980712890625,0.006767353508621454
1440,369.023193359375,179.35113525390625,22.38714599609375,52.490264892578125,0.00016796843556221575
1440,13.726667404174805,191.986083984375,24.56931495666504,59.296417236328125,1.234894443769008e-05
1440,0.0,199.0724639892578,17.585826873779297,58.65565490722656,1.4251470929593779e-05
1440,0.0,166.338134765625,32.31404113769531,134.84194946289062,0.0018472273368388414
1440,4.341263771057129,196.70709228515625,27.38582992553711,65.69467163085938,0.00012451555812731385
1440,0.0,148.21597290039062,47.283042907714844,208.80548095703125,0.00035405741073191166
1440,0.0,201.1788787841797,23.62984275817871,91.85859680175781,2.267183481308166e-05
1440,0.0,207.63388061523438,33.45740509033203,144.95965576171875,7.243755590025103e-06
1440,600.2141723632812,364.76470947265625,40.28582763671875,115.73529052734375,7.214201559690991e-06
1440,578.9306030273438,326.7747802734375,61.56939697265625,153.7252197265625,9.200610293191858e-06
1470,0.0,167.15261840820312,16.282806396484375,58.5299072265625,5.796173809358152e-06
1470,306.91302490234375,166.81800842285156,21.814453125,52.026275634765625,3.938509962608805e-06
1470,586.0689086914062,170.66067504882812,22.4420166015625,54.0858154296875,6.575566658284515e-06
1470,592.9067993164062,168.18685913085938,23.21044921875,55.007568359375,6.929765277163824e-06
1470,600.2299194335938,169.55908203125,23.28955078125,54.412017822265625,5.47109120816458e-05
1470,626.7774658203125,168.54563903808594,13.7225341796875,52.9576416015625,3.824215127679054e-06
1470,1.0618648529052734,187.8685302734375,22.076908111572266,51.72882080078125,0.0010561383096501231
1470,369.55877685546875,180.9837646484375,22.14080810546875,51.770172119140625,0.004607170354574919
1470,6.747531890869141,195.37066650390625,21.996280670166016,51.913055419921875,0.0005322008510120213
1470,0.0,195.8278350830078,19.732070922851562,69.78044128417969,4.482207805267535e-05
1470,0.0,180.5828857421875,26.138103485107422,106.86331176757812,0.0002174537949031219
1470,0.0,149.49609375,49.583126068115234,210.33462524414062,0.00011477686348371208
1470,5.024238586425781,205.15908813476562,26.971187591552734,62.775665283203125,1.9061393686570227e-05
1470,0.0,196.159423828125,33.546478271484375,146.10809326171875,5.111063364893198e-05
1470,600.5518798828125,364.8839416503906,39.9481201171875,115.61605834960938,7.505265784857329e-06
1470,579.993408203125,327.237548828125,60.506591796875,153.262451171875,8.046427865338046e-06
1500,0.0,0.0,45.775535583496094,110.3538589477539,3.1152226256381255e-06
1500,627.6019897460938,161.9801788330078,12.89801025390625,51.118438720703125,5.2083701120864134e-06
1500,0.0,178.04925537109375,15.150184631347656,50.833740234375,4.61269955849275e-05
1500,6.798979759216309,183.79750061035156,21.91766357421875,51.409698486328125,4.1687078919494525e-05
1500,345.47808837890625,176.8606719970703,22.7869873046875,56.021148681640625,1.4694750234411913e-06
1500,353.21368408203125,177.80758666992188,22.50897216796875,54.556488037109375,2.7628004772850545e-06
1500,360.6917419433594,177.3560791015625,22.76507568359375,54.470123291015625,4.550216999632539e-06
1500,535.2849731445312,177.66001892089844,23.5694580078125,55.511688232421875,0.00034510213299654424
1500,0.5936450958251953,190.18408203125,22.500385284423828,52.430694580078125,0.0003730570897459984
1500,366.86529541015625,180.61570739746094,23.73382568359375,56.834136962890625,8.993670803647547e-07
1500,530.1902465820312,183.7950439453125,21.671875,52.11920166015625,1.0156320968235377e-05
1500,525.3670654296875,175.26805114746094,31.0098876953125,73.16802978515625,1.2850970961153507e-05
1500,0.0,202.370361328125,17.202247619628906,57.625946044921875,1.209172660310287e-05
1500,0.0,182.38494873046875,27.065704345703125,110.64581298828125,0.0005064908182248473
1500,7.456695556640625,204.80389404296875,22.28799057006836,51.9473876953125,0.0001366989890811965
1500,14.849349021911621,202.49508666992188,23.885746002197266,56.98284912109375,6.678893441858236e-06
1500,0.0,147.53604125976562,48.082611083984375,212.08251953125,0.00048602744936943054
1500,0.0,133.72511291503906,72.8235855102539,289.05120849609375,7.651731721125543e-06
1500,0.0,215.42642211914062,20.78734016418457,69.71221923828125,5.849410626979079e-06
1500,4.273237228393555,213.34100341796875,28.573640823364258,68.85848999023438,8.482515113428235e-06
1500,0.0,195.42501831054688,34.13693618774414,147.43096923828125,8.366252586711198e-05
1500,600.1868896484375,360.7987060546875,40.3131103515625,119.7012939453125,6.131419922894565e-06
1530,627.5707397460938,162.50286865234375,12.92926025390625,50.7281494140625,1.039723792928271e-05
1530,0.0,176.5387420654297,16.312793731689453,57.95391845703125,1.909825914481189e-05
1530,391.0216369628906,178.6656036376953,22.66754150390625,55.149932861328125,0.00013207699521444738
1530,375.6373291015625,184.93833923339844,22.12615966796875,52.23272705078125,0.0003073835978284478
1530,384.5899353027344,183.44554138183594,21.7054443359375,51.16217041015625,9.431122452951968e-05
1530,0.5147218704223633,195.300048828125,22.38656997680664,52.15008544921875,0.0005930334446020424
1530,0.0,183.55345153808594,26.08841896057129,104.72908020019531,0.0002909816394094378
1530,7.095829963684082,203.7099151611328,21.876739501953125,51.980926513671875,7.216331869130954e-05
1530,369.4538879394531,192.11895751953125,21.4832763671875,51.57183837890625,0.00010587205179035664
1530,0.0,205.48013305664062,19.446178436279297,69.6650390625,5.263746061245911e-05
1530,0.0,153.54019165039062,47.23737335205078,211.86846923828125,0.0001486662804381922
1530,4.928112983703613,213.15382385253906,27.12493133544922,64.92503356933594,9.082276847038884e-06
1530,0.0,197.987548828125,30.84959602355957,141.78271484375,5.330688873073086e-05
1530,599.1898803710938,362.14898681640625,41.31011962890625,118.35101318359375,7.0561313805228565e-06
1560,0.0,0.0,46.51783752441406,111.3614273071289,3.853179805446416e-06
1560,368.9827575683594,175.37864685058594,21.43780517578125,52.60498046875,1.9865678041242063e-05
1560,627.597412109375,162.28939819335938,12.902587890625,51.221099853515625,1.0816908798005898e-05
1560,0.0,175.82321166992188,16.540632247924805,58.1492919921875,2.5004830604302697e-05
1560,4.707025527954102,181.32748413085938,24.504108428955078,61.486663818359375,8.0168763815891e-05
1560,391.40863037109375,178.2905731201172,22.707763671875,54.70404052734375,3.327719241497107e-05
1560,375.4887390136719,181.8803253173828,21.77691650390625,52.721710205078125,0.000245342351263389
1560,383.7392883300781,180.2519989013672,23.52667236328125,56.324737548828125,4.4073920435039327e-05
1560,0.0,192.1951904296875,24.536033630371094,61.92852783203125,0.0012437042314559221
1560,362.9613952636719,187.53369140625,20.80621337890625,50.7283935546875,3.698088403325528e-05
1560,0.0,167.0460205078125,31.464570999145508,132.62652587890625,0.00040263758273795247
1560,7.401213645935059,203.26092529296875,21.598957061767578,50.72711181640625,0.0006412577349692583
1560,0.0,206.46929931640625,19.09122657775879,68.3536376953125,3.618142000050284e-05
1560,0.0,151.2011260986328,48.247066497802734,218.27561950683594,0.00013559834042098373
1560,0.0,202.67105102539062,35.280662536621094,146.8592529296875,1.4967542483645957e-05
1560,599.3217163085938,362.69287109375,41.17828369140625,117.80712890625,6.241395112738246e-06
1590,0.0,0.0,29.218442916870117,69.38878631591797,6.972608730393404e-07
1590,0.0,0.0,46.312828063964844,111.50736236572266,2.9013156108703697e-06
1590,596.1730346679688,0.0,44.32696533203125,120.8900375366211,1.38357415835344e-06
1590,368.8872985839844,173.87965393066406,21.531982421875,53.27301025390625,1.4038208064448554e-05
1590,627.9202270507812,161.21946716308594,12.57977294921875,50.651641845703125,1.6149759176187217e-05
1590,0.0,175.7049102783203,16.827438354492188,57.8087158203125,2.858674451999832e-05
1590,391.5610656738281,177.7561492919922,22.84765625,54.839080810546875,3.998376632807776e-05
1590,400.0592956542969,176.6341552734375,21.98199462890625,51.924560546875,8.109954251267482e-06
1590,1.4102764129638672,188.3959503173828,21.89662742614746,52.062957763671875,0.0029622314032167196
1590,375.459228515625,182.42723083496094,21.9447021484375,52.833831787109375,0.00013920533820055425
1590,383.92791748046875,180.40750122070312,23.47686767578125,55.743377685546875,1.2515270100266207e-05
1590,5.170468330383301,193.2320098876953,25.811458587646484,63.53099060058594,0.0020400008652359247
1590,13.950323104858398,193.42697143554688,24.704530715942383,59.89642333984375,1.1711395018210169e-05
1590,627.3570556640625,194.5508270263672,13.1429443359375,50.5478515625,4.7478742999373935e-06
1590,0.0,196.43544006347656,19.690475463867188,70.40800476074219,4.260478453943506e-05
1590,0.0,180.93016052246094,27.146575927734375,110.56260681152344,0.0003593160945456475
1590,0.0,149.65435791015625,49.9541015625,214.0224609375,0.0004637437523342669
1590,0.0,126.15597534179688,73.34028625488281,290.7318115234375,1.0044345799542498e-05
1590,4.408106803894043,212.4241485595703,28.85089111328125,69.58189392089844,1.6128487914102152e-05
1590,0.0,194.55166625976562,34.11945724487305,150.0989990234375,0.00011752944556064904
1590,599.6692504882812,363.31072998046875,40.83074951171875,117.18927001953125,7.874364200688433e-06
1620,627.5304565429688,162.2588348388672,12.96954345703125,51.20709228515625,9.146579941443633e-06
1620,0.0,188.5270233154297,16.778043746948242,53.144744873046875,0.00014513710630126297
1620,337.1360168457031,183.54737854003906,22.843994140625,54.21282958984375,5.405627962318249e-05
1620,351.1340637207031,183.00323486328125,23.152587890625,54.866729736328125,7.853785064071417e-06
1620,359.1379699707031,184.7230224609375,22.84228515625,54.9217529296875,6.110225058364449e-06
1620,376.37579345703125,186.41294860839844,22.84222412109375,53.068878173828125,3.7098243410582654e-06
1620,0.0,194.3529052734375,24.613529205322266,62.0819091796875,0.00022445233480539173
1620,7.252999305725098,198.68080139160156,21.65644073486328,50.93988037109375,6.615476740989834e-05
1620,344.54205322265625,187.57498168945312,21.33447265625,51.461395263671875,1.1475834980956279e-05
1620,368.2421875,190.2064666748047,23.59466552734375,54.99542236328125,1.682316724327393e-05
1620,0.0,165.86328125,29.18886375427246,128.92791748046875,0.00013272099022287875
1620,0.0,208.6186981201172,17.995752334594727,64.72297668457031,1.4966401067795232e-05
1620,0.0,154.82061767578125,45.80734634399414,219.6993408203125,2.9392993383225985e-05
1620,5.514556884765625,214.73590087890625,25.29052734375,60.138763427734375,8.785737009020522e-06
1620,0.0,202.87814331054688,33.27603530883789,145.62127685546875,1.0191190995101351e-05
1620,599.470947265625,362.74285888671875,41.029052734375,117.75714111328125,6.432114332710626e-06
1650,627.7052612304688,162.68505859375,12.79473876953125,51.19403076171875,5.251682978268946e-06
1650,0.0,184.70880126953125,16.621482849121094,50.77606201171875,0.00025507889222353697
1650,4.787422180175781,182.00457763671875,24.102066040039062,59.985321044921875,3.231419759686105e-05
1650,392.6435241699219,178.06072998046875,21.88427734375,52.826507568359375,1.4413439203053713e-05
1650,375.73388671875,182.56015014648438,21.60247802734375,51.807952880859375,1.023804725264199e-05
1650,384.3787841796875,181.73052978515625,22.7237548828125,54.402435302734375,1.4477265040113707e-06
1650,0.0,192.37623596191406,23.808940887451172,61.551422119140625,0.0016765942564234138
1650,65.56629180908203,194.4253387451172,21.051773071289062,50.639862060546875,0.00022969476412981749
1650,72.83450317382812,191.4981231689453,21.261474609375,51.87158203125,6.10148417763412e-05
1650,368.3936462402344,186.30862426757812,23.14898681640625,54.338897705078125,0.00019619872909970582
1650,6.940924644470215,202.70086669921875,21.78152084350586,51.41290283203125,0.0001495475007686764
1650,55.80372619628906,199.4700164794922,23.995376586914062,56.661956787109375,2.7282801966066472e-05
1650,78.49552154541016,199.05201721191406,23.975448608398438,55.575225830078125,1.4098878637014423e-05
1650,0.0,208.3304443359375,16.068744659423828,57.04449462890625,4.304145841160789e-05
1650,0.0,154.14488220214844,46.80794906616211,213.58949279785156,4.316522245062515e-05
1650,0.0,183.3145751953125,25.84644317626953,113.6790771484375,8.165983308572322e-05
1650,0.0,222.78460693359375,19.362838745117188,65.65386962890625,1.5868306491029216e-06
1650,0.0,202.53271484375,34.015506744384766,144.97186279296875,1.2203680853417609e-05
1650,599.3739013671875,364.3028869628906,41.1260986328125,116.19711303710938,8.568396879127249e-06
1680,0.0,0.0,46.790279388427734,109.36575317382812,4.447304945642827e-06
1680,627.6444702148438,162.18218994140625,12.85552978515625,51.306549072265625,7.755893420835491e-06
1680,0.0,176.31039428710938,17.74783706665039,59.860076904296875,8.768726547714323e-05
1680,5.528217315673828,178.33099365234375,24.438053131103516,59.896697998046875,4.496618566918187e-05
1680,364.5657653808594,180.013671875,21.413330078125,50.901702880859375,2.2737351173418574e-05
1680,0.0,185.60829162597656,25.366104125976562,65.67938232421875,0.0046193888410925865
1680,375.3221435546875,182.6660919189453,21.43536376953125,51.62982177734375,7.244641165016219e-05
1680,383.63201904296875,181.556640625,22.84783935546875,54.340179443359375,1.7414099602319766e-06
1680,368.9765930175781,186.46481323242188,22.68157958984375,53.654296875,7.493077282560989e-05
1680,0.0,182.48052978515625,32.34757614135742,103.86309814453125,0.0012640636414289474
1680,6.695305824279785,201.30441284179688,22.97441864013672,53.97540283203125,0.0006689369329251349
1680,13.961050033569336,198.867919921875,25.056428909301758,59.502471923828125,1.835766488511581e-05
1680,0.0,203.93714904785156,20.892337799072266,71.69978332519531,2.1865693270228803e-05
1680,0.0,148.98683166503906,49.760353088378906,210.11289978027344,0.0007851531845517457
1680,0.0,128.8125,74.31050872802734,288.09344482421875,1.253233858733438e-05
1680,0.0,201.57769775390625,34.9957275390625,146.88311767578125,2.464367207721807e-05
1680,598.7448120117188,362.95928955078125,41.75518798828125,117.54071044921875,8.859238732839003e-06
1710,0.0,0.0,46.53852844238281,111.35848999023438,2.9530701795010827e-06
1710,627.2369995117188,163.00831604003906,13.26300048828125,51.880340576171875,8.058491403062362e-06
1710,0.0,177.4442138671875,15.39212417602539,50.928955078125,3.8053574826335534e-05
1710,0.0,155.8370361328125,23.09556770324707,97.64508056640625,2.1908651888224995e-06
1710,6.52933406829834,183.35752868652344,21.68880844116211,50.619293212890625,3.95937058783602e-05
1710,384.0466003417969,177.0526123046875,23.29534912109375,55.50128173828125,2.938173111033393e-06
1710,391.9721984863281,176.46524047851562,22.48699951171875,54.462493896484375,4.798154350282857e-06
1710,0.577357292175293,189.4829559326172,21.980213165283203,51.246734619140625,0.00020550869521684945
1710,375.430908203125,181.00723266601562,22.38519287109375,53.217529296875,5.257154771243222e-05
1710,626.5223999023438,185.54046630859375,13.97760009765625,56.617401123046875,1.1993932275800034e-05
1710,4.942634582519531,194.68206787109375,26.06915283203125,63.61181640625,0.00011687719961628318
1710,368.7076416015625,186.24969482421875,23.43450927734375,55.1485595703125,8.11331847216934e-05
1710,0.0,201.71018981933594,16.860502243041992,56.43074035644531,1.499822064943146e-05
1710,0.0,181.59262084960938,26.304950714111328,107.66949462890625,0.00021906178153585643
1710,0.0,146.41624450683594,49.35193634033203,212.53871154785156,0.00018933664250653237
1710,0.0,215.7722625732422,20.009958267211914,67.73591613769531,3.5121004202665063e-06
1710,0.0,195.86514282226562,33.212562561035156,144.1456298828125,4.8516620154259726e-05
1710,600.0556640625,361.2952575683594,40.4443359375,119.20474243164062,5.6291723922186065e-06
1740,627.5169067382812,161.58364868164062,12.98309326171875,51.208465576171875,1.0585370546323247e-05
1740,0.0,185.56390380859375,16.730825424194336,51.07940673828125,0.00021336549252737314
1740,4.518523216247559,181.52210998535156,24.5418701171875,61.939849853515625,2.2088879632065073e-05
1740,0.0,193.28494262695312,24.02491569519043,62.323272705078125,0.0009023142629303038
1740,345.8418273925781,189.25820922851562,21.16741943359375,52.45867919921875,3.925432974938303e-05
1740,353.5970764160156,190.91021728515625,21.06036376953125,50.895477294921875,1.3997942915011663e-05
1740,349.3241271972656,183.02908325195312,31.23797607421875,74.15554809570312,3.268609589213156e-06
1740,359.70111083984375,192.3528594970703,22.39593505859375,51.8804931640625,0.00013444219075608999
1740,6.977424621582031,203.64483642578125,21.73321533203125,51.04010009765625,0.0001899156195577234
1740,0.0,209.03094482421875,16.42776870727539,57.3052978515625,1.2485312254284509e-05
1740,0.0,168.09190368652344,31.411672592163086,140.4680938720703,0.0002696716401260346
1740,0.0,152.94520568847656,48.06243896484375,215.0657196044922,0.00015425450692418963
1740,0.0,207.2167205810547,23.778629302978516,91.95069885253906,2.6400921342428774e-06
1740,599.0791015625,361.7387390136719,41.4208984375,118.76126098632812,7.973614629008807e-06
1770,0.0,0.0,46.963069915771484,112.4411849975586,3.876524715451524e-06
1770,369.1133117675781,173.60833740234375,22.01324462890625,54.38873291015625,6.9796337811567355e-06
1770,627.0656127929688,169.53334045410156,13.43438720703125,51.515899658203125,6.112778009992326e-06
1770,383.57574462890625,179.80426025390625,23.4429931640625,54.89666748046875,4.168469604337588e-05
1770,391.6806945800781,178.04302978515625,22.43377685546875,54.072113037109375,3.6332236049929634e-05
1770,536.1292724609375,178.68643188476562,22.8245849609375,54.294219970703125,4.4346354115987197e-05
1770,0.7259464263916016,184.2715301513672,21.369184494018555,50.985321044921875,0.008482897654175758
1770,7.387828826904297,186.30712890625,21.511608123779297,50.753753662109375,0.008186624385416508
1770,375.61309814453125,183.0796356201172,22.057861328125,52.872833251953125,0.00035736916470341384
1770,0.0,172.94949340820312,25.549657821655273,97.43548583984375,0.0003667286946438253
1770,14.364121437072754,190.72274780273438,24.701919555664062,57.41363525390625,4.911101495963521e-05
1770,530.6279907226562,179.50595092773438,32.6927490234375,76.6864013671875,1.9564840840757824e-06
1770,0.0,195.79452514648438,16.15914535522461,57.970947265625,8.716137017472647e-06
1770,5.190769195556641,192.59364318847656,27.32801055908203,65.75175476074219,5.7850906159728765e-05
1770,3.728527069091797,178.6882781982422,40.68999099731445,97.74360656738281,5.005007096769987e-06
1770,0.0,143.95159912109375,46.127559661865234,214.2498779296875,3.831597859971225e-05
1770,0.0,183.3792724609375,32.8062744140625,143.53851318359375,5.846655312780058e-06
1770,600.5348510742188,362.8888244628906,39.96514892578125,117.61117553710938,6.674410542473197e-06
1770,578.9155883789062,328.2501220703125,61.58441162109375,152.2498779296875,8.075178811850492e-06
1800,0.0,0.0,29.67031478881836,71.85604858398438,1.097786366699438e-06
1800,0.0,0.0,47.40334701538086,112.33027648925781,7.457093033735873e-06
1800,627.6333618164062,162.19302368164062,12.86663818359375,50.932586669921875,5.746890565205831e-06
1800,0.0,178.0020751953125,16.073556900024414,51.217864990234375,0.00010093176388181746
1800,5.675138473510742,177.8999481201172,23.98812484741211,58.818359375,1.2183784747321624e-05
1800,384.17974853515625,177.79234313964844,23.47802734375,55.97955322265625,9.806461093830876e-06
1800,0.0,185.62657165527344,24.584928512573242,63.515380859375,0.0027707794215530157
1800,369.7288818359375,180.7924041748047,21.94390869140625,51.564117431640625,0.000497374392580241
1800,391.4078369140625,180.10443115234375,23.29071044921875,56.75433349609375,2.888546987378504e-06
1800,375.53656005859375,185.54136657714844,23.17919921875,55.29583740234375,8.291955964523368e-06
1800,0.0,165.78659057617188,32.37070083618164,133.07986450195312,0.0009227245463989675
1800,4.7983903884887695,196.6068115234375,26.914031982421875,64.1458740234375,0.00012064170005032793
1800,0.0,204.26470947265625,19.89942741394043,69.5472412109375,3.255658157286234e-05
1800,0.0,146.73019409179688,48.716102600097656,215.71627807617188,0.00015978541341610253
1800,0.0,206.5107879638672,26.77794647216797,124.01307678222656,1.5237540083035128e-06
1800,600.0399169921875,360.402099609375,40.4600830078125,120.097900390625,7.4821532507485244e-06
1830,0.0,0.0,29.25882911682129,67.90007781982422,8.118133791867876e-07
1830,0.0,0.0,46.84893035888672,109.68573760986328,2.744952325883787e-06
1830,627.7642211914062,162.24700927734375,12.73577880859375,50.73114013671875,5.656876510329312e-06
1830,0.0,155.3312225341797,22.405317306518555,97.81573486328125,2.1724001726397546e-06
1830,383.7338562011719,179.17227172851562,23.3363037109375,55.162811279296875,6.03214857619605e-06
1830,391.7812194824219,177.3192138671875,22.681640625,54.422119140625,7.005381121416576e-06
1830,0.7593135833740234,189.14749145507812,21.992143630981445,50.91302490234375,0.00017853137978818268
1830,375.85516357421875,182.00186157226562,22.126953125,52.37158203125,3.240106161683798e-05
1830,369.07421875,186.31227111816406,23.0216064453125,54.6361083984375,0.00012865015014540404
1830,0.0,196.60911560058594,18.970787048339844,68.88923645019531,2.096653224725742e-05
1830,0.0,180.94375610351562,25.546537399291992,107.99603271484375,6.898315041325986e-05
1830,7.91724967956543,204.18955993652344,21.81554412841797,51.0023193359375,0.000143697252497077
1830,0.0,149.64991760253906,48.20668411254883,221.6406707763672,7.322474266402423e-05
1830,0.0,196.32020568847656,33.82891082763672,146.35935974121094,3.0445444281212986e-05
1830,599.7118530273438,361.730712890625,40.78814697265625,118.769287109375,5.091208549856674e-06
1830,577.672119140625,326.53277587890625,62.827880859375,153.96722412109375,1.0304814168193843e-05
