30,424.7215270996094,157.82546997070312,21.450927734375,51.854034423828125,9.324613529315684e-06
60,455.5636291503906,169.9272918701172,23.3851318359375,55.066741943359375,6.949453563720454e-07
60,449.16412353515625,176.64768981933594,23.10784912109375,54.07354736328125,2.3284121652977774e-06
60,7.902979850769043,210.18280029296875,24.043933868408203,56.7354736328125,1.4363110494741704e-05
60,16.821971893310547,210.3485870361328,22.731773376464844,54.27140808105469,1.943587221830967e-06
60,0.0,216.04673767089844,16.682357788085938,59.24830627441406,1.2193071597721428e-05
60,24.368457794189453,216.37380981445312,22.716201782226562,53.786407470703125,4.279355380276684e-06
60,0.0,200.2687225341797,23.98027992248535,105.16499328613281,7.004465714999242e-06
90,464.5378112792969,180.26605224609375,21.96527099609375,53.12750244140625,0.00010947559349006042
90,48.659847259521484,182.81199645996094,22.374759674072266,51.887451171875,3.6806347907258896e-06
90,435.79168701171875,186.27667236328125,21.27459716796875,51.0731201171875,1.8890442561314558e-06
90,450.1900634765625,187.0518798828125,21.013671875,50.64239501953125,6.431427664210787e-06
90,454.967529296875,183.10699462890625,26.22381591796875,62.6475830078125,2.600336301838979e-05
90,27.786344528198242,181.41378784179688,33.741844177246094,78.71926879882812,4.142630132264458e-06
90,39.59443664550781,185.18247985839844,24.136489868164062,56.264434814453125,2.761388486760552e-06
90,42.1634521484375,180.9669952392578,32.675025939941406,77.33097839355469,1.1852517673105467e-05
90,52.995967864990234,186.8405303955078,26.339771270751953,59.715301513671875,5.1101792450936045e-06
90,609.7100830078125,187.13504028320312,20.620849609375,50.501556396484375,5.689603312930558e-06
90,616.1963500976562,185.08511352539062,24.30364990234375,56.024566650390625,8.898044143279549e-06
90,627.0917358398438,186.12184143066406,13.40826416015625,51.508544921875,2.534446321078576e-05
90,29.881412506103516,194.52651977539062,41.05849838256836,103.4356689453125,3.183607987011783e-05
90,30.64111328125,211.05343627929688,28.867210388183594,68.19540405273438,5.736120328947436e-06
90,43.12236022949219,208.87477111816406,30.64080047607422,70.81181335449219,3.87428599424311e-06
120,609.6331176757812,95.19776916503906,21.7403564453125,52.37678527832031,0.0005990474601276219
120,613.3843383789062,98.7540054321289,25.961181640625,62.23993682861328,0.03972604498267174
120,624.2266235351562,98.9623794555664,16.27337646484375,55.88867950439453,0.00020126343588344753
120,612.6114501953125,78.1170883178711,27.8885498046875,120.00086212158203,6.210057563293958e-06
120,602.2803955078125,97.99604034423828,32.4656982421875,77.92220306396484,0.0007464549853466451
120,621.2244873046875,109.10662841796875,19.2755126953125,82.84957885742188,5.813417828903766e-06
120,78.83772277832031,194.75401306152344,25.87506103515625,61.33917236328125,1.3950447282695677e-05
120,88.34166717529297,196.03805541992188,22.198516845703125,53.335662841796875,5.3980445954948664e-05
120,627.53466796875,200.58566284179688,12.96533203125,52.63824462890625,6.365229182847543e-06
120,70.76109313964844,198.89093017578125,27.5570068359375,64.89059448242188,7.715186256973539e-06
120,575.8821411132812,214.60365295410156,22.949462890625,52.53068542480469,2.8389113140292466e-06
150,97.56859588623047,198.1245574951172,21.003036499023438,50.987152099609375,1.8644703914105776e-06
150,104.59284973144531,198.93585205078125,21.264602661132812,51.71685791015625,3.0274536584329326e-06
150,601.170166015625,226.17176818847656,22.496337890625,54.33027648925781,6.98667963661137e-06
150,609.6094970703125,230.65896606445312,21.1739501953125,51.3665771484375,7.165949682530481e-06
150,625.6134033203125,226.47271728515625,14.8865966796875,56.892059326171875,3.9299909985857084e-05
150,592.2933349609375,152.65664672851562,48.2066650390625,239.6993408203125,5.825094376632478e-06
150,618.2178955078125,237.14710998535156,21.883544921875,52.80711364746094,2.002998826355906e-06
150,627.58544921875,243.6696014404297,12.91455078125,59.33326721191406,7.219425242510624e-06
180,374.5107421875,180.38229370117188,22.8548583984375,54.95703125,1.0196616130997427e-05
180,361.8814392089844,184.17898559570312,22.97540283203125,54.68017578125,4.623180575435981e-05
180,368.5683898925781,180.9925079345703,21.5711669921875,50.53240966796875,9.822502033784986e-05
240,175.75506591796875,188.75564575195312,22.165618896484375,53.133880615234375,1.1453445267761708e-06
240,627.6306762695312,210.31072998046875,12.86932373046875,50.551483154296875,8.332893230544869e-06
270,468.66949462890625,142.95004272460938,25.93975830078125,61.955810546875,4.404731953400187e-05
270,466.2633056640625,159.1132354736328,21.7451171875,51.93499755859375,4.031234493595548e-05
270,626.3265991210938,160.0027313232422,14.17340087890625,56.355865478515625,1.8953665858134627e-05
270,0.0,169.79725646972656,16.01542854309082,51.503631591796875,0.0001414090656908229
270,0.0,88.74478149414062,60.54409408569336,314.9223937988281,1.3777871572528966e-06
270,589.0750122070312,95.32245635986328,51.42498779296875,243.98712158203125,4.54395376436878e-05
300,627.0715942382812,174.59664916992188,13.42840576171875,57.042236328125,1.4986480891820975e-05
300,0.0,191.08242797851562,15.731224060058594,53.976470947265625,7.02297347743297e-06
300,627.3778076171875,199.65689086914062,13.1221923828125,52.424072265625,8.392147719860077e-06
330,383.71807861328125,177.42330932617188,26.861083984375,64.22280883789062,2.8189442673465237e-05
330,0.0,194.35223388671875,15.624335289001465,53.2406005859375,2.6016707579401555e-06
360,263.7688293457031,184.29705810546875,22.78363037109375,54.57794189453125,3.641767398221418e-05
360,480.7144470214844,188.06105041503906,21.91412353515625,51.4842529296875,1.3697504073206801e-05
390,321.7337951660156,172.9586639404297,31.75286865234375,74.465087890625,4.167733550275443e-06
390,406.104248046875,182.6133575439453,25.533935546875,58.963287353515625,3.2940033634076826e-06
420,595.698974609375,0.0,44.801025390625,120.34790802001953,1.2908972166769672e-05
420,35.08150863647461,161.54598999023438,21.029884338378906,50.529022216796875,4.184752106084488e-05
420,36.866817474365234,161.581787109375,28.427051544189453,66.85330200195312,2.045684141194215e-06
420,448.3115234375,90.34623718261719,132.0130615234375,326.40087890625,3.7941030313959345e-05
420,477.59765625,130.49012756347656,93.5843505859375,214.36997985839844,0.0001183662170660682
420,475.6834411621094,155.02099609375,60.216094970703125,145.82662963867188,3.077437668252969e-06
420,492.8598327636719,159.7681121826172,63.617523193359375,153.3834991455078,0.0006902992026880383
420,518.7647094726562,195.7445831298828,45.228271484375,108.52824401855469,4.0301019907929e-06
420,505.3975830078125,206.32911682128906,44.2581787109375,112.75877380371094,0.00013524439418688416
420,601.6305541992188,363.3223571777344,38.86944580078125,117.17764282226562,5.032638910051901e-06
450,605.3379516601562,173.66204833984375,30.755615234375,73.0848388671875,1.758001235430129e-05
450,626.7741088867188,179.84666442871094,13.72589111328125,52.162384033203125,2.4361545001738705e-05
450,425.56768798828125,185.7142333984375,22.044189453125,52.517608642578125,2.1931814444542397e-06
450,602.4246215820312,189.22926330566406,21.2242431640625,51.118133544921875,2.151346780010499e-05
450,608.9389038085938,190.83425903320312,21.5321044921875,52.12347412109375,4.772545435116626e-05
450,616.888916015625,195.4512939453125,21.4658203125,51.309295654296875,0.00011464527779025957
450,617.2656860351562,169.33999633789062,23.23431396484375,95.6453857421875,7.925806130515411e-06
450,626.8627319335938,202.20040893554688,13.63726806640625,50.53631591796875,0.00011498664389364421
450,592.223876953125,124.55851745605469,48.276123046875,234.58399963378906,5.042390966991661e-06
450,599.8844604492188,360.5754699707031,40.61553955078125,119.92453002929688,4.547839580482105e-06
480,537.2059326171875,123.99746704101562,21.507568359375,51.284393310546875,0.24957039952278137
480,464.27655029296875,26.466064453125,148.4019775390625,313.64251708984375,3.026694685104303e-06
480,15.658623695373535,160.82882690429688,21.178619384765625,50.7200927734375,3.5455792385619134e-05
480,0.0,168.7427520751953,14.54747200012207,52.08856201171875,6.5383414948883e-06
480,2.1284399032592773,167.34170532226562,21.99340057373047,51.937103271484375,3.7647143471986055e-05
480,7.178866386413574,167.97616577148438,25.22278594970703,57.97894287109375,0.00044817759771831334
480,0.0,152.15679931640625,35.0511360168457,83.55361938476562,8.009739758563228e-06
480,59.349876403808594,180.62551879882812,22.2100830078125,51.6849365234375,7.134053157642484e-05
480,627.7454223632812,218.0745086669922,12.75457763671875,51.90324401855469,9.354557732876856e-06
540,626.176025390625,211.59291076660156,14.323974609375,52.03938293457031,1.3207624760980252e-05
540,616.9823608398438,221.2732391357422,22.3555908203125,52.53996276855469,8.272063860204071e-05
540,627.4609985351562,231.55966186523438,13.03900146484375,51.29876708984375,2.672928530955687e-05
570,298.32550048828125,170.17515563964844,21.40814208984375,51.740234375,2.835280156432418e-06
570,627.8450317382812,173.713134765625,12.65496826171875,58.16424560546875,7.1103190748544876e-06
600,0.0,126.79611206054688,14.577730178833008,54.7283935546875,3.8908847272978164e-06
600,337.2176208496094,173.95779418945312,22.06683349609375,52.949676513671875,0.0002527540782466531
600,256.26611328125,82.51210021972656,152.28558349609375,318.2650146484375,3.490140670692199e-06
600,487.2558898925781,180.8641357421875,22.54791259765625,53.736572265625,7.299550634343177e-05
600,274.2982177734375,177.83770751953125,22.78778076171875,53.540283203125,6.514701908599818e-06
630,360.65966796875,177.34828186035156,21.31103515625,50.727569580078125,0.011709718033671379
630,171.21937561035156,179.25001525878906,21.573699951171875,51.2613525390625,8.657845683046617e-06
630,352.407470703125,174.05108642578125,26.27557373046875,64.752685546875,6.612247489101719e-06
630,627.4158325195312,170.1312255859375,13.08416748046875,51.60760498046875,1.1418825124565046e-05
630,281.0375671386719,78.00154113769531,146.01629638671875,326.20745849609375,2.377235887252027e-06
630,282.1969299316406,178.97940063476562,21.5047607421875,51.4150390625,5.774717010353925e-06
660,355.2733154296875,172.86788940429688,20.935302734375,51.889434814453125,3.570545175080042e-07
660,163.03207397460938,179.44000244140625,22.110748291015625,52.132965087890625,6.795883382437751e-05
660,393.2361755371094,174.48992919921875,25.9705810546875,64.18243408203125,2.078824309137417e-06
660,401.7580261230469,178.62692260742188,21.80438232421875,51.785003662109375,0.00033121579326689243
660,166.66390991210938,188.75013732910156,22.7037353515625,55.0311279296875,1.3425157703750301e-05
690,370.80889892578125,170.97393798828125,21.92852783203125,53.6103515625,7.26981943444116e-06
690,447.9175109863281,168.49761962890625,34.05133056640625,81.28958129882812,1.996786977542797e-06
690,374.5942687988281,172.92141723632812,28.8157958984375,69.85482788085938,1.4330751127999974e-06
690,435.165771484375,172.06549072265625,32.87750244140625,75.790771484375,1.1185085895704105e-05
690,466.186767578125,178.0517578125,28.732666015625,68.15884399414062,0.0020840573124587536
690,305.6954040527344,177.40936279296875,22.35894775390625,53.00335693359375,2.442879122099839e-06
690,438.8843994140625,185.92111206054688,21.73895263671875,52.695037841796875,0.4003709554672241
690,447.0832824707031,185.28713989257812,23.28448486328125,55.48919677734375,0.8362432718276978
690,455.7673645019531,185.3394775390625,22.7489013671875,53.89788818359375,0.8818833827972412
690,463.8900146484375,189.04861450195312,21.89215087890625,50.737548828125,0.03710529953241348
720,396.42950439453125,176.98138427734375,22.15911865234375,52.212310791015625,0.00011982345313299447
720,541.60546875,141.5397186279297,77.234619140625,185.8780059814453,1.6832907931529917e-05
720,624.8675537109375,173.7362060546875,15.6324462890625,55.125701904296875,6.337554168567294e-06
720,405.44586181640625,181.37356567382812,20.8671875,50.91192626953125,0.15552416443824768
720,535.9794921875,155.07342529296875,50.6724853515625,122.34698486328125,7.04471403878415e-06
720,565.1095581054688,178.74215698242188,28.2469482421875,67.21954345703125,9.594584298611153e-06
720,582.156005859375,162.675537109375,49.158935546875,119.4605712890625,0.011995471082627773
720,600.0565795898438,177.7283172607422,26.168212890625,62.03643798828125,8.60213390296849e-07
720,591.1097412109375,129.2622528076172,49.3902587890625,210.22950744628906,2.2817941498942673e-05
720,322.6500244140625,119.13153076171875,147.08551025390625,284.8294677734375,4.8878641791816335e-06
720,541.2369995117188,182.1891326904297,31.3360595703125,72.40176391601562,3.449183168413583e-06
720,548.7822265625,178.17868041992188,35.803466796875,86.14126586914062,0.0009204579400829971
720,557.8215942382812,178.53546142578125,39.7393798828125,96.0091552734375,0.9998948574066162
720,572.8380737304688,167.0509033203125,42.044189453125,101.39630126953125,0.9713240265846252
720,587.090576171875,177.31851196289062,34.0531005859375,78.38470458984375,2.685309482330922e-05
720,599.816162109375,169.4496307373047,40.683837890625,103.70173645019531,0.9989504814147949
720,617.6844482421875,176.0377197265625,22.8155517578125,82.11749267578125,7.259912672452629e-05
720,580.6708984375,188.22756958007812,27.3033447265625,64.19479370117188,0.00012736422650050372
720,606.093505859375,185.29685974121094,28.789306640625,67.97406005859375,1.3180231690057553e-05
720,561.451904296875,195.26145935058594,24.6080322265625,57.857666015625,4.123846156289801e-05
720,571.824462890625,190.84762573242188,29.4200439453125,68.9127197265625,0.0003150558040942997
720,624.30859375,202.64712524414062,16.19140625,55.838470458984375,5.3175488574197516e-05
720,597.1780395507812,194.68148803710938,32.08251953125,74.53097534179688,0.0005150557844899595
720,614.1036987304688,206.9483642578125,25.5008544921875,60.476348876953125,2.0579531337716617e-05
720,565.9461059570312,201.64764404296875,27.17431640625,65.65087890625,0.0004851382109336555
720,607.6498413085938,212.61985778808594,24.023193359375,58.55857849121094,0.00010945408575935289
720,626.3995971679688,229.96633911132812,14.10040283203125,51.06109619140625,1.4877091416565236e-05
750,425.46875,177.90005493164062,25.46929931640625,59.799591064453125,1.5515506675001234e-05
750,442.9954833984375,180.43392944335938,24.807373046875,58.792633056640625,0.9999653100967407
750,381.8966064453125,148.05223083496094,126.70025634765625,281.946533203125,4.644091859518085e-06
750,435.384765625,182.4742889404297,23.8607177734375,57.82745361328125,0.0028882704209536314
750,432.7310485839844,169.56068420410156,33.4420166015625,81.95291137695312,2.0015247628180077e-06
750,450.7080078125,182.990966796875,25.02362060546875,58.178985595703125,2.1166104488656856e-05
780,554.073486328125,158.86041259765625,22.9091796875,53.344512939453125,2.365066211496014e-05
780,556.7485961914062,155.88217163085938,29.642333984375,74.945556640625,8.420848644163925e-06
780,529.658447265625,129.70465087890625,82.9334716796875,198.70071411132812,2.6162259018747136e-05
780,561.1123657226562,163.03672790527344,21.634033203125,51.354248046875,5.39089023732231e-06
780,565.4856567382812,164.44065856933594,25.628662109375,58.706024169921875,6.544854841195047e-06
780,568.049560546875,155.9656982421875,34.395751953125,83.7117919921875,5.403163072514872e-07
780,313.5511169433594,170.3373260498047,21.4859619140625,50.793426513671875,1.0441684935358353e-05
780,557.8836059570312,142.00338745117188,50.518310546875,120.06549072265625,1.6082411093520932e-05
780,550.3746337890625,173.48004150390625,28.856689453125,67.89651489257812,1.6210656212933827e-06
780,560.2252807617188,171.51785278320312,32.6641845703125,76.5946044921875,0.0006797285168431699
780,545.741943359375,161.51531982421875,42.3115234375,102.08282470703125,0.9999405145645142
780,568.3394165039062,183.64077758789062,22.6773681640625,51.68377685546875,4.800186616193969e-06
780,521.2517700195312,179.50927734375,41.2969970703125,99.7899169921875,3.1775673505762825e-06
780,556.0839233398438,191.27764892578125,28.2384033203125,66.39984130859375,7.904543053882662e-06
780,541.956787109375,196.01119995117188,31.46435546875,74.46560668945312,1.0339119853597367e-06
780,534.211181640625,213.27444458007812,28.9891357421875,67.85333251953125,6.613445748371305e-06
780,534.7462158203125,178.03370666503906,45.8109130859375,108.86192321777344,1.6534922906430438e-05
810,370.66021728515625,164.98948669433594,21.30999755859375,51.6531982421875,4.762117896461859e-06
810,376.7239685058594,171.1471405029297,21.2852783203125,50.964691162109375,5.86913574807113e-06
810,383.614013671875,171.58816528320312,22.83685302734375,53.381256103515625,3.021823204107932e-06
810,601.3184814453125,362.7753601074219,39.1815185546875,117.72463989257812,7.655278750462458e-06
840,392.7650146484375,157.88552856445312,21.97509765625,52.907928466796875,0.00016548432176932693
840,456.673583984375,169.9801788330078,23.52166748046875,55.0421142578125,5.8035013353219256e-05
840,450.6216735839844,184.13735961914062,22.3287353515625,53.35565185546875,1.2202331163280178e-06
840,463.1069030761719,181.57949829101562,23.13970947265625,53.971435546875,1.8827062149284757e-06
840,0.0,189.71188354492188,15.776925086975098,57.085784912109375,6.1543901210825425e-06
840,601.9489135742188,363.6941833496094,38.55108642578125,116.80581665039062,6.840304195065983e-06
870,609.1580200195312,134.10488891601562,22.649169921875,54.579376220703125,1.8017344700638205e-06
870,615.6136474609375,131.3145751953125,24.072998046875,55.7276611328125,1.6262684994217125e-06
870,602.6751098632812,138.3440399169922,22.2855224609375,54.074920654296875,1.067981884261826e-06
870,593.1901245117188,53.92726135253906,47.30987548828125,240.74424743652344,3.6773963074665517e-06
870,626.7740478515625,142.4599609375,13.7259521484375,56.27197265625,1.1360434655216523e-05
870,32.260555267333984,157.08956909179688,23.065475463867188,53.681732177734375,1.3491205208993051e-05
870,37.964359283447266,155.49205017089844,26.09349822998047,61.34295654296875,1.4422101230593398e-05
870,46.02271270751953,152.92398071289062,25.24024200439453,60.742523193359375,1.445069869987492e-06
870,391.3415222167969,165.2627410888672,21.23052978515625,50.74267578125,0.0003387652395758778
870,0.0,171.71653747558594,13.393310546875,52.11419677734375,8.429365152551327e-06
870,0.0,156.57762145996094,21.53014373779297,104.47273254394531,5.308841082296567e-06
870,40.085182189941406,178.7205352783203,21.83574676513672,53.001983642578125,1.0481231583980843e-05
870,34.87818145751953,167.21356201171875,30.73204803466797,76.44793701171875,5.405202045949409e-06
870,0.0,189.3606719970703,15.858262062072754,58.225433349609375,1.9365401385584846e-05
870,33.98012161254883,186.0442657470703,21.019187927246094,52.406707763671875,2.840974730133894e-06
900,618.06787109375,130.96322631835938,22.43212890625,54.98675537109375,2.6469153453945182e-05
900,626.743896484375,136.9473114013672,13.756103515625,56.083038330078125,4.6452285459963605e-05
900,170.44752502441406,159.5708465576172,24.042144775390625,55.67877197265625,5.92135302213137e-06
900,249.6226806640625,165.010498046875,21.6151123046875,52.080322265625,3.342916670590057e-06
900,0.0,173.03233337402344,13.081954002380371,51.017181396484375,3.1710376333649037e-06
900,178.5871124267578,172.02252197265625,21.76593017578125,51.111846923828125,0.00897728931158781
900,0.0,184.0126953125,16.42268943786621,57.303131103515625,2.4450487217109185e-06
900,0.0,165.072998046875,22.405216217041016,100.51995849609375,2.1030218704254366e-06
930,371.1341857910156,150.95053100585938,21.392333984375,50.77740478515625,1.673402834967419e-06
930,383.360595703125,151.34765625,21.89691162109375,51.06268310546875,1.2043173228448723e-05
930,377.1806640625,154.96987915039062,22.37042236328125,52.904449462890625,2.441512879158836e-05
930,425.4403991699219,161.62452697753906,21.44158935546875,51.052032470703125,1.3518150581148802e-06
930,88.78515625,185.67849731445312,21.316787719726562,50.824676513671875,6.28893076282111e-06
930,95.88221740722656,185.40579223632812,21.005218505859375,50.6478271484375,6.041463620931609e-06
930,8.634774208068848,194.4261016845703,22.534835815429688,54.593109130859375,2.924427917605499e-06
930,0.0,201.8649139404297,14.342951774597168,51.01617431640625,8.457594958599657e-06
960,478.9258117675781,166.88893127441406,22.82122802734375,53.54949951171875,8.756419447308872e-06
960,118.81614685058594,175.62939453125,23.894287109375,58.8955078125,1.3240564840089064e-06
960,139.974365234375,174.91131591796875,22.499786376953125,53.2923583984375,3.709896918735467e-05
960,472.7535400390625,177.22872924804688,21.36871337890625,51.2864990234375,0.008160365745425224
960,50.45259475708008,162.53671264648438,31.256694793701172,76.61538696289062,0.053050894290208817
960,147.32901000976562,181.8457794189453,21.51837158203125,50.782958984375,0.003719211556017399
960,451.12506103515625,183.31802368164062,21.6307373046875,51.146209716796875,6.472178483818425e-06
960,458.7264709472656,183.19668579101562,22.73553466796875,53.12939453125,7.10518506821245e-05
960,466.9531555175781,184.28555297851562,21.65948486328125,52.1036376953125,0.02291737124323845
960,50.72474670410156,176.7266082763672,22.52074432373047,53.33282470703125,4.474618617678061e-05
960,60.61119842529297,169.86102294921875,26.161727905273438,63.57110595703125,4.920411083730869e-05
960,114.11981964111328,188.88768005371094,22.895957946777344,53.663909912109375,0.0005541077116504312
960,137.57635498046875,163.42979431152344,37.7525634765625,86.1810302734375,6.143260179669596e-06
960,131.04612731933594,142.43695068359375,55.222259521484375,125.48419189453125,1.1950785847147927e-05
960,73.76104736328125,111.27604675292969,140.24227905273438,296.87652587890625,1.0308991477359086e-05
960,463.4915466308594,167.46096801757812,35.4989013671875,81.0087890625,6.712397407682147e-06
960,39.267181396484375,173.1787109375,31.738685607910156,76.50079345703125,1.1785811693698633e-05
960,475.95758056640625,183.6852264404297,25.425048828125,59.4139404296875,1.0925236892944667e-05
960,0.0,202.86474609375,12.860602378845215,50.93243408203125,1.3562465028371662e-05
960,0.0,191.37252807617188,18.11597442626953,76.81430053710938,6.100175596657209e-06
960,16.921262741088867,196.47146606445312,24.164575576782227,57.802764892578125,5.042270458943676e-06
960,30.722379684448242,191.0387725830078,26.597009658813477,62.866363525390625,1.4377869774762075e-06
960,35.25649642944336,154.22622680664062,48.049259185791016,113.95159912109375,2.414054142718669e-05
960,25.9578857421875,204.5637664794922,21.48314666748047,51.45867919921875,8.856080057739746e-06
960,33.305301666259766,210.4093017578125,20.65314483642578,50.513275146484375,3.30114539792703e-06
990,576.2891235351562,85.65904235839844,38.7459716796875,92.0072021484375,1.0206509614363313e-05
990,579.55029296875,54.857643127441406,58.2657470703125,134.91867065429688,3.0249024348449893e-05
990,567.6063842773438,72.43147277832031,54.69140625,136.23651123046875,0.00014028896111994982
990,562.19091796875,44.0648193359375,78.30908203125,210.15640258789062,5.852792128280271e-06
990,43.254249572753906,167.38429260253906,22.65949249267578,54.48089599609375,0.00019505641830619425
990,466.8553466796875,169.6142120361328,22.778564453125,54.25006103515625,3.7207566492725164e-05
990,488.2646789550781,173.68089294433594,21.4420166015625,51.0159912109375,1.4631077647209167e-05
990,48.10438537597656,169.29615783691406,27.419769287109375,64.81671142578125,0.7685227990150452
990,137.60203552246094,176.84527587890625,21.859222412109375,52.374786376953125,8.142937076627277e-06
990,145.713134765625,172.26492309570312,21.70745849609375,51.446807861328125,4.710904249805026e-06
990,495.4442443847656,178.95062255859375,22.002044677734375,51.771820068359375,7.269236084539443e-05
990,61.939964294433594,175.80111694335938,22.710342407226562,54.880279541015625,2.375625081185717e-05
990,471.9078674316406,178.00184631347656,23.8856201171875,55.840972900390625,0.00018834615184459835
990,481.6290283203125,180.38104248046875,23.2308349609375,55.374114990234375,0.0003536771982908249
990,476.0698547363281,166.01107788085938,35.1429443359375,83.46490478515625,8.808892744127661e-06
990,486.69000244140625,184.12486267089844,25.86419677734375,60.345733642578125,0.020011112093925476
990,0.0,185.8916015625,15.745759010314941,55.829254150390625,7.00862510711886e-05
990,0.0,157.99862670898438,21.549253463745117,99.13134765625,9.80597542366013e-06
990,6.636377334594727,182.26205444335938,23.520980834960938,56.4237060546875,5.359104761737399e-06
990,37.745155334472656,160.25332641601562,37.435768127441406,92.95263671875,4.0222446841653436e-05
990,55.358116149902344,184.16384887695312,23.042800903320312,54.346923828125,0.00044169623288325965
990,466.83123779296875,188.05018615722656,20.13922119140625,50.696990966796875,2.8120382921770215e-05
990,502.0513000488281,191.3106231689453,22.264129638671875,53.9886474609375,9.254138603864703e-06
990,493.27557373046875,190.10043334960938,25.9945068359375,61.7523193359375,0.0014425438130274415
990,527.62353515625,201.1425018310547,24.481689453125,56.51188659667969,1.8894297681981698e-06
990,0.0,206.57382202148438,13.507258415222168,51.190887451171875,5.543279712583171e-06
990,482.52154541015625,197.87620544433594,21.70751953125,54.153839111328125,1.934321062435629e-06
990,486.5519714355469,176.31471252441406,36.635406494140625,90.87181091308594,5.3723721066489816e-05
990,591.6060791015625,221.09579467773438,24.52392578125,57.482330322265625,8.085891067821649e-07
1020,594.7154541015625,0.0,45.7845458984375,120.50111389160156,4.416990122990683e-06
1020,71.71543884277344,171.0379180908203,21.728408813476562,51.92999267578125,0.0053903087973594666
1020,527.3992309570312,177.04660034179688,22.2686767578125,51.62030029296875,4.8654506827006117e-05
1020,78.2289047241211,171.46664428710938,22.549468994140625,54.405059814453125,3.509805173962377e-05
1020,488.17254638671875,179.23667907714844,24.1175537109375,56.64154052734375,8.510624866175931e-06
1020,496.6965026855469,181.22946166992188,20.716156005859375,50.728607177734375,9.98788746073842e-05
1020,499.75543212890625,177.82012939453125,31.4080810546875,74.69418334960938,1.5346231521107256e-05
1020,510.7608947753906,184.59561157226562,26.372406005859375,60.875946044921875,1.0225167898170184e-05
1020,505.2297058105469,165.67727661132812,37.629730224609375,92.64102172851562,2.970262585222372e-06
1020,520.054931640625,182.65301513671875,26.6246337890625,61.96649169921875,0.0002556871622800827
1020,504.0271301269531,193.72616577148438,22.540069580078125,51.930816650390625,6.300594577623997e-06
1020,518.199951171875,167.6710968017578,38.011474609375,91.19554138183594,5.748474450228969e-06
1020,526.2147827148438,196.50872802734375,23.388671875,55.237152099609375,6.170316737552639e-06
1020,600.2593383789062,364.14801025390625,40.24066162109375,116.35198974609375,4.43596945842728e-06
1050,522.7880859375,0.0,99.921875,204.6142578125,7.0000646701373626e-06
1050,0.0,175.62051391601562,15.363300323486328,57.195953369140625,7.885674676799681e-06
1080,475.9869384765625,169.9125213623047,22.47406005859375,51.53271484375,9.86660052149091e-06
1080,480.07965087890625,170.35501098632812,26.56268310546875,63.941741943359375,0.0003294038469903171
1080,406.3117980957031,113.74395751953125,141.08358764648438,281.8456115722656,1.1449576959421393e-05
1080,610.886474609375,407.8813171386719,29.613525390625,72.61868286132812,8.808128768578172e-06
1080,600.4677734375,362.55767822265625,40.0322265625,117.94232177734375,1.1566666216822341e-05
1110,628.0601196289062,105.45893096923828,12.43988037109375,50.70325469970703,5.5207688092195895e-06
1110,321.8796691894531,150.8234100341797,21.14007568359375,50.6697998046875,3.2545533485972555e-06
1110,404.16058349609375,172.7672576904297,21.6063232421875,50.532745361328125,0.0008301592897623777
1110,413.6258850097656,171.29043579101562,22.18450927734375,52.774505615234375,3.0290248105302453e-06
1110,375.7289123535156,179.3019561767578,21.12847900390625,50.5157470703125,0.0006388991023413837
1110,381.73492431640625,179.4033203125,22.60540771484375,54.65606689453125,3.1688398394180695e-06
1110,333.7856140136719,102.36273193359375,144.91064453125,294.42681884765625,1.1766909665311687e-05
1110,408.6000671386719,181.09249877929688,22.34674072265625,53.570587158203125,0.0009393815998919308
1110,0.0,344.07000732421875,56.38051986694336,136.42999267578125,1.6040359014368732e-06
1110,601.9403686523438,360.8345031738281,38.55963134765625,119.66549682617188,3.121241206827108e-06
1140,498.9211730957031,174.7069091796875,24.893951416015625,57.713836669921875,0.00018189266847912222
1140,506.28887939453125,169.49232482910156,22.3187255859375,54.766387939453125,0.0016094024758785963
1140,473.311767578125,159.23291015625,37.06549072265625,95.71878051757812,6.28711995886988e-06
1140,504.8981628417969,166.7196044921875,32.749664306640625,78.53140258789062,0.9999980926513672
1140,518.6111450195312,169.1887969970703,32.2738037109375,76.58535766601562,9.388805665366817e-06
1140,0.0,186.2220458984375,15.059353828430176,53.82562255859375,1.1311276466585696e-05
1140,484.9290466308594,175.66049194335938,31.063812255859375,75.1085205078125,2.5847948563750833e-05
1140,492.742431640625,169.44642639160156,35.63330078125,86.71292114257812,0.0004197915259283036
1140,512.7894287109375,184.31167602539062,22.9261474609375,55.41796875,8.11371355666779e-05
1140,492.0902099609375,156.2317352294922,50.0115966796875,125.89772033691406,4.396475787871168e-07
1140,601.5512084960938,364.55938720703125,38.94879150390625,115.94061279296875,3.4899574075097917e-06
1170,351.59832763671875,0.0,94.92791748046875,138.84544372558594,9.980210506910225e-07
1170,0.0,193.52394104003906,15.818016052246094,55.671478271484375,3.352149406055105e-06
1170,602.0772094726562,205.01220703125,21.7978515625,51.781646728515625,3.3284295568591915e-06
1200,627.1378784179688,123.0269775390625,13.36212158203125,51.940643310546875,3.180176281603053e-05
1200,600.4739379882812,137.9793243408203,24.97265625,56.9312744140625,7.2852758421504404e-06
1200,609.8892211914062,139.2265625,20.812255859375,51.01788330078125,1.6338735804311e-05
1200,616.413330078125,136.6749725341797,21.498291015625,51.833953857421875,6.828689220128581e-05
1200,622.6326293945312,126.35374450683594,17.86737060546875,73.805419921875,2.4247252440545708e-05
1200,603.5820922851562,141.20497131347656,30.763916015625,72.09494018554688,9.14719930733554e-06
1200,498.5933837890625,156.92474365234375,21.28546142578125,50.7071533203125,0.00012075219274265692
1200,505.15478515625,160.22889709472656,21.6656494140625,52.400177001953125,1.9342583073012065e-06
1230,612.9591064453125,0.0,27.5408935546875,57.8155517578125,1.150001594396599e-06
1230,593.1947021484375,0.0,47.3052978515625,122.58502960205078,5.268186669127317e-06
1230,609.326416015625,147.7290496826172,24.783203125,57.810302734375,3.0073140806052834e-05
1230,616.4978637695312,156.64047241210938,23.203125,55.3099365234375,3.648953133961186e-05
1230,626.7820434570312,156.02740478515625,13.71795654296875,51.03271484375,0.00010359506995882839
1230,168.82301330566406,164.68531799316406,21.336212158203125,50.584442138671875,2.9673563403775916e-05
1230,9.496002197265625,177.8303680419922,21.520954132080078,51.26080322265625,0.03642773628234863
1230,611.4669189453125,166.95755004882812,22.3721923828125,53.382415771484375,2.1960735466564074e-05
1230,0.0,155.20823669433594,22.718109130859375,93.878173828125,3.917891262972262e-06
1230,626.7757568359375,171.83724975585938,13.7242431640625,56.379364013671875,1.0512505468796007e-05
1230,0.0,181.87864685058594,15.056012153625488,55.426025390625,9.680215589469299e-05
1230,2.2006101608276367,181.46954345703125,22.217105865478516,52.27142333984375,0.0009029657812789083
1230,15.499092102050781,183.92095947265625,22.32632827758789,53.085235595703125,3.7737183447461575e-05
1260,96.48762512207031,172.46896362304688,21.82904052734375,51.441650390625,2.051161800409318e-06
1260,409.4107360839844,174.99591064453125,21.83489990234375,51.557159423828125,2.516345830372302e-06
1260,0.0,195.4117431640625,15.65460205078125,51.375396728515625,4.324565907154465e-06
1290,61.55126190185547,140.63665771484375,32.04913330078125,76.494384765625,1.561622593726497e-05
1290,75.57234191894531,150.36337280273438,26.752716064453125,62.451507568359375,2.0217278233758407e-06
1290,442.4019775390625,163.705078125,23.78472900390625,57.566986083984375,7.527200068579987e-06
1290,50.77458953857422,141.08706665039062,37.247467041015625,95.95230102539062,4.309374162403401e-06
1290,449.6380615234375,173.95217895507812,21.615966796875,51.256988525390625,0.9962950348854065
1290,47.864471435546875,171.16616821289062,22.075157165527344,52.305419921875,1.6424501154688187e-05
1290,54.01850891113281,163.38815307617188,26.182525634765625,61.348480224609375,6.954034324735403e-05
1290,627.181396484375,170.27166748046875,13.318603515625,58.308013916015625,7.0304854489222635e-06
1290,34.068504333496094,182.2292938232422,21.671875,51.420989990234375,3.2262928471027408e-06
1290,40.78670883178711,180.1090087890625,21.8697509765625,52.58465576171875,1.1385052857804112e-05
1290,63.99320983886719,167.9866180419922,23.203506469726562,55.6895751953125,1.861421696958132e-05
1290,70.19664001464844,163.294921875,26.577056884765625,61.37091064453125,2.456848778820131e-05
1290,442.0019226074219,158.01832580566406,35.9237060546875,81.20587158203125,6.158470114314696e-06
1290,381.95196533203125,122.55271911621094,134.546142578125,270.49700927734375,8.058776074904017e-06
1290,627.12744140625,190.04580688476562,13.37255859375,57.1683349609375,2.851837416528724e-05
1290,628.190673828125,216.7587432861328,12.309326171875,50.51002502441406,4.111575890419772e-06
1320,8.045736312866211,115.0831527709961,25.743417739868164,62.721214294433594,0.0021341091487556696
1320,3.2836990356445312,121.1167221069336,34.678314208984375,82.8655776977539,0.00014387273404281586
1320,0.0,104.68038940429688,51.98095703125,125.96148681640625,4.6090981413726695e-06
1320,0.0,150.45870971679688,17.20134735107422,60.596435546875,2.627718686198932e-06
1320,0.0,118.11189270019531,23.640193939208984,109.185302734375,3.374235120645608e-06
1320,1.0897712707519531,150.41845703125,32.53500747680664,81.30404663085938,1.4077502783038653e-05
1320,546.4757080078125,171.79286193847656,21.0986328125,51.62554931640625,0.001205997890792787
1320,0.0,171.6877899169922,13.46912670135498,51.376373291015625,6.554373612743802e-06
1320,103.66847229003906,170.9506072998047,22.451309204101562,53.523681640625,2.5655685021774843e-05
1320,112.19343566894531,170.4544677734375,22.345123291015625,53.56866455078125,1.96597829926759e-06
1320,6.894952774047852,175.20382690429688,23.157588958740234,54.9412841796875,2.207074976467993e-05
1320,538.4818115234375,179.08303833007812,24.02978515625,54.981658935546875,0.003871207358315587
1320,530.4387817382812,159.9394989013672,44.3558349609375,102.31526184082031,2.491340637789108e-06
1320,0.2161407470703125,179.72784423828125,23.989948272705078,56.02203369140625,8.999137207865715e-06
1320,541.5596313476562,173.75070190429688,30.34228515625,72.57757568359375,0.9999966621398926
1320,490.2145690917969,157.2194366455078,119.21401977539062,275.73486328125,1.8122981373380753e-06
1320,552.130126953125,176.47384643554688,28.8428955078125,68.554931640625,0.004655563272535801
1320,627.5949096679688,184.9506072998047,12.90509033203125,51.247711181640625,1.553588117531035e-05
1320,0.0,186.53041076660156,15.468457221984863,58.278594970703125,4.062659627379617e-06
1320,530.9778442382812,182.146728515625,24.4669189453125,59.713470458984375,0.00015824944421183318
1350,72.98534393310547,171.31741333007812,22.742782592773438,53.35113525390625,5.150131528353086e-06
1350,584.6593017578125,181.61102294921875,21.5203857421875,52.604461669921875,2.031840494964854e-06
1350,627.261962890625,175.17588806152344,13.238037109375,51.62054443359375,5.565208539337618e-06
1350,615.54541015625,182.47142028808594,24.95458984375,68.93902587890625,6.916256552358391e-06
1350,626.1533813476562,189.49510192871094,14.34661865234375,55.231109619140625,0.00013352629321161658
1380,628.033447265625,139.73123168945312,12.466552734375,50.7333984375,7.228180948004592e-06
1380,454.51751708984375,159.8284454345703,22.76336669921875,54.370697021484375,5.292850255500525e-05
1380,18.172727584838867,170.10533142089844,23.24112892150879,54.362152099609375,8.634084224468097e-06
1380,24.707054138183594,176.26966857910156,22.083770751953125,52.627838134765625,0.0004419814213179052
1380,38.985679626464844,174.97637939453125,22.993850708007812,54.280364990234375,1.3587865396402776e-05
1380,448.96685791015625,174.76513671875,22.25921630859375,52.7344970703125,0.00039016324444673955
1380,463.8229675292969,175.07762145996094,23.441650390625,53.849700927734375,2.6874206014326774e-05
1380,31.297130584716797,180.37307739257812,23.00348663330078,54.384429931640625,3.281883255112916e-05
1380,424.6435546875,180.99952697753906,23.261474609375,56.014801025390625,1.88639046427852e-06
1380,432.5804443359375,180.47286987304688,23.4107666015625,56.339324951171875,3.1108170333027374e-06
1380,441.4989929199219,178.18106079101562,23.659912109375,56.1966552734375,1.8898886992246844e-05
1380,454.52508544921875,176.0679931640625,24.48236083984375,57.76025390625,0.0002448418235871941
1410,0.0,32.136024475097656,46.20701217651367,229.14093017578125,1.5407806586154038e-06
1410,0.25740718841552734,105.2304916381836,21.220977783203125,50.885719299316406,0.0003346864541526884
1410,0.0,115.37034606933594,14.602612495422363,52.073760986328125,8.745152626943309e-06
1410,0.0,89.93883514404297,22.538331985473633,98.5563735961914,9.744633644004352e-06
1410,217.89035034179688,163.66700744628906,20.68609619140625,50.75421142578125,1.6639567093079677e-06
1410,39.08943557739258,167.78128051757812,25.372032165527344,58.024505615234375,1.4107729839452077e-05
1410,512.5175170898438,176.30885314941406,21.731689453125,52.54559326171875,1.37061215355061e-06
1410,628.2089233398438,179.9119415283203,12.29107666015625,51.60040283203125,7.732481208222453e-06
1410,601.9089965820312,362.1515197753906,38.59100341796875,118.34848022460938,5.6020362535491586e-06
1440,0.0,185.48487854003906,14.166391372680664,50.83294677734375,5.340615189197706e-06
1440,627.5134887695312,187.76718139648438,12.98651123046875,50.563690185546875,1.3024929103266913e-05
1440,0.0,202.79115295410156,15.625855445861816,52.01123046875,0.0004600102547556162
1440,0.0,128.3642578125,47.00374984741211,233.2318115234375,3.89332308259327e-06
1440,0.0,196.55477905273438,25.31342315673828,66.30572509765625,4.485212230065372e-06
1470,370.68817138671875,164.20838928222656,22.4892578125,54.154510498046875,4.78800357086584e-05
1470,377.3551330566406,169.33660888671875,21.9444580078125,51.910888671875,0.004969756584614515
1470,391.1937255859375,169.70269775390625,20.80316162109375,50.830657958984375,1.9340500330145005e-06
1470,303.46826171875,107.20188903808594,142.38232421875,296.24749755859375,5.861505997017957e-06
1470,383.7463684082031,175.0348663330078,21.498046875,52.3978271484375,0.00024099739675875753
1500,623.1675415039062,143.4989776611328,17.33245849609375,76.07177734375,8.842475835990626e-06
1500,627.5664672851562,162.66635131835938,12.93353271484375,50.520721435546875,2.031922667811159e-05
1500,388.26190185546875,157.24655151367188,35.8306884765625,77.99996948242188,3.5513889997673687e-06
1500,398.61846923828125,173.30894470214844,21.5418701171875,50.633941650390625,0.30720055103302
1500,405.1734619140625,172.23831176757812,22.1112060546875,53.822265625,4.297595751268091e-06
1500,539.2764892578125,189.1646728515625,21.412841796875,50.891143798828125,9.426181350136176e-06
1500,393.5209045410156,181.2273712158203,21.51446533203125,52.12469482421875,4.699506916949758e-06
1500,544.14404296875,193.34523010253906,22.607666015625,53.61968994140625,9.310564564657398e-06
1530,596.04150390625,0.0,44.45849609375,123.45059967041016,4.378084668132942e-06
1530,454.3172302246094,153.7192840576172,24.229248046875,56.53057861328125,4.94412734042271e-06
1530,379.25091552734375,179.94923400878906,21.9490966796875,51.452789306640625,8.114194315567147e-06
1530,628.3873901367188,187.08555603027344,12.11260986328125,51.69024658203125,6.469518211815739e-06
1560,593.01123046875,118.78120422363281,25.311279296875,58.82354736328125,4.539303063211264e-06
1560,599.6024780273438,125.90869903564453,24.5645751953125,59.594322204589844,6.363101419992745e-05
1560,606.8001098632812,122.96336364746094,25.66552734375,59.6832275390625,8.202624485420529e-06
1560,601.5087280273438,127.21903991699219,34.6287841796875,81.04397583007812,1.0494764865143225e-05
1560,587.3207397460938,127.84271240234375,43.209716796875,103.82925415039062,1.8851871573133394e-05
1560,564.8372192382812,113.13928985595703,58.4989013671875,137.66812133789062,1.78627778950613e-05
1560,604.3660888671875,158.33621215820312,29.49462890625,65.63943481445312,6.931370990059804e-06
1560,39.381126403808594,172.80731201171875,21.45795440673828,50.611907958984375,1.2996895293326816e-06
1560,597.3594360351562,166.31527709960938,27.4033203125,62.799835205078125,3.1228169973473996e-05
1560,626.5875244140625,169.17628479003906,13.9124755859375,53.146209716796875,1.3569412658398505e-05
1560,417.24407958984375,188.3099822998047,21.58367919921875,51.857940673828125,0.0004749391518998891
1560,479.5057373046875,179.51625061035156,25.57379150390625,61.603607177734375,0.00037322749267332256
1560,542.8203735351562,126.7606430053711,55.4644775390625,128.19589233398438,0.00014509809261653572
1560,586.1587524414062,162.4608154296875,34.1859130859375,78.84738159179688,4.720766810351051e-06
1560,408.7808532714844,186.58738708496094,27.14166259765625,66.04757690429688,9.430644354324613e-07
1560,472.4257507324219,164.15907287597656,38.33453369140625,86.75112915039062,4.415246621647384e-06
1560,407.6383056640625,99.4151611328125,139.6292724609375,297.9066467285156,2.7051391953136772e-05
1560,495.1397399902344,181.3801727294922,21.612823486328125,51.918212890625,5.640885660795902e-07
1560,530.2696533203125,85.05528259277344,88.487060546875,213.3202667236328,9.39288020163076e-06
1560,591.8165283203125,104.61054229736328,48.6834716796875,238.130615234375,6.715189101669239e-06
1560,466.19329833984375,190.30072021484375,23.3531494140625,55.90380859375,7.33726210455643e-06
1560,473.38092041015625,187.57025146484375,22.76690673828125,55.30938720703125,0.00020268582738935947
1560,487.70526123046875,186.6773223876953,22.82232666015625,55.8917236328125,1.2962659639015328e-05
1590,364.2892150878906,162.44252014160156,21.885009765625,50.779327392578125,8.641274689580314e-06
1590,407.2991638183594,149.7086944580078,25.03729248046875,58.751617431640625,0.0019082750659435987
1590,314.47528076171875,172.3799285888672,21.208251953125,51.57550048828125,1.55480647663353e-05
1590,374.7718811035156,165.44113159179688,21.44268798828125,51.759979248046875,0.0005176690174266696
1590,383.7104187011719,164.1384735107422,23.3507080078125,57.060882568359375,3.9281472709262744e-05
1590,390.5889587402344,160.47515869140625,25.74859619140625,60.560333251953125,5.1302689826115966e-05
1590,398.6278381347656,157.1273651123047,26.36285400390625,63.071746826171875,0.0006287743453867733
1590,400.0254821777344,143.5183563232422,36.601318359375,84.181884765625,4.725694816443138e-05
1590,495.18316650390625,170.40428161621094,22.968994140625,55.0601806640625,4.069915667059831e-05
1590,482.5559387207031,170.92491149902344,25.21514892578125,57.981109619140625,4.428499232744798e-05
1590,547.4716186523438,170.18768310546875,22.6798095703125,54.202362060546875,0.9595939517021179
1590,556.6371459960938,171.6377410888672,23.0977783203125,54.422149658203125,0.015226690098643303
1590,565.8115844726562,170.7080078125,21.786865234375,51.77044677734375,0.0001829725515563041
1590,369.614990234375,172.50851440429688,22.15472412109375,52.38861083984375,0.0013197987573221326
1590,389.09344482421875,152.2754669189453,38.5623779296875,94.9365234375,4.546455784293357e-06
1590,404.2596130371094,170.3431854248047,27.29412841796875,62.813629150390625,1.4512570487568155e-06
1590,489.04193115234375,178.36924743652344,25.26873779296875,59.159820556640625,0.0008772191358730197
1590,489.6591491699219,167.04571533203125,35.642852783203125,84.52090454101562,1.678957232797984e-05
1590,500.4330139160156,179.29013061523438,26.955841064453125,62.12249755859375,0.0002417013020021841
1590,509.76446533203125,178.66281127929688,26.00830078125,59.89105224609375,1.1533829820109531e-05
1590,520.377685546875,178.15585327148438,24.3648681640625,56.782806396484375,5.420420166046824e-06
1590,530.3595581054688,178.43174743652344,23.0390625,54.11785888671875,1.0597809705359396e-06
1590,541.9269409179688,176.13143920898438,21.328369140625,51.020843505859375,0.001500363228842616
1590,487.81365966796875,141.0991668701172,125.3170166015625,272.79541015625,7.82209917815635e-06
1590,545.5856323242188,160.14195251464844,33.3658447265625,78.2965087890625,0.0006062614265829325
1590,376.8122863769531,177.40675354003906,22.08673095703125,54.08880615234375,4.76793047710089e-06
1590,626.97021484375,186.22030639648438,13.52978515625,52.233306884765625,6.56888505545794e-06
1590,535.8678588867188,171.89581298828125,30.9205322265625,73.02130126953125,5.246677392278798e-05
1590,0.0,201.99440002441406,14.172574996948242,53.74285888671875,1.2387775313982274e-05
1590,495.4432678222656,180.02964782714844,39.446624755859375,96.83369445800781,3.043154492843314e-06
1620,421.58892822265625,144.55294799804688,30.216064453125,74.78768920898438,6.641899744863622e-06
1620,393.15704345703125,167.76986694335938,22.05767822265625,53.01068115234375,0.0032104174606502056
1620,414.6808166503906,157.1343536376953,27.50250244140625,66.00106811523438,5.109230914968066e-05
1620,430.2970886230469,155.23406982421875,22.4361572265625,51.637054443359375,1.6518311895197257e-05
1620,628.0009765625,154.14013671875,12.4990234375,51.377349853515625,3.3268238439632114e-06
1620,313.5703125,171.80368041992188,21.1268310546875,52.191680908203125,8.994088420877233e-05
1620,424.03094482421875,165.1097412109375,21.57562255859375,50.69818115234375,2.2807347704656422e-05
1620,225.91168212890625,83.51383972167969,158.93890380859375,306.250732421875,5.290202807373134e-06
1620,400.7356872558594,174.06068420410156,21.4156494140625,50.573822021484375,0.00013426451187115163
1620,431.6860046386719,174.3202667236328,21.17041015625,51.251861572265625,4.196841473458335e-06
1620,508.66973876953125,174.73016357421875,32.811767578125,79.59249877929688,1.2232385415700264e-07
1620,549.9229736328125,146.03199768066406,55.136474609375,126.71812438964844,4.9409786697651725e-06
1650,456.7904052734375,168.51104736328125,23.54803466796875,55.811767578125,9.243360182153992e-06
1650,475.2959289550781,172.280029296875,21.98089599609375,51.595184326171875,0.005639950279146433
1650,333.177978515625,178.67294311523438,22.73980712890625,53.886749267578125,0.00046501285396516323
1650,331.9272766113281,164.4525909423828,34.42413330078125,76.8492431640625,6.620449312322307e-06
1650,296.4702453613281,94.45986938476562,99.56341552734375,242.78302001953125,3.378504743523081e-06
1650,406.54864501953125,117.83917236328125,142.00091552734375,281.3463134765625,3.660356924228836e-06
1650,340.4533996582031,182.08682250976562,21.6234130859375,51.64935302734375,0.999967098236084
1650,274.78094482421875,142.30015563964844,132.447998046875,269.651611328125,1.1159335372212809e-05
1650,349.60430908203125,182.99197387695312,21.44268798828125,50.99578857421875,0.00010285956523148343
1650,626.483642578125,183.85972595214844,14.016357421875,57.08843994140625,1.8343349438509904e-05
1650,481.1701965332031,177.96458435058594,21.671142578125,54.026824951171875,0.005289840511977673
1680,626.4906005859375,142.97811889648438,14.0093994140625,51.3624267578125,6.806433702877257e-06
1680,411.2084045410156,155.51548767089844,23.23492431640625,53.9320068359375,0.0002085807645926252
1680,613.857421875,148.83099365234375,23.843505859375,57.050140380859375,2.9215538233984262e-05
1680,598.7542724609375,152.3001708984375,24.2867431640625,56.824249267578125,0.00038901189691387117
1680,607.55078125,153.41705322265625,22.6588134765625,53.17547607421875,2.177226633648388e-05
1680,370.716064453125,172.46542358398438,20.7965087890625,51.24163818359375,1.569704727444332e-05
1680,377.46002197265625,171.21559143066406,21.5975341796875,52.082183837890625,1.4385836948349606e-05
1680,588.1337280273438,161.41705322265625,21.8944091796875,51.221282958984375,5.428645181382308e-06
1680,591.9150390625,145.20108032226562,36.273681640625,87.09307861328125,0.9084474444389343
1680,608.2244262695312,150.14410400390625,32.27557373046875,80.866455078125,0.00041315084672532976
1680,623.3785400390625,154.5833740234375,17.1214599609375,64.41952514648438,0.00018592856940813363
1680,380.0908203125,175.90489196777344,26.32415771484375,61.0748291015625,0.00011950919724768028
1680,389.5929260253906,173.214111328125,24.884765625,63.080108642578125,1.3659178875968792e-05
1680,399.4825744628906,171.4959259033203,24.98052978515625,58.572296142578125,3.897304486599751e-05
1680,414.43316650390625,162.2949676513672,26.1282958984375,61.60272216796875,0.0002136502880603075
1680,539.9744262695312,183.296875,21.368408203125,50.66900634765625,0.0021754950284957886
1680,583.8126220703125,154.9181365966797,32.2777099609375,77.14852905273438,0.0007457496249116957
1680,364.4318542480469,179.4159393310547,25.14202880859375,60.128326416015625,0.005552507471293211
1680,308.9101257324219,146.87026977539062,127.37847900390625,269.59417724609375,2.346297833355493e-06
1680,412.9250183105469,152.28871154785156,37.45654296875,89.6326904296875,9.996966809922014e-07
1680,547.1442260742188,185.03170776367188,21.1689453125,50.50921630859375,0.9998044371604919
1680,575.8016357421875,167.07505798339844,26.6636962890625,62.619293212890625,8.122198050841689e-05
1680,370.712158203125,174.94102478027344,29.5965576171875,71.14675903320312,0.9999945163726807
1680,380.882080078125,166.323974609375,35.4971923828125,88.2501220703125,4.3466562260618957e-07
1680,403.3709411621094,160.4376678466797,34.01007080078125,80.6099853515625,2.1155776266823523e-05
1680,538.2841186523438,168.72958374023438,35.1729736328125,79.44979858398438,1.5043036682982347e-06
1680,483.4091796875,130.55555725097656,130.7454833984375,281.3128662109375,7.822233783372212e-06
1680,556.8275756835938,179.66383361816406,21.6136474609375,53.567596435546875,1.1070127584389411e-05
1680,625.4743041992188,181.2936553955078,15.02569580078125,53.5665283203125,5.085540578875225e-06
1680,363.2632751464844,161.64256286621094,43.1746826171875,98.15736389160156,1.1283888852631208e-05
1680,590.608154296875,111.00460052490234,49.891845703125,224.68426513671875,1.6464211512356997e-05
1680,584.0765991210938,136.84454345703125,53.6109619140625,127.94091796875,8.007203723536804e-05
1710,424.03533935546875,138.63424682617188,83.20166015625,201.1474609375,6.76429335726425e-05
1710,401.3293762207031,162.83734130859375,25.40899658203125,58.293182373046875,5.705783041776158e-05
1710,418.0177001953125,173.552490234375,22.33526611328125,55.50067138671875,7.23896300769411e-06
1710,437.4240417480469,166.57330322265625,32.94927978515625,82.072021484375,7.396720320684835e-06
1710,392.8598937988281,173.06553649902344,24.5,58.5272216796875,4.027652903459966e-05
1710,406.50323486328125,173.57249450683594,26.6905517578125,62.499114990234375,3.755982106667943e-05
1710,402.180908203125,162.7842254638672,37.39813232421875,88.89669799804688,8.599750799476169e-06
1710,448.0681457519531,178.4543914794922,24.97271728515625,62.37872314453125,1.6250621683866484e-06
1710,627.2174682617188,177.62391662597656,13.28253173828125,54.388153076171875,5.384319138102001e-06
1710,402.3905334472656,182.93280029296875,21.3172607421875,51.352508544921875,0.00222015636973083
1710,414.8516540527344,168.45220947265625,32.80328369140625,79.9522705078125,7.1428066803491674e-06
1710,421.2070617675781,162.49241638183594,45.48828125,108.85908508300781,0.0001916623441502452
1710,443.5406188964844,176.82090759277344,36.24249267578125,90.26448059082031,3.452832606853917e-05
1710,453.8865661621094,188.94308471679688,26.5665283203125,62.234771728515625,1.9859665201238386e-07
1710,479.6581726074219,178.53199768066406,35.053314208984375,85.38325500488281,3.1389608921017498e-06
1710,609.2296142578125,194.77957153320312,23.0211181640625,55.580657958984375,1.0176515843340894e-06
1710,613.1138916015625,187.74256896972656,27.3861083984375,76.50569152832031,1.658837209106423e-05
1710,624.6458129882812,190.62762451171875,15.85418701171875,64.34445190429688,3.2431573345093057e-05
1710,458.0205383300781,168.2472686767578,48.23834228515625,117.88761901855469,0.00010381222818978131
1710,590.4273071289062,135.7445068359375,50.07269287109375,228.07281494140625,7.457143055944471e-06
1710,435.2384338378906,157.51492309570312,57.5128173828125,137.76766967773438,0.9999998807907104
1710,603.0068359375,199.6138916015625,36.26123046875,87.884033203125,0.00015225817332975566
1710,624.654296875,215.13153076171875,15.845703125,56.380859375,0.0003115209692623466
1710,603.3396606445312,220.88787841796875,22.1861572265625,54.5206298828125,1.3979300774735748e-06
1710,613.248779296875,217.11764526367188,26.2978515625,61.205535888671875,0.0015114623820409179
1710,608.7640991210938,228.7834014892578,23.628173828125,57.60899353027344,1.8912265659309924e-05
1710,621.1024169921875,223.1112518310547,19.3975830078125,77.39662170410156,1.4334743354993407e-05
1710,447.6151123046875,200.52120971679688,40.57830810546875,98.72760009765625,3.173442564730067e-06
1740,626.78466796875,155.02053833007812,13.71533203125,52.919586181640625,1.0912231118709315e-05
1740,512.3587036132812,160.08970642089844,21.444091796875,51.92022705078125,6.36017466604244e-06
1740,505.3406982421875,153.9883575439453,31.6983642578125,74.54849243164062,1.0450201443745755e-05
1740,601.0632934570312,179.91773986816406,21.59716796875,52.6510009765625,1.1343739970470779e-05
1740,607.6903076171875,177.9961700439453,21.44677734375,51.19989013671875,1.5770616300869733e-05
1740,626.7982177734375,177.86216735839844,13.7017822265625,51.753631591796875,4.630187959264731e-06
1740,604.697021484375,186.3101806640625,28.6380615234375,65.74273681640625,1.444991175958421e-05
1740,616.399658203125,164.81484985351562,24.100341796875,103.75723266601562,8.284669092972763e-06
1740,593.1920166015625,192.59912109375,22.9000244140625,55.5531005859375,1.8529201497585746e-06
1740,595.0087280273438,183.01296997070312,31.932373046875,78.3250732421875,2.7635920559987426e-05
1740,598.0016479492188,170.78675842285156,41.1937255859375,103.55909729003906,1.5038165656733327e-05
1740,625.4385986328125,195.6717071533203,15.0614013671875,62.50590515136719,5.162238267075736e-06
1740,590.3148803710938,123.1842041015625,50.18511962890625,234.88690185546875,7.734708560747094e-06
1770,439.3188781738281,161.63107299804688,22.956298828125,54.323028564453125,4.617871127265971e-06
1770,0.0,169.89138793945312,15.986138343811035,59.279449462890625,4.179475126875332e-06
1770,346.0683288574219,174.40185546875,20.50433349609375,50.81182861328125,4.101037575310329e-06
1770,355.3216552734375,177.4107666015625,21.1181640625,52.03216552734375,8.71803149493644e-06
1770,362.8031005859375,177.24502563476562,21.61065673828125,52.1094970703125,0.00022447286755777895
1770,373.29571533203125,175.81228637695312,24.0093994140625,56.651824951171875,3.729547643160913e-06
1770,0.0,193.56549072265625,14.449172973632812,54.724853515625,2.7783744371845387e-05
1770,10.191507339477539,194.1104736328125,21.068828582763672,50.51873779296875,6.28754207809834e-07
1770,366.78131103515625,181.26463317871094,25.448974609375,60.264801025390625,7.110793831088813e-06
1800,0.0,187.881103515625,14.783172607421875,52.92718505859375,4.1552675611455925e-06
1800,415.48638916015625,186.56190490722656,24.60809326171875,57.651641845703125,3.423713496886194e-05
1800,424.8432312011719,189.51815795898438,21.73394775390625,50.96624755859375,2.329728340555448e-05
1800,430.4140319824219,190.2755584716797,24.07843017578125,56.33575439453125,8.753788279136643e-06
1830,607.9906616210938,156.33914184570312,32.50933837890625,147.90118408203125,2.683954562598956e-06
1830,593.4124145507812,118.10969543457031,47.08758544921875,244.2422332763672,4.394854840938933e-06
