60,7.358269691467285,174.77919006347656,22.290420532226562,52.70806884765625,0.00010959403880406171
60,567.5821533203125,172.34353637695312,23.4425048828125,54.97265625,1.244071881956188e-05
60,0.0,176.3450927734375,17.83453369140625,59.57781982421875,2.7476253308122978e-05
60,137.67433166503906,178.460205078125,22.6187744140625,52.868865966796875,1.1734739018720575e-05
60,560.2396240234375,177.7996368408203,23.7012939453125,54.8453369140625,2.609702505651512e-06
60,0.0,132.36270141601562,47.52538299560547,213.65142822265625,2.644768983373069e-06
60,12.862151145935059,182.12408447265625,25.51172637939453,59.7274169921875,0.0001287302584387362
60,24.382953643798828,181.08729553222656,21.276473999023438,53.3963623046875,2.4272028895211406e-05
60,31.93596839904785,182.63571166992188,21.45941734313965,51.954437255859375,2.0297400624258444e-05
60,143.87765502929688,182.76065063476562,22.628631591796875,54.0010986328125,1.2896040061605163e-05
60,0.0,180.04696655273438,27.527565002441406,75.80471801757812,0.0006833369843661785
60,4.990398406982422,172.6732940673828,37.316001892089844,90.16142272949219,1.6139518265845254e-05
60,18.515417098999023,179.53370666503906,30.942270278930664,73.34213256835938,6.482222488557454e-06
60,0.0,203.75003051757812,17.579261779785156,61.105194091796875,0.00018016225658357143
60,6.894918441772461,201.41912841796875,23.234798431396484,56.077667236328125,6.304838279902469e-06
60,0.0,196.14492797851562,22.402400970458984,95.92056274414062,1.3121162737661507e-05
60,0.0,224.85809326171875,16.12875747680664,58.132293701171875,1.924487150972709e-05
90,0.0,162.69085693359375,14.510603904724121,52.513397216796875,1.6431662515969947e-05
90,0.0,159.0150909423828,19.679485321044922,77.08828735351562,5.3900461352895945e-05
90,0.0,144.3515625,28.229888916015625,124.3623046875,8.414081094088033e-06
90,0.0,186.7580108642578,19.557641983032227,79.41349792480469,2.7717310331354383e-06
120,0.0,156.37649536132812,16.123851776123047,55.508636474609375,2.5714684852573555e-06
120,7.140846252441406,164.07569885253906,22.729022979736328,54.080902099609375,3.0420721941482043e-06
120,0.14780426025390625,170.17373657226562,22.98198699951172,54.832550048828125,3.105137921011192e-06
120,0.0,178.375,13.892376899719238,51.316650390625,1.0971596566378139e-05
120,74.71342468261719,174.9349365234375,21.415390014648438,50.815521240234375,0.00012970280658919364
120,352.53948974609375,175.1261749267578,23.1741943359375,53.108123779296875,1.466246885684086e-06
120,80.0205078125,179.9327850341797,22.972549438476562,55.435882568359375,1.922056617331691e-05
120,0.0,181.94241333007812,19.22402572631836,75.320556640625,2.0002883047709474e-06
120,600.3516845703125,362.5339660644531,40.1483154296875,117.96603393554688,7.489735708077205e-06
150,0.0,174.66358947753906,14.451288223266602,51.068084716796875,8.78059211117943e-07
150,0.0,150.8306121826172,26.410972595214844,113.24925231933594,2.5994786483352073e-06
150,0.6925468444824219,180.07571411132812,23.87242889404297,58.936431884765625,1.0513731467653997e-06
150,9.37893295288086,178.49964904785156,22.440505981445312,55.054412841796875,2.878023906305316e-06
150,17.98459243774414,177.17840576171875,21.275432586669922,51.625762939453125,3.1991164632927394e-06
150,0.0,96.52656555175781,74.02809143066406,296.4139404296875,8.577986591262743e-06
150,7.152163505554199,189.6837921142578,26.403533935546875,68.61042785644531,3.0285104003269225e-05
150,0.0,196.54161071777344,22.26105308532715,94.60484313964844,1.2340797184151597e-05
150,0.0,170.79769897460938,32.584835052490234,155.60635375976562,0.00038176579982973635
150,0.0,149.4481201171875,49.3215446472168,209.89129638671875,0.00020957634842488915
150,0.0,230.9700927734375,27.16449737548828,121.65814208984375,4.481218638829887e-06
150,600.029052734375,364.5324401855469,40.470947265625,115.96755981445312,5.088587840873515e-06
180,0.0,41.174861907958984,18.348655700683594,65.86256408691406,3.991500761912903e-06
180,0.0,18.01331329345703,24.723224639892578,114.0285873413086,5.628524741041474e-05
180,0.0,0.0,42.68677520751953,198.86181640625,1.0744116707428475e-06
180,0.0,56.23794937133789,19.585784912109375,85.78237915039062,6.425707852031337e-06
180,25.687911987304688,179.6673583984375,23.009796142578125,55.60015869140625,4.099762736586854e-05
180,0.0,178.16546630859375,16.009525299072266,55.62847900390625,4.6413688323809765e-06
180,33.1807975769043,180.3211212158203,22.00251007080078,51.7147216796875,1.615168366697617e-05
180,40.10327911376953,178.40208435058594,21.17792510986328,50.763336181640625,2.410705292277271e-06
180,17.629940032958984,174.5606231689453,43.247947692871094,106.63096618652344,2.0656982542277547e-06
180,0.0,173.919189453125,57.72867965698242,142.66708374023438,1.8702028683037497e-05
180,0.0,180.16949462890625,28.148391723632812,141.45294189453125,9.100205716094933e-06
180,0.0,251.13604736328125,23.551298141479492,110.1240234375,3.900383944710484e-06
180,0.0,229.65109252929688,46.78843688964844,220.1357421875,3.4823472105927067e-06
180,0.0,346.6424560546875,55.03828048706055,133.8575439453125,1.33444507355307e-06
180,610.0026245117188,401.76739501953125,30.49737548828125,78.73260498046875,3.6620640457840636e-06
180,600.16650390625,359.2542724609375,40.33349609375,121.2457275390625,4.2829728954529855e-06
210,72.30073547363281,181.79934692382812,23.590087890625,57.73785400390625,1.7074464722099947e-06
210,29.567174911499023,174.2998046875,57.08179473876953,126.5611572265625,1.6120106010930613e-05
210,17.06479263305664,151.19430541992188,83.35816955566406,202.49166870117188,1.0744854535005288e-06
210,0.0,342.8114318847656,56.1440544128418,137.68856811523438,1.2740152897094958e-06
210,601.65576171875,363.48602294921875,38.84423828125,117.01397705078125,6.516821031254949e-06
240,0.0,21.217151641845703,23.76413917541504,106.33084106445312,2.553601916588377e-06
240,0.0,52.40147399902344,14.433433532714844,51.466400146484375,7.62587023928063e-06
240,0.0,29.635269165039062,33.5764274597168,143.58082580566406,9.738650078361388e-06
240,0.0,0.0,51.9300422668457,223.59100341796875,9.477998332840798e-07
240,0.0,61.23738479614258,21.015296936035156,80.52204895019531,1.0420149010315072e-05
240,0.0,82.52215576171875,14.290360450744629,52.3919677734375,5.0206926971441135e-06
240,14.657649993896484,77.44850158691406,37.527671813964844,90.00762939453125,0.00013506873801816255
240,11.780223846435547,56.166748046875,59.6340217590332,148.774169921875,0.0002649308298714459
240,3.2402267456054688,69.60175323486328,86.50629425048828,201.75277709960938,5.3003604989498854e-05
240,87.23983764648438,192.58248901367188,22.48260498046875,54.0306396484375,1.0167213986278512e-05
240,79.2316665649414,194.12838745117188,25.651763916015625,62.546630859375,4.709494169219397e-05
240,66.5610580444336,192.19044494628906,33.35127258300781,78.05912780761719,5.482478172780247e-06
240,0.0,268.8741760253906,14.695162773132324,56.28302001953125,6.8356348492670804e-06
270,525.8037109375,41.391136169433594,66.04736328125,162.62527465820312,1.5191214515652973e-05
270,521.530029296875,0.0,96.8111572265625,231.98092651367188,4.484110468183644e-05
270,105.2806167602539,193.447509765625,22.716781616210938,52.7374267578125,3.4965169106726535e-06
270,112.10557556152344,201.88134765625,21.5716552734375,51.52679443359375,6.189299710968044e-06
270,105.36731719970703,198.5400848388672,31.75609588623047,73.77668762207031,1.6653866623528302e-05
270,627.6834716796875,205.91014099121094,12.8165283203125,56.67369079589844,5.628544386127032e-06
300,593.9805908203125,187.4209747314453,21.1014404296875,51.83642578125,2.9823058866895735e-06
300,128.775146484375,193.59349060058594,21.7196044921875,52.496795654296875,5.266971129458398e-06
300,0.0,258.9515380859375,14.78449535369873,54.2562255859375,2.084541665681172e-05
300,593.1859130859375,292.51800537109375,22.191162109375,52.09893798828125,0.00013639457756653428
300,627.6207275390625,290.934814453125,12.8792724609375,51.0634765625,8.197142960852943e-06
300,599.3783569335938,297.1186218261719,23.0374755859375,55.51416015625,3.8244920688157436e-06
330,455.1694030761719,169.62240600585938,21.4100341796875,50.65057373046875,1.8612955727803637e-06
330,490.75030517578125,173.5060577392578,21.62420654296875,51.219696044921875,2.8489099349826574e-05
330,447.8614807128906,175.40040588378906,23.619384765625,55.332489013671875,3.5705721529666334e-05
330,497.4981994628906,159.4929962158203,34.272369384765625,82.125,7.4158892857667524e-06
330,512.6728515625,181.5733642578125,21.3885498046875,50.778228759765625,0.021944168955087662
330,497.2987365722656,182.99032592773438,21.985443115234375,52.1614990234375,0.02943880669772625
330,505.24212646484375,181.58995056152344,21.9837646484375,51.849517822265625,0.005635807290673256
330,627.5233764648438,182.5910186767578,12.97662353515625,56.73760986328125,1.3734849744651001e-05
330,518.7005004882812,185.12071228027344,21.6015625,51.8941650390625,0.00013653197675012052
330,64.8565902709961,244.1293182373047,20.8560791015625,50.52391052246094,2.3848042474128306e-06
360,601.3279418945312,180.37942504882812,24.058837890625,56.714141845703125,2.3100052203517407e-05
360,605.6068115234375,160.54617309570312,34.8931884765625,92.70330810546875,1.6495188901899382e-05
360,625.7744750976562,175.17477416992188,14.72552490234375,52.510345458984375,5.289698492561001e-06
360,594.1909790039062,187.92779541015625,27.0843505859375,63.2435302734375,0.00042232044506818056
360,554.9244384765625,158.2322998046875,85.5755615234375,284.6671142578125,2.962957751151407e-06
360,611.9163208007812,185.8841094970703,25.4918212890625,62.3997802734375,0.003577315015718341
360,586.7513427734375,192.5310516357422,21.5284423828125,52.716766357421875,3.5049633879680187e-06
360,603.1764526367188,188.25048828125,28.3837890625,67.9326171875,0.4771316647529602
360,623.2711181640625,189.1832733154297,17.2288818359375,62.680206298828125,0.0001883283694041893
360,596.531005859375,180.25570678710938,41.7037353515625,98.57693481445312,8.90610863280017e-06
360,613.6751098632812,204.52207946777344,25.389404296875,59.84028625488281,4.818841262022033e-05
360,625.6288452148438,212.40533447265625,14.87115478515625,53.725006103515625,4.04192633141065e-06
360,591.970947265625,143.3028564453125,48.529052734375,220.30422973632812,6.037195817043539e-06
360,601.3209228515625,209.5966796875,23.7882080078125,58.838623046875,6.183234745549271e-06
390,31.328536987304688,225.62408447265625,20.452850341796875,50.878326416015625,1.3963890523882583e-05
420,627.9972534179688,105.63607788085938,12.50274658203125,51.7813720703125,4.562827143672621e-06
420,626.3295288085938,135.740478515625,14.17047119140625,60.37945556640625,2.262482894366258e-06
420,368.0165100097656,153.5651092529297,21.79327392578125,52.0506591796875,0.00010462196223670617
420,354.1846923828125,165.1690673828125,21.03338623046875,52.215118408203125,9.805694571696222e-05
420,361.55841064453125,160.71556091308594,21.3433837890625,50.9307861328125,6.410687637981027e-05
420,8.35200023651123,197.65463256835938,21.598419189453125,52.248260498046875,2.7515202418726403e-06
420,0.0,201.25540161132812,15.654930114746094,53.584442138671875,3.680898089442053e-06
450,330.0582275390625,159.8115692138672,20.87481689453125,51.2802734375,4.201879619358806e-06
450,337.77484130859375,161.21780395507812,20.74639892578125,51.054595947265625,2.8437452783691697e-06
450,367.2736511230469,162.42098999023438,22.8841552734375,54.621002197265625,0.00023982081620488316
450,575.56005859375,155.868896484375,21.120849609375,51.726806640625,3.465322151896544e-06
450,360.73583984375,169.35531616210938,21.97418212890625,52.09613037109375,0.7899215221405029
450,375.2152404785156,164.3079833984375,21.21099853515625,50.80413818359375,0.00012250975123606622
450,547.8765258789062,157.52500915527344,30.3201904296875,72.7271728515625,1.146184604294831e-05
450,560.1858520507812,162.05935668945312,23.989013671875,56.004364013671875,9.754527127370238e-06
450,568.1779174804688,159.71498107910156,24.22607421875,55.118896484375,6.02644904574845e-05
450,352.8104248046875,154.37771606445312,37.232421875,82.21035766601562,2.7907485673495103e-06
450,288.3177490234375,94.08314514160156,140.84210205078125,296.75677490234375,5.578966920438688e-06
450,552.27978515625,169.7054443359375,21.8641357421875,50.529632568359375,0.00024231112911365926
450,627.7685546875,169.45252990722656,12.7314453125,51.390350341796875,6.092182047723327e-06
450,546.5900268554688,174.82235717773438,21.7701416015625,51.843170166015625,1.2506500752351712e-05
450,9.386004447937012,194.9775390625,20.602718353271484,50.515655517578125,3.4107495594071224e-05
450,354.92950439453125,175.49603271484375,21.51556396484375,51.141815185546875,1.1063710189773701e-05
450,29.41938018798828,198.87571716308594,20.982955932617188,51.05999755859375,8.370302566618193e-06
450,0.0,201.6442108154297,15.026243209838867,52.817657470703125,1.240101300936658e-05
450,87.765625,211.71624755859375,22.941879272460938,53.79669189453125,7.270757578226039e-07
480,378.35546875,159.99533081054688,24.08843994140625,56.585662841796875,3.0366607006726554e-06
480,425.9664306640625,146.3204345703125,23.77587890625,57.8140869140625,1.2133564268879127e-05
480,429.7396545410156,140.1815185546875,30.6436767578125,74.30477905273438,0.0005365430261008441
480,420.40570068359375,124.53569793701172,47.804443359375,110.76490020751953,3.1487829801335465e-06
480,439.58453369140625,153.3035888671875,23.3077392578125,54.79962158203125,5.8644203818403184e-05
480,447.813720703125,156.95811462402344,21.654296875,51.1767578125,2.755305467871949e-05
480,441.96923828125,145.229248046875,30.147216796875,73.19467163085938,3.991592166130431e-06
480,546.5340576171875,161.33982849121094,22.9588623046875,53.78546142578125,2.5094746888498776e-05
480,391.7694091796875,169.89903259277344,21.607421875,52.223785400390625,0.00010237206879537553
480,399.3948974609375,165.1761474609375,23.724365234375,55.44268798828125,1.1966624242631951e-06
480,385.20916748046875,174.4064483642578,22.339599609375,54.037017822265625,4.42566351921414e-06
480,0.0,199.5623779296875,15.656604766845703,55.2325439453125,1.2183725630166009e-05
510,506.5036926269531,151.90821838378906,25.252166748046875,58.149017333984375,0.00014116064994595945
510,424.0224304199219,159.7789306640625,23.0316162109375,54.573272705078125,1.506633793724177e-06
510,431.922119140625,161.2515106201172,23.0858154296875,54.96630859375,3.2158266094484134e-06
510,513.9443969726562,162.84170532226562,21.7987060546875,51.167510986328125,0.02422267198562622
510,418.32659912109375,165.29733276367188,21.6094970703125,50.55645751953125,4.336534857429797e-06
510,319.2916259765625,176.25909423828125,21.3284912109375,50.62969970703125,0.00018339070084039122
510,507.2945861816406,170.00100708007812,20.923675537109375,51.653472900390625,4.35663014286547e-06
540,512.8488159179688,93.08037567138672,21.3118896484375,50.93054962158203,1.4893297475282452e-06
540,592.8670654296875,151.76495361328125,21.9637451171875,51.57318115234375,0.0001467008696636185
540,617.146240234375,152.91905212402344,23.353759765625,54.394256591796875,4.614789304469014e-06
540,599.2764892578125,154.0972900390625,23.5423583984375,56.05682373046875,5.3880208724876866e-05
540,627.0579833984375,158.62322998046875,13.4420166015625,56.38446044921875,1.2430212336767e-05
540,504.7474060058594,167.97000122070312,22.876434326171875,53.7083740234375,2.1237449345790083e-06
540,0.0,190.8209991455078,16.003395080566406,54.476593017578125,5.831074759043986e-06
570,583.8160400390625,75.90718841552734,21.5885009765625,50.75569152832031,0.9730103015899658
570,590.7747192382812,78.241943359375,21.301025390625,51.72773742675781,6.752718491043197e-06
570,594.2813720703125,158.229736328125,31.0050048828125,72.18447875976562,1.3243849025457166e-05
570,577.8890991210938,167.14356994628906,25.226806640625,58.12384033203125,1.3819303603668232e-05
570,334.58990478515625,171.73008728027344,20.96966552734375,50.795135498046875,5.262612467049621e-05
570,593.152587890625,175.3190155029297,22.118408203125,52.986724853515625,0.040052711963653564
570,472.385498046875,172.4273681640625,23.10162353515625,54.430908203125,0.0001285773905692622
570,599.8912353515625,179.74440002441406,22.221923828125,51.28070068359375,0.0005676489090546966
570,604.1050415039062,175.1464385986328,26.2152099609375,61.66656494140625,2.559969107096549e-05
570,584.6034545898438,177.60110473632812,25.0035400390625,59.37091064453125,0.00015623510989826173
570,586.037109375,165.03955078125,33.79931640625,81.346435546875,5.991620128042996e-06
600,586.70703125,0.0,53.79296875,226.99853515625,4.918266768072499e-06
600,601.01123046875,152.22943115234375,21.1151123046875,51.05938720703125,1.972601967281662e-05
600,595.4890747070312,144.3074951171875,30.0626220703125,71.329345703125,2.93918469651544e-06
600,608.0155029296875,152.09332275390625,21.288818359375,52.536712646484375,2.2728179374098545e-06
600,593.3523559570312,65.74378204345703,47.14764404296875,241.0968017578125,3.195174031134229e-06
600,593.5218505859375,155.5511932373047,21.203125,51.210235595703125,4.188301318208687e-06
630,353.8552551269531,175.0604248046875,21.67596435546875,51.45257568359375,3.0394448913284577e-06
630,0.0,200.4907684326172,15.224306106567383,53.75390625,4.038766746816691e-06
630,627.61083984375,233.30746459960938,12.88916015625,51.93145751953125,2.2980702851782553e-06
630,602.4341430664062,359.3524169921875,38.06585693359375,121.1475830078125,3.6128476494923234e-06
660,612.455078125,0.0,28.044921875,61.39048385620117,5.802240821140003e-07
660,596.7139282226562,0.0,43.78607177734375,121.32107543945312,5.715167503694829e-07
660,578.8764038085938,0.0,61.62359619140625,172.21856689453125,2.256834932268248e-06
690,0.0,39.04901885986328,23.173059463500977,101.5881576538086,7.567597890556499e-07
690,87.10700988769531,183.87277221679688,21.660675048828125,51.735321044921875,0.005591340828686953
690,8.51381778717041,192.1514434814453,22.78302001953125,54.794525146484375,1.411462903888605e-06
690,1.5879945755004883,197.49810791015625,21.526531219482422,51.490936279296875,1.2206474821141455e-05
690,94.46949768066406,188.42489624023438,21.735488891601562,52.21514892578125,2.3853113816585392e-05
690,0.0,203.70169067382812,14.403219223022461,52.880096435546875,0.00011189502401975915
720,24.110607147216797,208.929931640625,21.294479370117188,50.866119384765625,9.4009546955931e-06
720,601.599853515625,360.4493713378906,38.900146484375,120.05062866210938,6.423832928703632e-06
750,0.0,179.21475219726562,55.793487548828125,209.8515625,0.00011184969480382279
750,0.0,208.9549102783203,40.13896179199219,145.45933532714844,0.0016815699636936188
750,8.050067901611328,220.703125,44.672767639160156,105.611328125,6.1782657212461345e-06
750,11.510171890258789,249.9954071044922,30.50929832458496,68.08168029785156,2.2702031401422573e-06
750,0.0,247.23602294921875,25.82301902770996,110.95147705078125,2.1109581211931072e-05
750,601.4588623046875,358.97088623046875,39.0411376953125,121.52911376953125,1.3366483472054824e-05
780,0.0,195.1772003173828,84.02780151367188,211.0248260498047,6.098174708313309e-06
780,6.286317825317383,219.30377197265625,58.88427734375,148.30523681640625,2.949185955003486e-06
780,0.0,237.3809051513672,26.46552848815918,112.69343566894531,4.669583631766727e-06
780,3.2308826446533203,237.72442626953125,44.101158142089844,109.97576904296875,0.0006669545546174049
780,21.975244522094727,247.99337768554688,36.82500457763672,89.1435546875,9.436056643608026e-06
780,601.88818359375,357.78558349609375,38.61181640625,122.71441650390625,1.0119948456122074e-05
810,487.6979675292969,149.2805938720703,22.1951904296875,51.461456298828125,0.0004411645932123065
810,480.6170959472656,153.87423706054688,25.4163818359375,59.720245361328125,0.1866973489522934
810,418.02679443359375,168.68382263183594,22.3260498046875,52.0814208984375,6.2703120420337655e-06
810,494.9478454589844,160.36953735351562,21.953216552734375,52.911712646484375,0.00048543521552346647
810,489.6885070800781,151.50375366210938,31.422821044921875,74.9393310546875,4.3055089918198064e-05
810,476.5696105957031,164.25811767578125,21.22021484375,51.745697021484375,0.0001538938086014241
810,474.716064453125,144.92262268066406,36.28955078125,83.86593627929688,4.3926476791966707e-05
810,129.99456787109375,181.34288024902344,21.024749755859375,50.60992431640625,1.38276491270517e-05
810,488.797607421875,171.58871459960938,21.392333984375,50.796173095703125,0.00011743501090677455
810,472.9262390136719,135.52635192871094,51.713409423828125,123.21662902832031,1.5447400301127345e-06
810,628.0582275390625,177.28115844726562,12.4417724609375,50.559661865234375,5.443227564683184e-06
810,481.83154296875,164.02647399902344,34.6947021484375,82.95712280273438,6.931695224920986e-06
810,45.26844024658203,213.37982177734375,40.59626770019531,93.41033935546875,6.624365141760791e-06
810,45.104042053222656,242.78143310546875,32.51850891113281,76.99749755859375,2.599091658339603e-06
840,608.8253173828125,170.37710571289062,22.9664306640625,53.324005126953125,2.0045270503032953e-05
840,69.94978332519531,204.01092529296875,39.671966552734375,92.81387329101562,8.362933385797078e-07
840,76.9544448852539,235.07342529296875,30.653091430664062,72.54022216796875,0.0001267659099539742
900,361.5769958496094,166.86294555664062,21.35711669921875,51.53131103515625,2.8481636036303826e-06
900,434.33489990234375,181.0325469970703,22.38580322265625,53.370849609375,5.967567176412558e-06
900,602.0158081054688,356.4425048828125,38.48419189453125,124.0574951171875,1.1301960512355436e-05
900,582.9234619140625,315.36944580078125,57.5765380859375,165.13055419921875,5.472589691635221e-06
930,393.0899963378906,169.6439971923828,21.17840576171875,51.44012451171875,5.020855496695731e-06
930,137.45407104492188,198.47763061523438,22.3836669921875,52.6375732421875,7.5212369665678125e-06
930,127.73816680908203,204.21810913085938,22.169883728027344,50.837860107421875,4.7618686949135736e-06
930,119.47846984863281,208.8264617919922,26.369964599609375,60.47383117675781,2.6637944756657816e-06
930,144.811767578125,203.59347534179688,22.986175537109375,53.382904052734375,5.623275683319662e-06
930,0.0,174.1806182861328,35.40913391113281,145.3060760498047,4.052753411087906e-06
930,0.0,178.4569854736328,49.382205963134766,221.24681091308594,5.346337729861261e-06
930,601.61474609375,361.9128112792969,38.88525390625,118.58718872070312,7.619036296091508e-06
960,127.72228240966797,201.80955505371094,23.592994689941406,54.24505615234375,2.990497023347416e-06
960,600.8287353515625,364.50653076171875,39.6712646484375,115.99346923828125,9.25089989323169e-06
960,583.1708374023438,318.44427490234375,57.32916259765625,162.05572509765625,4.5206488721305504e-06
990,439.69732666015625,142.17251586914062,37.47796630859375,87.87152099609375,1.0922849469352514e-06
990,407.7522888183594,151.68690490722656,23.3485107421875,56.503692626953125,3.826303145615384e-05
990,403.8593444824219,133.44964599609375,35.05841064453125,86.01495361328125,5.2103390771662816e-05
990,405.65899658203125,115.53065490722656,48.1629638671875,121.36480712890625,0.00028869399102404714
990,424.2923583984375,135.27947998046875,41.38104248046875,95.86700439453125,7.223071588668972e-05
990,400.4879150390625,155.1737518310547,24.89385986328125,58.980255126953125,0.00010662155546015128
990,376.50250244140625,88.42708587646484,89.662109375,207.7381591796875,6.442274752771482e-06
990,438.8467712402344,160.1416015625,25.9241943359375,59.57806396484375,7.200297659437638e-06
990,416.1468505859375,118.28705596923828,56.94873046875,139.44924926757812,0.00019732193322852254
990,404.3829345703125,74.05645751953125,81.8162841796875,200.301025390625,8.668900591146667e-06
990,445.6792297363281,170.08262634277344,27.03662109375,63.540496826171875,0.00010961587395286188
990,454.3709411621094,171.67518615722656,24.7142333984375,56.764129638671875,1.0412072697363328e-05
990,433.6869201660156,159.04644775390625,36.01324462890625,86.2564697265625,0.00015274823817890137
990,439.7100524902344,182.4193115234375,25.41351318359375,60.991790771484375,1.81379982677754e-05
990,0.0,164.26287841796875,48.36574172973633,230.16033935546875,1.5080354387464467e-06
990,599.951171875,359.89971923828125,40.548828125,120.60028076171875,5.295326445775572e-06
1020,0.0,94.2367935180664,15.566620826721191,55.87645721435547,6.413897608581465e-06
1020,627.2322998046875,186.01559448242188,13.2677001953125,50.5374755859375,2.4145791030605324e-05
1020,116.66232299804688,208.48590087890625,26.24560546875,60.126220703125,1.3542547094402835e-05
1020,112.8332748413086,222.51254272460938,25.57488250732422,59.17816162109375,3.613727676565759e-05
1020,601.6870727539062,358.62353515625,38.81292724609375,121.87646484375,5.530997441383079e-06
1050,394.130859375,174.2576141357422,21.71087646484375,51.307464599609375,3.101140464423224e-05
1050,607.6104125976562,180.27774047851562,24.2127685546875,55.878631591796875,1.572469227539841e-05
1050,616.3723754882812,180.74044799804688,21.587646484375,51.653076171875,6.168805703055114e-05
1050,601.4351196289062,186.42681884765625,23.4500732421875,53.894195556640625,1.7798080307329656e-06
1050,627.3201293945312,185.3780517578125,13.17987060546875,51.770538330078125,2.8128832127549686e-05
1050,600.2754516601562,364.67352294921875,40.22454833984375,115.82647705078125,7.6063097367295995e-06
1080,167.83538818359375,179.36181640625,22.27490234375,52.401519775390625,1.1852450370497536e-05
1080,0.0,165.67294311523438,47.09690475463867,223.8658447265625,3.794885060415254e-06
1080,0.0,188.37918090820312,33.56883239746094,147.15643310546875,5.197235623199958e-06
1110,154.26455688476562,184.67752075195312,23.096160888671875,55.884796142578125,0.0002453781489748508
1110,610.7898559570312,406.28839111328125,29.71014404296875,74.21160888671875,4.584107500704704e-06
1110,601.3526000976562,360.334228515625,39.14739990234375,120.165771484375,4.659996648115339e-06
1110,580.77490234375,321.2795715332031,59.72509765625,159.22042846679688,5.812597464682767e-06
1140,134.55953979492188,191.26870727539062,27.109619140625,65.11724853515625,2.025794401561143e-06
1140,158.98561096191406,189.71224975585938,28.287445068359375,69.36154174804688,2.951175247289939e-06
1140,0.0,346.78240966796875,62.62089157104492,133.71759033203125,3.236971451769932e-06
1170,499.7808532714844,163.27113342285156,20.945648193359375,50.707763671875,4.286593321012333e-05
1170,503.4559631347656,172.8263702392578,21.798919677734375,50.69598388671875,3.06848123727832e-05
1170,0.0,340.85186767578125,63.3391227722168,139.64813232421875,2.070273694698699e-06
1200,602.8045043945312,150.04156494140625,32.03857421875,74.90652465820312,0.0019722231663763523
1200,417.021484375,159.71099853515625,20.7098388671875,50.651611328125,5.451051038107835e-06
1200,616.9929809570312,129.50405883789062,23.50701904296875,93.63870239257812,1.1614595678111073e-05
1200,608.7796020507812,165.23602294921875,22.3665771484375,53.9852294921875,0.01733863539993763
1200,593.962646484375,125.5731201171875,46.537353515625,116.65249633789062,6.395512627932476e-06
1200,545.5216674804688,98.58369445800781,94.97833251953125,285.18035888671875,6.799763923481805e-06
1200,625.4269409179688,166.45301818847656,15.07305908203125,53.24822998046875,0.00011650222586467862
1200,615.7657470703125,171.21461486816406,22.0806884765625,51.887115478515625,0.00031125108944252133
1200,602.7787475585938,175.62728881835938,21.5155029296875,53.6116943359375,1.310856532654725e-06
1200,137.35792541503906,191.197509765625,24.67767333984375,55.47406005859375,4.563941274682293e-06
1200,145.7590789794922,192.17105102539062,23.235321044921875,53.66998291015625,5.607004641206004e-05
1200,100.10005950927734,227.51895141601562,32.22509002685547,76.732177734375,6.925802154000849e-05
1230,96.86561584472656,196.15594482421875,21.094802856445312,50.58111572265625,9.670996405475307e-06
1230,601.7197265625,362.10174560546875,38.7802734375,118.39825439453125,4.34054800280137e-06
1260,593.0438842773438,0.0,47.45611572265625,123.28726959228516,7.019999884505523e-06
1260,602.1600341796875,359.928466796875,38.3399658203125,120.571533203125,8.20511286292458e-06
1290,603.8197631835938,63.000526428222656,36.68023681640625,156.87319946289062,7.727085176156834e-06
1290,626.5100708007812,129.70631408691406,13.98992919921875,52.705474853515625,3.8338407648552675e-06
1290,587.9910278320312,33.80529022216797,52.50897216796875,246.451416015625,6.431181827792898e-05
1290,508.1648864746094,0.0,132.33511352539062,308.15069580078125,1.9586421331041493e-05
1290,626.4389038085938,176.89227294921875,14.06109619140625,51.871063232421875,6.173241672513541e-06
1290,83.0382080078125,198.43106079101562,33.96502685546875,79.686279296875,1.6073557844720199e-06
1290,533.369140625,89.7281265258789,93.5430908203125,229.39437866210938,4.5486981434805784e-06
1290,85.74726104736328,227.86843872070312,31.280303955078125,74.1138916015625,0.00010566246783128008
1320,539.8999633789062,0.0,92.69873046875,204.72259521484375,7.589224424009444e-06
1320,570.2000732421875,0.0,70.2999267578125,278.1625671386719,1.3113842669554288e-06
1320,346.3853759765625,141.35499572753906,21.19451904296875,50.94451904296875,1.7722860548019526e-06
1320,339.02508544921875,151.0924835205078,24.45013427734375,57.3175048828125,0.00011990620259894058
1320,342.62481689453125,140.0359649658203,33.306396484375,78.80599975585938,3.969222598243505e-05
1320,350.9339294433594,151.6442108154297,22.2247314453125,53.462799072265625,0.1318119317293167
1320,357.9970703125,150.96847534179688,21.53656005859375,50.89276123046875,2.701315861486364e-05
1320,347.0126037597656,165.84463500976562,22.55572509765625,53.28466796875,7.253116928040981e-05
1320,609.22119140625,403.6459045410156,31.27880859375,76.85409545898438,9.234569006366655e-06
1320,600.0216064453125,356.8592529296875,40.4783935546875,123.6407470703125,2.024527930188924e-05
1350,80.79814147949219,231.28688049316406,25.461898803710938,59.41398620605469,8.417074241151568e-06
1350,601.8739013671875,358.58544921875,38.6260986328125,121.91455078125,6.522908279293915e-06
1380,399.7287902832031,0.0,144.62875366210938,292.63580322265625,0.0010722230654209852
1380,453.3025207519531,36.155433654785156,102.32675170898438,248.2950439453125,3.8273468817351386e-05
1380,462.94329833984375,84.10713195800781,67.42041015625,161.11312866210938,1.0399490975032677e-06
1380,627.8792114257812,174.65447998046875,12.62078857421875,54.53863525390625,7.767677743686363e-06
1380,80.62107849121094,195.3637237548828,22.191650390625,52.428314208984375,3.7532936403295025e-05
1380,84.90084838867188,195.94601440429688,26.360610961914062,61.410125732421875,2.5198785351676634e-06
1380,428.72418212890625,66.06206512451172,92.77587890625,233.36483764648438,0.000504463620018214
1380,74.07193756103516,196.20436096191406,33.86555480957031,78.10203552246094,1.6177823454199824e-06
1380,80.3316650390625,226.31214904785156,27.044189453125,64.12089538574219,3.8096855860203505e-05
1380,611.5335083007812,408.6335754394531,28.96649169921875,71.86642456054688,5.260169018583838e-06
1380,601.502197265625,361.3665771484375,38.997802734375,119.1334228515625,1.1143319170514587e-05
1410,627.2864990234375,173.37281799316406,13.2135009765625,57.46075439453125,7.941937838040758e-06
1440,0.0,96.08367156982422,13.685966491699219,55.592506408691406,5.9153244365006685e-06
1440,409.31298828125,139.9233856201172,23.48968505859375,55.59326171875,8.303833965328522e-06
1440,421.04058837890625,145.32012939453125,22.3814697265625,52.92144775390625,3.6244582588551566e-05
1440,415.9479675292969,151.2435302734375,21.4610595703125,51.5206298828125,0.19368161261081696
1440,408.3782958984375,132.5426788330078,35.75506591796875,81.16696166992188,7.987489880179055e-06
1440,349.53167724609375,96.68363952636719,134.6397705078125,281.2794189453125,1.1693136912072077e-05
1440,0.0,214.70758056640625,14.706270217895508,53.368682861328125,7.863977771194186e-06
1440,0.0,163.35400390625,45.336097717285156,223.49700927734375,6.199418749019969e-06
1440,0.0,196.6978759765625,22.585987091064453,106.70053100585938,7.72376915847417e-06
1440,0.0,192.67572021484375,34.21488952636719,142.54522705078125,3.143007052130997e-05
1500,626.647216796875,165.1497344970703,13.852783203125,52.121917724609375,1.0507123079150915e-05
1500,617.498046875,172.7303466796875,22.7738037109375,53.3258056640625,1.605857687536627e-05
1500,602.3176879882812,362.738525390625,38.18231201171875,117.761474609375,3.609820396377472e-06
1530,375.34027099609375,167.39712524414062,23.58038330078125,54.84490966796875,2.133346470145625e-06
1530,360.9281921386719,172.83273315429688,21.63677978515625,52.72930908203125,1.9765013803407783e-06
1530,368.47369384765625,172.1522979736328,21.340087890625,51.474151611328125,2.184926643167273e-06
1530,0.0,190.04052734375,86.0093765258789,208.14208984375,1.615094515727833e-05
1530,18.072200775146484,177.17416381835938,65.4031982421875,144.7078857421875,2.099032599289785e-06
1530,6.288206100463867,198.76492309570312,58.24706268310547,134.8125,8.940703264670447e-05
1560,422.810546875,169.39830017089844,26.1893310546875,60.026336669921875,3.638014277385082e-06
1590,498.98516845703125,0.0,91.2796630859375,220.5306396484375,0.00018187638488598168
1590,516.6950073242188,7.894081115722656,106.9639892578125,253.86642456054688,1.5883462083365885e-06
1590,476.90362548828125,0.0,154.6585693359375,353.3421325683594,0.006523991469293833
1590,529.8438110351562,87.50956726074219,99.150146484375,248.60707092285156,3.557612672011601e-06
1590,152.76890563964844,192.96981811523438,23.66766357421875,54.8848876953125,1.6454180240543792e-06
1590,498.18017578125,68.49560546875,104.1561279296875,248.4476318359375,7.957444904604927e-05
1620,0.0,161.43014526367188,13.294997215270996,58.122802734375,6.802948519180063e-06
1620,0.0,187.82431030273438,12.306310653686523,51.609527587890625,4.051343785249628e-05
1620,0.0,161.4304656982422,19.788860321044922,101.54475402832031,1.1492876183183398e-05
1620,0.0,197.80445861816406,15.13317584991455,58.95683288574219,4.038444603793323e-05
1620,0.0,217.9049530029297,13.609009742736816,50.98963928222656,1.1237927537877113e-05
1620,0.0,206.10711669921875,18.724456787109375,75.42391967773438,9.449096978642046e-06
1620,601.9722290039062,358.7842712402344,38.52777099609375,121.71572875976562,8.786842954577878e-06
1680,626.1229248046875,37.73912048339844,14.3770751953125,57.163177490234375,4.450835149327759e-06
1680,618.64306640625,53.39773178100586,21.3394775390625,51.65410232543945,5.527455869014375e-05
1680,626.2881469726562,61.74238204956055,14.21185302734375,51.12648391723633,5.998355391056975e-06
1680,351.0755615234375,156.95443725585938,23.495361328125,56.419891357421875,0.0001634511281736195
1680,339.2701110839844,161.70814514160156,23.427978515625,54.21832275390625,2.063438114419114e-05
1680,346.6805419921875,167.27772521972656,22.637939453125,52.779296875,0.008496193215250969
1680,384.4494934082031,147.90420532226562,35.8446044921875,85.78396606445312,7.152117177611217e-06
1680,399.74005126953125,166.46359252929688,23.79986572265625,55.812744140625,2.153458808606956e-05
1680,627.4637451171875,163.55496215820312,13.0362548828125,51.844451904296875,8.860219168127514e-06
1680,384.20306396484375,174.06732177734375,22.10784912109375,52.492095947265625,3.446099071879871e-06
1680,391.27728271484375,172.1992950439453,24.73516845703125,58.193511962890625,7.383264892268926e-05
1680,408.0317077636719,170.15711975097656,22.26519775390625,51.126220703125,6.564242767126416e-07
1680,225.36026000976562,191.89572143554688,21.65008544921875,51.597015380859375,4.004567017545924e-06
1680,238.6596221923828,189.26556396484375,24.196426391601562,56.05902099609375,1.257043822988635e-05
1680,627.3566284179688,182.22007751464844,13.14337158203125,56.712493896484375,1.2670803698711097e-05
1680,231.02500915527344,196.475341796875,24.749542236328125,56.26239013671875,3.305475183879025e-05
1680,600.3240356445312,361.5293273925781,40.17596435546875,118.97067260742188,5.24322103956365e-06
1710,280.66082763671875,172.947509765625,21.80889892578125,52.199951171875,2.769961611193139e-05
1710,515.1907348632812,170.60841369628906,21.46142578125,50.906341552734375,1.649133446335327e-05
1710,403.6286315917969,174.542724609375,21.716552734375,51.30584716796875,9.730024430609774e-07
1710,410.66168212890625,172.92684936523438,21.41485595703125,51.017730712890625,1.8364808056503534e-05
1710,417.7135925292969,173.57757568359375,21.60400390625,51.509490966796875,7.614808509970317e-06
1710,424.616943359375,173.33372497558594,22.031982421875,52.19000244140625,3.3379690194124123e-06
1710,14.05843734741211,221.44326782226562,32.816429138183594,81.786865234375,0.0020149489864706993
1710,27.20173454284668,226.83612060546875,28.784700393676758,65.133056640625,2.83409599433071e-06
1710,0.8975467681884766,210.41671752929688,41.26746368408203,106.2510986328125,1.4750117770745419e-05
1710,0.0,172.794189453125,50.848655700683594,226.2154541015625,8.698350029590074e-06
1710,23.54071617126465,245.25103759765625,24.227800369262695,57.3253173828125,1.699183849268593e-05
1740,527.3046875,161.197021484375,25.1231689453125,60.602783203125,3.4819024676835397e-06
1740,551.354736328125,163.5361328125,22.793212890625,54.381927490234375,7.621958047820954e-06
1740,521.8606567382812,174.09527587890625,23.1978759765625,54.144317626953125,4.877975516137667e-05
1740,537.8182983398438,172.0935516357422,23.680908203125,55.343048095703125,8.950581104727462e-06
1740,608.0684204101562,168.0164794921875,23.687744140625,54.85052490234375,6.027306881151162e-06
1740,546.7622680664062,174.57264709472656,21.6964111328125,50.912567138671875,0.0005652628024108708
1740,0.0,186.61753845214844,13.479738235473633,51.413970947265625,9.152696293313056e-06
1740,527.590087890625,182.19003295898438,22.0086669921875,53.134490966796875,2.683970024008886e-06
1740,0.0,197.62796020507812,16.347318649291992,59.1893310546875,4.478928531170823e-06
1740,0.0,175.3834228515625,21.762447357177734,97.48529052734375,3.470981482678326e-06
1740,600.7719116210938,365.74053955078125,39.72808837890625,114.75946044921875,5.6718449741310906e-06
1740,581.9711303710938,324.3113098144531,58.52886962890625,156.18869018554688,4.104277650185395e-06
1770,609.6099853515625,102.47811126708984,30.8900146484375,141.81951904296875,1.6362763517463463e-06
1770,624.6190185546875,158.43585205078125,15.8809814453125,63.13140869140625,1.2458930541470181e-05
1770,590.6611938476562,76.93843841552734,49.83880615234375,231.5478515625,1.4603378986066673e-05
1770,265.51739501953125,175.51751708984375,20.9976806640625,50.816558837890625,1.4497461961582303e-05
1770,0.0,181.92491149902344,16.585838317871094,56.8648681640625,5.893848538107704e-06
1770,610.7791748046875,175.61758422851562,21.5096435546875,52.496856689453125,4.557130523608066e-06
1770,604.8541870117188,163.34457397460938,32.662841796875,77.3975830078125,1.097296717489371e-05
1770,617.7849731445312,178.34396362304688,21.50634765625,52.047210693359375,1.7333561117993668e-05
1770,617.80078125,150.23971557617188,22.69921875,99.42538452148438,8.653429176774807e-06
1770,0.0,146.3876190185547,28.579071044921875,126.99180603027344,1.1402472637200844e-06
1770,0.0,120.66048431396484,48.821556091308594,226.6868896484375,4.003470621682936e-06
1770,626.5946044921875,185.68772888183594,13.9053955078125,52.30645751953125,0.00010879571345867589
1770,0.08359146118164062,198.60191345214844,22.726781845092773,53.758697509765625,0.001595802023075521
1770,7.743814468383789,200.05868530273438,22.336284637451172,53.6256103515625,8.912646444514394e-05
1770,18.204851150512695,200.445068359375,21.550878524780273,51.631805419921875,3.997667954536155e-05
1770,25.484691619873047,199.83033752441406,21.25440216064453,51.0316162109375,0.0003811269416473806
1770,617.876708984375,197.79425048828125,21.082763671875,51.105712890625,1.0430638212710619e-05
1770,627.081787109375,206.9322509765625,13.418212890625,51.37957763671875,2.1864985683350824e-05
1770,0.0,209.45826721191406,15.596389770507812,55.41893005371094,1.065892411133973e-05
1770,601.2274780273438,362.85931396484375,39.27252197265625,117.64068603515625,3.815141099039465e-06
1800,606.1006469726562,69.3100814819336,34.39935302734375,152.69912719726562,4.57579517387785e-06
1800,430.7239074707031,153.988525390625,25.01214599609375,58.27392578125,2.4401244900218444e-06
1800,624.4180908203125,149.9688262939453,16.0819091796875,67.72140502929688,1.0031987585534807e-05
1800,264.0233154296875,165.26611328125,22.81402587890625,53.87127685546875,3.162535904266406e-06
1800,613.5853881835938,126.69151306152344,26.91461181640625,107.59921264648438,6.655684410361573e-05
1800,600.8869018554688,152.6702880859375,37.669921875,88.907958984375,9.223469533026218e-06
1800,588.9105224609375,108.19660949707031,51.5894775390625,140.33941650390625,0.0001433944853488356
1800,565.4470825195312,56.12788391113281,75.05291748046875,294.853515625,1.433207762602251e-05
1800,626.2920532226562,181.66024780273438,14.20794677734375,51.383544921875,5.135187893756665e-05
1800,620.4026489257812,167.9718780517578,20.09735107421875,79.33551025390625,1.1924090358661488e-05
1800,0.0,193.17214965820312,16.865434646606445,53.988800048828125,6.0721835325239226e-05
1800,0.0,121.85505676269531,47.85722351074219,228.5613250732422,3.954618932766607e-06
1800,7.011761665344238,193.63848876953125,21.307838439941406,50.86492919921875,4.960774822393432e-05
1800,626.3755493164062,198.70648193359375,14.12445068359375,51.7916259765625,5.230600436334498e-06
1800,627.156005859375,360.23016357421875,13.343994140625,52.95050048828125,6.859456789243268e-06
1830,616.3235473632812,70.95919799804688,23.8856201171875,56.702789306640625,6.025197762937751e-06
1830,626.5394287109375,81.07528686523438,13.9605712890625,51.36570739746094,9.481646884523798e-06
1830,537.3822631835938,133.21153259277344,23.3841552734375,55.149017333984375,2.370842366872239e-06
1830,542.3418579101562,131.36749267578125,27.9735107421875,66.41769409179688,1.0975060831697192e-05
1830,533.4828491210938,110.42613220214844,51.3333740234375,123.16226196289062,1.145361784438137e-05
1830,514.0503540039062,124.63710021972656,39.3468017578125,96.287841796875,1.3832549257131177e-06
1830,533.94970703125,146.0318145751953,27.8370361328125,64.86944580078125,5.9741505538113415e-05
1830,527.9924926757812,132.7330780029297,39.61865234375,91.97433471679688,0.0007832335541024804
1830,547.0292358398438,142.7786407470703,29.69189453125,68.31515502929688,2.219363159383647e-05
1830,520.2698974609375,157.5771942138672,27.177001953125,62.247894287109375,1.309092840529047e-05
1830,541.1019287109375,156.49795532226562,26.2357177734375,61.93206787109375,3.219239806639962e-05
1830,527.1527709960938,159.52227783203125,29.122802734375,68.02215576171875,1.4720188119099475e-05
1830,0.0,119.11290740966797,47.213966369628906,221.85894775390625,4.035879101138562e-06
1830,4.0147552490234375,190.08770751953125,21.243253707885742,51.05938720703125,0.026387503370642662
1830,0.0,191.9432830810547,16.256141662597656,50.636077880859375,0.0002951067581307143
1830,13.780290603637695,191.64993286132812,22.11969566345215,52.992340087890625,4.262412403477356e-05
1830,0.0,173.45834350585938,23.585002899169922,94.82373046875,1.3133417269273195e-06
1830,7.537941932678223,199.0968475341797,23.757423400878906,56.04815673828125,5.239601705397945e-06
