30,596.8587036132812,0.0,43.64129638671875,119.44969940185547,1.2372912578939577e-06
30,259.2286376953125,12.464654922485352,21.72247314453125,51.574249267578125,4.8149318899959326e-05
30,263.8503112792969,21.105464935302734,22.2724609375,51.78494644165039,0.22319237887859344
30,257.86737060546875,7.523475646972656,34.86273193359375,79.396484375,2.1350010683818255e-06
30,269.52899169921875,23.898557662963867,23.42108154296875,56.558319091796875,7.656446541659534e-06
30,432.57342529296875,102.53260803222656,87.99365234375,210.66722106933594,3.714051217684755e-06
30,461.8228454589844,121.05441284179688,50.477294921875,129.7269287109375,6.154677066660952e-06
30,456.4759521484375,150.6096954345703,29.0281982421875,71.383544921875,9.236756159225479e-05
30,473.16925048828125,153.84820556640625,21.74884033203125,52.623138427734375,2.301416861882899e-05
30,627.5975341796875,153.20022583007812,12.9024658203125,52.5084228515625,7.16073691364727e-06
30,273.31536865234375,163.46987915039062,24.5169677734375,55.722930908203125,2.764571490843082e-06
30,284.9396057128906,157.3723602294922,31.693603515625,75.32369995117188,1.584791243658401e-05
30,447.8653564453125,159.36045837402344,26.44921875,62.775665283203125,1.334682838205481e-05
30,466.4029235839844,159.2022705078125,23.612548828125,57.12908935546875,7.657383685000241e-05
30,424.650146484375,135.966064453125,116.7520751953125,269.153076171875,6.589754320884822e-06
30,478.9350280761719,160.7122039794922,24.00201416015625,52.625274658203125,5.429469820228405e-05
30,281.3161926269531,169.82960510253906,21.382568359375,51.670257568359375,9.939396477420814e-06
30,351.2813720703125,178.78836059570312,23.7562255859375,56.12786865234375,6.334030331345275e-05
30,357.8163146972656,174.68942260742188,25.63720703125,59.6474609375,7.103146344888955e-05
30,464.08270263671875,150.91937255859375,36.1868896484375,86.70498657226562,1.0
30,477.50628662109375,154.127685546875,33.36444091796875,81.22988891601562,0.00012148731184424832
30,594.0775756835938,83.14836883544922,46.42242431640625,239.86929321289062,8.0629733929527e-06
30,289.4133605957031,173.32789611816406,21.95745849609375,52.182037353515625,1.6822077668621205e-05
30,338.5277404785156,181.467529296875,22.67279052734375,54.368011474609375,5.020893695473205e-06
30,332.9526672363281,159.50978088378906,35.32330322265625,89.86309814453125,1.643366772441368e-06
30,349.105712890625,160.65850830078125,36.66412353515625,86.26373291015625,1.3236145832706825e-06
30,130.56854248046875,184.97268676757812,22.31536865234375,52.674530029296875,6.31900766165927e-05
30,295.3912353515625,179.7767333984375,21.82684326171875,50.632843017578125,1.512962353444891e-05
30,344.0867919921875,182.68447875976562,25.365234375,60.62158203125,0.0017939378740265965
30,472.4728698730469,170.7494354248047,22.94842529296875,55.589599609375,4.289973105642275e-07
60,347.9021301269531,161.5226287841797,33.1343994140625,79.2220458984375,0.9999996423721313
60,549.52880859375,135.44998168945312,46.645263671875,111.86468505859375,0.9999998807907104
60,405.2293395996094,178.20834350585938,25.5084228515625,60.51556396484375,0.856745183467865
60,359.4736633300781,164.82095336914062,31.8616943359375,76.82223510742188,0.014646618627011776
60,323.9571228027344,168.39822387695312,29.13140869140625,69.26272583007812,0.001056957640685141
60,335.90667724609375,161.87989807128906,32.14886474609375,78.30496215820312,0.0004422165802679956
60,390.2198181152344,168.9043731689453,31.51397705078125,76.84902954101562,0.00046334342914633453
60,380.455078125,169.96484375,31.23809814453125,73.32794189453125,9.138866153080016e-05
60,372.5940856933594,165.65301513671875,28.68695068359375,68.53543090820312,0.0016637222142890096
60,541.3062133789062,139.92190551757812,39.49072265625,95.29879760742188,9.730210149427876e-05
60,536.1650390625,85.42088317871094,81.347900390625,192.8753204345703,9.579589823260903e-05
60,346.41705322265625,167.90138244628906,24.6634521484375,56.934417724609375,0.00011374842870282009
60,412.995361328125,186.23895263671875,22.79681396484375,55.111358642578125,0.0007157138315960765
60,564.0007934570312,128.47279357910156,47.0816650390625,114.44805908203125,0.0002002118999371305
60,556.7008666992188,154.94467163085938,29.888916015625,71.927978515625,2.3651520677958615e-05
60,353.9290771484375,163.10775756835938,22.0521240234375,53.5179443359375,0.00039349717553704977
60,532.5103149414062,147.8118896484375,31.6295166015625,76.41607666015625,2.4083103198790923e-05
60,393.6181335449219,179.16815185546875,22.48492431640625,53.567718505859375,3.4443510230630636e-05
60,552.5880737304688,148.14263916015625,26.558349609375,63.9697265625,4.859250839217566e-05
60,402.1483154296875,157.76882934570312,36.54730224609375,86.20486450195312,0.0006064539193175733
60,368.2441101074219,174.15768432617188,23.09796142578125,53.08953857421875,4.753219400299713e-05
60,401.9446716308594,166.3146514892578,22.13958740234375,52.759552001953125,3.778839754886576e-06
60,510.3869323730469,42.181793212890625,115.54446411132812,274.5907897949219,1.0517379450902808e-05
60,380.8931884765625,150.32269287109375,46.2388916015625,110.57333374023438,2.011991455219686e-06
60,543.7241821289062,152.88380432128906,27.2862548828125,68.29217529296875,1.1846595953102224e-05
60,561.5374145507812,153.1172637939453,21.3931884765625,51.033294677734375,2.8987715268158354e-06
60,338.56463623046875,170.84388732910156,22.24200439453125,52.64599609375,7.082180673023686e-06
60,287.916748046875,0.0,23.12188720703125,50.56220245361328,1.372411225020187e-05
60,565.1068115234375,147.55694580078125,26.775146484375,65.0572509765625,4.395340965857031e-06
60,361.4367370605469,162.918212890625,21.61334228515625,50.743560791015625,4.4337648432701826e-05
60,264.96319580078125,170.00164794921875,22.2530517578125,51.751556396484375,3.240294972783886e-06
60,571.1510620117188,102.28004455566406,57.998046875,136.13873291015625,1.8762893887469545e-06
60,596.408447265625,0.0,44.091552734375,124.24404907226562,7.551070211775368e-06
60,337.4349365234375,146.46224975585938,46.23565673828125,116.65597534179688,2.0409663648024434e-06
60,524.221435546875,138.69149780273438,108.386474609375,252.56048583984375,2.301783752045594e-06
60,313.81475830078125,168.33706665039062,27.29547119140625,62.407073974609375,1.3796213806926971e-06
60,413.17059326171875,168.30149841308594,23.31781005859375,55.39495849609375,6.655151992163155e-06
60,367.8031921386719,150.42538452148438,40.69549560546875,104.83609008789062,6.805108796470449e-07
60,575.7081909179688,149.89273071289062,34.0919189453125,79.19879150390625,1.919437272590585e-05
60,256.7507629394531,173.72976684570312,22.981689453125,54.92205810546875,6.309121090453118e-06
60,296.5561218261719,143.41497802734375,120.08135986328125,282.65765380859375,3.194564442310366e-06
60,350.6488342285156,133.93048095703125,127.34686279296875,270.49493408203125,1.616147756067221e-06
60,400.8177490234375,191.91233825683594,23.71905517578125,59.26300048828125,1.4035032336323638e-06
90,366.8362121582031,151.7439727783203,26.325439453125,62.350128173828125,4.481099040276604e-06
90,394.8089294433594,156.42234802246094,20.7060546875,50.6063232421875,6.932845280971378e-06
90,390.19952392578125,155.738037109375,29.5516357421875,70.66583251953125,2.700409277167637e-05
90,371.7115478515625,121.41097259521484,71.8353271484375,168.47811889648438,1.1962290955125354e-05
90,411.79345703125,123.16339874267578,75.8050537109375,179.27294921875,4.5976225919730496e-06
90,373.6415710449219,161.35733032226562,26.5147705078125,65.53408813476562,2.8628845029743388e-05
90,399.84588623046875,161.83206176757812,22.96759033203125,52.071502685546875,4.0666218410478905e-05
90,416.24383544921875,161.53768920898438,23.60321044921875,58.09490966796875,1.5124184756132308e-05
90,526.6072998046875,163.59132385253906,20.9464111328125,50.989959716796875,5.823481114930473e-05
90,361.2159423828125,153.7717742919922,36.9228515625,88.99496459960938,0.0034605180844664574
90,351.65362548828125,137.58172607421875,74.25567626953125,185.61273193359375,4.441040800884366e-06
90,403.03997802734375,161.37808227539062,28.6595458984375,67.33465576171875,8.609233077550016e-07
90,410.1326904296875,155.77334594726562,35.2169189453125,83.70379638671875,5.738172148994636e-06
90,421.49407958984375,157.0601806640625,36.5511474609375,85.78085327148438,0.00028646213468164206
90,434.74853515625,166.106689453125,21.604736328125,52.93310546875,1.105557839764515e-05
90,440.8433837890625,166.81747436523438,22.81268310546875,55.581787109375,3.7895937566645443e-05
90,467.87847900390625,168.05055236816406,29.71112060546875,67.73190307617188,1.0351163837185595e-05
90,495.54815673828125,169.98509216308594,24.94427490234375,58.5087890625,7.350015494012041e-06
90,514.626220703125,167.92166137695312,22.1422119140625,52.536041259765625,7.006977739365539e-06
90,0.0,177.59373474121094,15.955972671508789,57.920196533203125,1.6425833564426284e-06
90,360.40301513671875,163.04739379882812,26.408447265625,65.52523803710938,0.00010625658615026623
90,370.3760681152344,148.66189575195312,43.28643798828125,103.84555053710938,0.022708063945174217
90,385.444091796875,149.37646484375,43.00115966796875,104.40216064453125,1.0
90,503.37603759765625,173.83154296875,24.448974609375,56.74920654296875,4.6256641326181125e-06
90,430.68878173828125,153.59458923339844,40.8975830078125,97.77810668945312,0.9999985694885254
90,443.71441650390625,160.27020263671875,38.68963623046875,96.26776123046875,0.007451299112290144
90,457.29364013671875,164.3954315185547,37.171875,90.5780029296875,0.007361781783401966
90,474.3070983886719,153.96575927734375,44.988800048828125,106.63916015625,3.646190862127696e-06
90,0.0,195.19998168945312,13.268855094909668,50.941314697265625,1.9880859326804057e-05
90,16.658859252929688,195.33499145507812,22.578105926513672,52.100982666015625,1.4954674043110572e-05
90,459.4469909667969,142.7969970703125,49.0145263671875,125.91290283203125,3.772970103455009e-06
90,0.0,188.77249145507812,19.437368392944336,76.47726440429688,1.0140013728232589e-05
90,395.3633117675781,179.08236694335938,29.54327392578125,71.59280395507812,7.156538777053356e-05
90,438.4522705078125,185.82342529296875,26.71160888671875,65.79296875,6.73107715556398e-05
90,0.0,174.79522705078125,28.542253494262695,134.8701171875,2.6319546577724395e-06
90,610.5550537109375,405.82861328125,29.9449462890625,74.67138671875,3.757390004466288e-06
90,600.1345825195312,360.2308654785156,40.36541748046875,120.26913452148438,6.969318292249227e-06
90,579.501953125,318.0807800292969,60.998046875,162.41921997070312,5.740563665312948e-06
120,498.65802001953125,141.1571502685547,62.0972900390625,150.52418518066406,0.9999978542327881
120,473.9544372558594,139.46578979492188,60.843353271484375,149.59793090820312,0.9999994039535522
120,458.1470642089844,143.3948974609375,55.296295166015625,137.37814331054688,0.4099405109882355
120,451.40777587890625,159.65966796875,43.50146484375,105.18569946289062,0.002284257672727108
120,517.1807861328125,183.28094482421875,44.059814453125,105.92120361328125,0.03708018362522125
120,519.6713256835938,133.79856872558594,59.6700439453125,147.2947540283203,0.00016662274720147252
120,503.6727294921875,138.8753662109375,85.1544189453125,198.58612060546875,4.6048506192164496e-05
120,509.2642822265625,142.382080078125,44.724853515625,104.706298828125,0.019009750336408615
120,464.1162414550781,152.4620361328125,89.14779663085938,219.1136474609375,1.543688449601177e-05
120,477.67230224609375,142.17440795898438,43.5565185546875,103.31436157226562,0.002269822871312499
120,441.5502014160156,117.72456359863281,78.72665405273438,195.8833465576172,4.79637037642533e-06
120,529.7616577148438,159.34169006347656,41.77294921875,102.08522033691406,0.0001729586801957339
120,466.76922607421875,166.93898010253906,34.4219970703125,86.31924438476562,3.903468677890487e-05
120,98.62983703613281,190.19451904296875,22.17034912109375,52.15386962890625,4.67283753096126e-05
120,594.0476684570312,149.2097930908203,20.799072265625,50.740753173828125,2.5829098376561888e-05
120,539.7713623046875,141.93618774414062,44.9659423828125,109.38739013671875,2.699827564356383e-05
120,492.1724853515625,175.22413635253906,47.771484375,109.87480163574219,2.3615586997038918e-06
120,599.8497924804688,361.49212646484375,40.65020751953125,119.00787353515625,1.445749330741819e-05
120,89.64989471435547,187.11927795410156,22.525375366210938,53.161376953125,3.7576407976303017e-06
120,409.4122314453125,63.76762390136719,22.88720703125,53.30113220214844,7.66169250709936e-05
120,525.853759765625,145.52931213378906,30.3829345703125,78.46926879882812,0.005470560863614082
120,610.6088256835938,405.04815673828125,29.89117431640625,75.45184326171875,5.87972363064182e-06
120,579.7303466796875,316.7220458984375,60.7696533203125,163.7779541015625,7.184123660408659e-06
120,479.4910583496094,185.77467346191406,42.568084716796875,99.04710388183594,4.600043212121818e-06
120,521.0659790039062,153.412841796875,21.3712158203125,54.901092529296875,9.541172767058015e-05
120,608.4481811523438,195.21389770507812,21.525634765625,51.5670166015625,1.2126090950914659e-05
120,626.78076171875,209.02862548828125,13.71923828125,52.06396484375,4.7307357817771845e-06
120,81.02703857421875,190.5861358642578,22.610855102539062,53.864959716796875,6.318098257906968e-06
120,547.64892578125,163.68484497070312,28.8553466796875,70.42828369140625,3.905073754140176e-06
120,598.4486083984375,152.92343139648438,24.9332275390625,58.14154052734375,9.3536573331221e-06
120,462.9117431640625,173.9353790283203,24.99945068359375,64.18701171875,0.00012041115405736491
150,597.9219970703125,0.0,42.5780029296875,120.82048797607422,1.0714402378653176e-06
150,627.6526489257812,25.48396110534668,12.84735107421875,51.59473419189453,1.6610423699603416e-05
150,625.902099609375,152.11888122558594,14.597900390625,61.84979248046875,1.6137271813931875e-05
150,619.2242431640625,148.74049377441406,21.2757568359375,96.18161010742188,9.471688827034086e-06
150,626.9320678710938,178.2522430419922,13.56793212890625,53.498046875,4.343279215390794e-05
150,147.08026123046875,188.31146240234375,22.345123291015625,52.93017578125,9.987151315726805e-06
150,154.8504638671875,193.22254943847656,21.35870361328125,50.75225830078125,0.00042421399848535657
150,618.2333984375,185.5493621826172,21.4974365234375,51.20257568359375,1.4281048606790137e-05
150,627.0289916992188,193.9452362060547,13.47100830078125,60.77667236328125,1.1280446415184997e-05
150,160.0144500732422,200.726318359375,21.46160888671875,51.630279541015625,3.6661908779933583e-06
150,0.0,179.00186157226562,48.56529998779297,226.18536376953125,1.1630345397861674e-05
150,0.0,211.771728515625,32.090248107910156,146.9864501953125,6.931767984497128e-06
150,600.7400512695312,359.26019287109375,39.75994873046875,121.23980712890625,4.787280886375811e-06
180,610.2247924804688,78.51553344726562,22.75146484375,54.50227355957031,5.862669240741525e-06
180,170.12652587890625,181.9567108154297,21.70062255859375,51.15216064453125,3.694140832521953e-05
180,627.5196533203125,183.0765838623047,12.9803466796875,50.803924560546875,7.926948455860838e-06
180,617.53662109375,189.11724853515625,22.96337890625,57.645355224609375,2.4872431367839454e-06
180,163.15904235839844,190.42788696289062,21.219451904296875,50.62872314453125,1.203041938424576e-05
180,174.67303466796875,187.39675903320312,25.033966064453125,58.678375244140625,0.021061666309833527
180,168.00881958007812,173.29364013671875,35.3968505859375,83.21575927734375,1.126812549046008e-06
180,183.59158325195312,189.0757598876953,22.203948974609375,53.65887451171875,4.886295573669486e-05
180,192.08203125,191.12901306152344,21.20660400390625,51.176116943359375,4.757184342452092e-06
180,121.34886169433594,199.02902221679688,22.125091552734375,53.73193359375,4.299256033846177e-06
180,135.99911499023438,198.7707977294922,23.638641357421875,56.29888916015625,1.2927570196552551e-06
180,224.78285217285156,203.35015869140625,21.82159423828125,51.91314697265625,1.6991529264487326e-05
180,592.3456420898438,204.5745849609375,24.1246337890625,57.23834228515625,6.752949957444798e-06
180,625.2237548828125,198.90472412109375,15.2762451171875,57.943572998046875,4.7576908400515094e-05
180,591.3982543945312,129.90655517578125,49.10174560546875,236.83978271484375,5.639451501338044e-06
180,129.29771423339844,204.7501220703125,21.54888916015625,51.99237060546875,1.579123932060611e-06
180,598.68505859375,209.57040405273438,25.8753662109375,60.1307373046875,8.455715578747913e-05
180,607.6971435546875,207.8102569580078,25.5345458984375,60.75590515136719,1.6674573998898268e-05
180,613.9922485351562,201.183349609375,26.50775146484375,73.04995727539062,2.1639578335452825e-05
180,588.218017578125,208.45469665527344,32.63330078125,77.56117248535156,4.3400286813266575e-05
180,599.5239868164062,191.04019165039062,38.8853759765625,95.00909423828125,4.822868049814133e-06
180,0.0,222.14776611328125,15.778898239135742,56.809661865234375,4.2634372221073136e-05
180,625.0241088867188,217.70022583007812,15.47589111328125,61.279388427734375,1.0382524123997428e-05
210,156.16798400878906,177.24452209472656,31.678619384765625,74.841064453125,1.1265363355050795e-05
210,160.1589813232422,193.37490844726562,21.4423828125,52.72222900390625,4.138546955800848e-06
210,0.0,201.93821716308594,15.97608757019043,56.25398254394531,3.493234089546604e-06
210,0.0,129.06124877929688,50.790653228759766,230.7095947265625,1.1243447261222173e-05
210,7.986383438110352,207.9545135498047,22.26040267944336,53.02079772949219,9.734125342220068e-05
210,14.63566780090332,206.97882080078125,23.330305099487305,56.317962646484375,1.589902058185544e-05
210,1.5013761520385742,213.2194366455078,23.563251495361328,55.67445373535156,5.417939519247739e-06
210,0.0,220.5361785888672,16.258041381835938,57.78959655761719,5.2885079639963806e-06
210,0.0,342.60040283203125,63.572547912597656,137.89959716796875,3.0853016141918488e-06
240,0.0,0.0,48.05174255371094,110.08876037597656,1.8719071022132994e-06
240,626.3597412109375,96.89138793945312,14.1402587890625,52.41407775878906,1.4126764654065482e-05
240,610.2146606445312,104.4637451171875,21.89892578125,52.2315673828125,3.997339808847755e-05
240,615.3485107421875,102.07354736328125,25.1514892578125,61.236358642578125,5.644773773383349e-05
240,614.0808715820312,72.75047302246094,26.41912841796875,120.92019653320312,2.3579061689815717e-06
240,600.8226318359375,114.28853607177734,21.262451171875,51.37439727783203,1.263970261788927e-05
240,596.7415771484375,112.13799285888672,30.540283203125,72.9296646118164,7.602035907439131e-07
240,605.6744995117188,107.80451965332031,30.328369140625,72.69253540039062,7.281726084329421e-06
240,626.0314331054688,119.3508529663086,14.46856689453125,53.51331329345703,2.5305991584900767e-05
240,0.0,159.7018280029297,15.121004104614258,57.552215576171875,5.856337793375133e-06
240,224.77975463867188,178.7161407470703,22.70147705078125,54.45513916015625,5.3586187277687714e-05
240,231.8328857421875,182.53488159179688,23.632720947265625,55.0858154296875,1.9491392322379397e-06
240,611.2991333007812,407.7372741699219,29.20086669921875,72.76272583007812,4.870949396718061e-06
240,601.3773803710938,362.1759338378906,39.12261962890625,118.32406616210938,6.412221409846097e-06
270,627.8159790039062,129.50209045410156,12.68402099609375,52.148468017578125,6.271435722737806e-06
270,626.8273315429688,145.48912048339844,13.67266845703125,54.21026611328125,4.953995357936947e-06
270,7.860097885131836,197.07162475585938,22.756343841552734,53.810302734375,6.612783181481063e-06
270,0.0,202.59864807128906,14.032381057739258,50.67486572265625,2.246781332360115e-05
270,0.8873491287231445,202.91688537597656,23.10027313232422,54.65858459472656,7.215604910015827e-06
270,601.2166748046875,361.7618408203125,39.2833251953125,118.7381591796875,9.631216926209163e-06
300,145.46632385253906,83.28845977783203,22.70513916015625,51.38153839111328,2.240103822259698e-05
300,75.7457504272461,180.34573364257812,21.356719970703125,51.488525390625,3.52267779817339e-05
300,88.37165832519531,180.3587646484375,20.852401733398438,50.59442138671875,1.204670866172819e-06
300,79.32345581054688,179.18138122558594,26.412490844726562,63.660186767578125,3.172424840158783e-05
300,110.18791198730469,175.53793334960938,28.46002197265625,67.31243896484375,2.3569513359689154e-05
300,523.9826049804688,168.60565185546875,35.6201171875,83.12820434570312,2.8725753509206697e-06
300,0.0,186.29490661621094,13.029309272766113,50.7032470703125,1.0079505045723636e-05
300,0.0,175.2086181640625,17.8686580657959,73.96954345703125,3.0512358080159174e-06
300,4.777313232421875,106.22676086425781,144.33058166503906,293.7449951171875,5.482582764670951e-06
300,531.6435546875,189.8213348388672,22.3177490234375,53.075958251953125,0.011779352091252804
300,541.5428466796875,186.02293395996094,22.5081787109375,53.729705810546875,8.300532499561086e-06
300,523.8928833007812,191.91458129882812,22.547607421875,54.00531005859375,2.9933396945125423e-05
300,462.7335510253906,109.48915100097656,137.71011352539062,295.58221435546875,4.401797013997566e-06
300,583.8444213867188,192.4136199951172,22.8486328125,55.1842041015625,6.694785042782314e-06
300,576.7393798828125,198.90032958984375,23.1455078125,55.418304443359375,9.331899491371587e-06
300,592.8744506835938,199.37466430664062,21.5435791015625,51.212066650390625,4.00875114792143e-06
330,0.0,167.79962158203125,15.611644744873047,57.61407470703125,7.426519459841074e-06
330,540.3228759765625,169.8944091796875,35.9447021484375,86.92825317382812,0.00010553831089055166
330,561.404541015625,173.0184326171875,32.2305908203125,78.80950927734375,0.00027113212854601443
330,465.58428955078125,178.45657348632812,22.994384765625,54.024078369140625,1.8135369828087278e-05
330,554.5279541015625,186.9694366455078,21.69482421875,52.36572265625,0.0013231370830908418
330,296.7136535644531,182.44979858398438,21.931884765625,53.1856689453125,1.21423736345605e-05
330,471.349365234375,182.01031494140625,24.3804931640625,58.635467529296875,1.7852491509984247e-05
330,480.31109619140625,184.5332489013672,21.366455078125,50.74102783203125,5.767342372564599e-05
330,539.9826049804688,195.387451171875,21.6007080078125,51.60443115234375,8.21203357190825e-05
330,546.773193359375,193.58258056640625,25.159912109375,60.085845947265625,0.08666674047708511
330,558.256103515625,192.11721801757812,25.2694091796875,60.362091064453125,0.3162328898906708
330,543.913818359375,157.97177124023438,48.347412109375,111.72882080078125,9.445258911000565e-06
330,501.02838134765625,125.88784790039062,127.965576171875,289.47857666015625,2.5371052743139444e-06
330,566.6552124023438,195.68167114257812,21.498779296875,51.55145263671875,0.004604092333465815
330,623.122314453125,181.9971923828125,17.377685546875,77.6456298828125,1.2398862054396886e-05
330,575.2505493164062,196.62461853027344,20.9052734375,50.920379638671875,3.779340477194637e-05
330,569.2554321289062,188.7401580810547,30.67919921875,71.77485656738281,6.4010650930868e-06
330,584.141357421875,198.5165252685547,20.861083984375,50.614044189453125,6.821971965109697e-06
330,591.0521240234375,116.452392578125,49.4478759765625,238.13418579101562,2.2843828446639236e-06
330,627.3099975585938,208.57688903808594,13.19000244140625,52.20719909667969,1.2555593457364012e-05
330,554.385986328125,205.97808837890625,20.6844482421875,50.57342529296875,0.0014226881321519613
360,352.215087890625,141.6304931640625,21.99945068359375,52.27435302734375,2.0054792912560515e-05
360,0.0,161.97642517089844,14.366751670837402,50.930328369140625,8.164329301507678e-06
360,19.44967269897461,169.34323120117188,21.22613525390625,51.2501220703125,0.00011308266402920708
360,23.5069580078125,169.97589111328125,27.183151245117188,65.67630004882812,9.39129495236557e-06
360,0.0,179.44398498535156,16.29458236694336,50.765625,0.0021232569124549627
360,0.0,128.67137145996094,31.002565383911133,126.53692626953125,5.2145178415230475e-06
360,0.0,105.73463439941406,67.35882568359375,304.07861328125,1.4258377632359043e-05
360,0.0,170.86363220214844,24.431415557861328,68.59371948242188,9.244656212104019e-06
360,447.7240295410156,182.97592163085938,23.59710693359375,55.651092529296875,6.7007513280259445e-06
360,455.6828308105469,183.4674072265625,23.5770263671875,56.57733154296875,6.4010896494437475e-06
360,464.8020935058594,185.86746215820312,20.74273681640625,50.688690185546875,1.1998073205177207e-05
360,601.6090698242188,363.70135498046875,38.89093017578125,116.79864501953125,7.96009862824576e-06
390,627.6956787109375,146.12562561035156,12.8043212890625,51.67462158203125,8.83408029039856e-06
390,607.262451171875,149.1705780029297,25.180908203125,58.303741455078125,5.581057848758064e-06
390,1.6953058242797852,165.7234649658203,21.680805206298828,52.69549560546875,1.3309967471286654e-05
390,9.39123821258545,166.1348419189453,20.989051818847656,51.212799072265625,3.7694815091526834e-06
390,446.083984375,159.21165466308594,27.98828125,66.0421142578125,6.446447514463216e-06
390,368.98577880859375,61.0269775390625,149.6141357421875,312.95379638671875,5.438282641989645e-06
390,0.0,169.48826599121094,14.978907585144043,53.752471923828125,1.238264849234838e-05
390,546.461181640625,168.40850830078125,22.73193359375,53.793731689453125,0.00012762803817167878
390,538.2504272460938,173.45806884765625,24.838623046875,57.26007080078125,1.6270456626443774e-06
390,549.1635131835938,176.66555786132812,27.09423828125,62.426300048828125,5.4006009122531395e-06
390,600.1466064453125,359.83349609375,40.3533935546875,120.66650390625,5.405851425166475e-06
420,461.6620178222656,168.39390563964844,26.55462646484375,63.8934326171875,1.4514315580527182e-06
420,470.15838623046875,170.702880859375,22.21917724609375,53.455322265625,1.0421967090223916e-05
420,0.0,176.75143432617188,15.031010627746582,53.054168701171875,2.9363834528339794e-06
420,378.5077819824219,177.89830017089844,21.182861328125,51.664794921875,4.810222890228033e-06
420,590.89404296875,179.58981323242188,28.1878662109375,64.08282470703125,1.3692031643586233e-05
420,600.0928344726562,185.3711700439453,21.4840087890625,50.752288818359375,0.00029034019098617136
420,606.47998046875,188.42214965820312,22.84716796875,54.1925048828125,1.3482407666742802e-05
420,615.7599487304688,186.64309692382812,21.3065185546875,51.186614990234375,2.680913712538313e-05
420,626.6866455078125,186.34893798828125,13.8133544921875,52.09130859375,2.4589349777670577e-05
420,618.504638671875,169.3483123779297,21.995361328125,99.40693664550781,2.5407443899894133e-06
420,601.431396484375,198.7742156982422,22.4219970703125,53.520721435546875,5.254724328551674e-06
420,627.1194458007812,207.42947387695312,13.38055419921875,52.587432861328125,1.3317192497197539e-05
420,0.0,345.41632080078125,55.729522705078125,135.08367919921875,5.219568265601993e-06
420,601.604248046875,363.9240417480469,38.895751953125,116.57595825195312,5.333234639692819e-06
450,0.0,171.68856811523438,15.443647384643555,58.484222412109375,3.077062046941137e-06
450,0.0,156.75717163085938,20.942087173461914,98.16827392578125,5.589847205555998e-06
450,496.5655822753906,168.49093627929688,34.003753662109375,80.99273681640625,7.28553231965634e-06
450,447.75341796875,187.57264709472656,21.45037841796875,50.875457763671875,0.006370168644934893
450,481.50128173828125,185.70834350585938,21.9332275390625,51.284088134765625,0.00022845546482130885
450,490.4057922363281,181.5773468017578,23.311248779296875,54.6702880859375,8.662692562211305e-05
450,500.8353576660156,182.666748046875,24.121734619140625,57.479034423828125,0.009157929569482803
450,508.7607727050781,183.21347045898438,22.408599853515625,53.36871337890625,6.33441741229035e-05
450,0.0,194.85289001464844,14.65785026550293,51.359222412109375,0.0001293655950576067
450,395.16046142578125,189.5531005859375,21.06744384765625,51.991729736328125,7.514330354752019e-05
450,622.6051025390625,184.29849243164062,17.8948974609375,76.91506958007812,1.7278702216572128e-05
450,613.6653442382812,150.4080810546875,26.83465576171875,134.6409912109375,7.640384865226224e-06
450,627.114013671875,209.70370483398438,13.385986328125,51.551727294921875,2.0372041035443544e-05
450,592.6566772460938,116.64277648925781,47.84332275390625,243.5153045654297,2.3611532924405765e-06
480,535.9808349609375,191.0657196044922,22.957275390625,54.367950439453125,6.378214493452106e-06
480,0.0,193.86793518066406,14.19207763671875,54.35101318359375,1.0314388418919407e-05
480,483.2480163574219,197.83624267578125,21.67596435546875,50.9022216796875,1.1467881449789274e-05
480,626.96533203125,201.5173797607422,13.53466796875,52.679534912109375,9.849481102719437e-06
510,522.24755859375,186.0730743408203,21.634765625,50.642730712890625,0.00012680534564424306
510,526.9972534179688,189.6124267578125,24.730712890625,57.595672607421875,0.02325735054910183
510,534.8759765625,186.5626678466797,22.956298828125,54.221832275390625,0.0011303351493552327
510,542.15185546875,188.23680114746094,23.531005859375,55.401275634765625,4.6017685235710815e-05
510,608.8212890625,200.8526611328125,21.13916015625,50.90057373046875,5.4608433856628835e-05
510,627.1713256835938,202.49986267089844,13.32867431640625,52.388336181640625,1.3002761988900602e-05
510,530.0670166015625,191.90472412109375,31.31298828125,74.70675659179688,1.3784975635644514e-05
510,622.861083984375,207.3516387939453,17.638916015625,76.35102844238281,7.371945685008541e-06
510,593.687744140625,143.1397705078125,46.812255859375,234.38592529296875,5.309043899615062e-06
540,596.1135864257812,0.0,44.38641357421875,122.65664672851562,4.342287411418511e-06
540,627.2354125976562,51.23905563354492,13.26458740234375,51.69984817504883,2.0978133761673234e-05
540,625.2609252929688,153.7190399169922,15.23907470703125,63.195281982421875,1.3273272088554222e-05
540,619.3963012695312,147.08383178710938,21.10369873046875,92.54129028320312,1.3816616046824493e-05
540,611.8395385742188,173.0326385498047,22.583251953125,53.01416015625,1.5334089766838588e-05
540,624.2561645507812,176.36582946777344,16.24383544921875,55.775238037109375,0.001579951262101531
540,591.6334228515625,104.969970703125,48.8665771484375,238.16265869140625,3.2984514746203786e-06
540,610.58203125,189.86651611328125,20.752685546875,51.3973388671875,4.820440517505631e-05
540,617.9713745117188,187.59573364257812,21.2674560546875,51.123199462890625,0.0003069212252739817
540,625.172607421875,194.05743408203125,15.327392578125,61.773193359375,1.445476391381817e-05
570,594.3026123046875,0.0,46.1973876953125,118.32492065429688,4.982271548215067e-06
570,573.7255249023438,0.0,66.77447509765625,171.78111267089844,4.295403414289467e-06
570,622.4384765625,130.52166748046875,18.0615234375,79.17855834960938,7.2941111284308136e-06
570,626.4991455078125,152.1723175048828,14.0008544921875,50.878936767578125,7.228177128126845e-05
570,612.490478515625,163.72625732421875,21.2713623046875,51.13702392578125,1.5442492440342903e-05
570,566.2825927734375,60.27955627441406,74.2174072265625,315.208251953125,3.6368555811350234e-06
570,530.146728515625,173.45437622070312,26.08837890625,61.190704345703125,4.5191012759460136e-05
570,618.71630859375,167.16831970214844,21.78369140625,51.505157470703125,0.00036570921656675637
570,537.1678466796875,176.6290283203125,26.4951171875,65.13421630859375,0.0013268508482724428
570,550.3386840820312,176.17034912109375,21.7930908203125,52.5540771484375,9.314966155216098e-05
570,626.6614379882812,174.30233764648438,13.83856201171875,51.40740966796875,0.0006164234946481884
570,542.9913940429688,174.69140625,32.0701904296875,74.30636596679688,2.4688177290954627e-05
570,613.7767333984375,171.10498046875,26.7232666015625,74.03787231445312,3.71986607206054e-05
570,624.51220703125,185.6200714111328,15.98779296875,62.688995361328125,2.63997044385178e-05
570,0.0,201.9678497314453,13.234659194946289,50.5091552734375,1.4158592875901377e-06
570,530.0587768554688,177.24632263183594,39.57666015625,93.49855041503906,0.0003520487225614488
570,516.23486328125,177.8447723388672,41.1732177734375,106.40458679199219,2.432025667076232e-06
600,627.43505859375,60.28386688232422,13.06494140625,50.77082824707031,2.2317131879390217e-05
600,617.6004028320312,66.32296752929688,22.89959716796875,53.68589782714844,2.2558042473974638e-06
600,627.162841796875,76.21955108642578,13.337158203125,57.261009216308594,1.11488143375027e-05
600,193.9991455078125,165.3504180908203,22.333099365234375,55.04827880859375,5.899105599382892e-05
600,122.3171615600586,71.03337097167969,149.05355834960938,313.52850341796875,4.314415946282679e-06
600,199.4379119873047,168.17642211914062,26.831512451171875,63.783538818359375,3.3528972380736377e-06
600,0.0,184.25973510742188,15.383710861206055,55.21148681640625,8.922643246478401e-06
600,112.83080291748047,190.23907470703125,21.089561462402344,50.684326171875,5.379459253163077e-06
600,186.40354919433594,178.6322479248047,21.130096435546875,50.531646728515625,3.0266364774433896e-05
600,553.5537719726562,182.1634063720703,23.7857666015625,54.151336669921875,2.1781010218546726e-05
600,33.12021255493164,193.24069213867188,22.517349243164062,53.599853515625,1.3188328921387438e-05
600,559.185546875,189.35995483398438,25.8394775390625,59.110809326171875,4.41921001765877e-05
600,25.538684844970703,197.12330627441406,23.328147888183594,55.625274658203125,8.037301995500457e-06
600,39.85789489746094,199.5717315673828,23.367385864257812,55.573974609375,6.8669442043756135e-06
630,622.7090454101562,143.042236328125,17.79095458984375,80.02716064453125,1.0895417290157638e-05
630,196.1756134033203,182.7119903564453,21.24798583984375,50.67498779296875,1.1945441656280309e-05
630,625.697998046875,174.88002014160156,14.802001953125,63.070281982421875,3.381888018338941e-05
630,616.375732421875,149.89755249023438,24.124267578125,101.96160888671875,4.183124110568315e-05
630,0.0,175.8026123046875,18.109189987182617,77.4906005859375,2.494916770956479e-06
630,73.06425476074219,191.4590606689453,21.826309204101562,51.383148193359375,1.9218439774704166e-05
630,199.3711700439453,177.62533569335938,28.997955322265625,70.69915771484375,3.237940973122022e-06
630,118.44404602050781,81.7166748046875,155.6317596435547,311.7193603515625,2.56953671851079e-06
630,464.2035217285156,184.9302520751953,22.7640380859375,53.19775390625,2.0062605017301394e-06
630,0.0,194.44924926757812,13.754557609558105,50.639007568359375,6.97013547323877e-06
630,456.76568603515625,190.400634765625,21.37591552734375,52.122528076171875,5.465996764542069e-06
630,626.1026611328125,198.14431762695312,14.3973388671875,54.1402587890625,1.0469014341651928e-05
630,593.19287109375,130.9019775390625,47.30712890625,229.55844116210938,3.0405983125092462e-05
630,608.3793334960938,161.98977661132812,32.12066650390625,147.43161010742188,6.149473392724758e-06
660,239.51657104492188,165.87591552734375,27.442596435546875,65.67300415039062,0.0004175565263722092
660,248.2508544921875,174.33682250976562,20.93841552734375,50.731292724609375,0.0030681679490953684
660,258.2163391113281,175.6885528564453,20.97271728515625,50.6768798828125,0.00023393008450511843
660,553.5152587890625,185.0203094482422,21.1845703125,50.755889892578125,4.72628062198055e-06
660,584.2290649414062,187.15835571289062,21.1173095703125,50.614013671875,8.969344662546064e-07
660,560.2349243164062,188.9742889404297,22.8604736328125,54.24981689453125,1.4968883988331072e-05
660,568.3561401367188,190.24923706054688,22.789794921875,54.32244873046875,2.420735881969449e-06
660,576.33837890625,190.0992889404297,23.433837890625,57.165069580078125,1.0953058335871901e-06
660,628.0143432617188,203.467041015625,12.48565673828125,50.8302001953125,1.3855118595529348e-05
690,243.36354064941406,169.4838104248047,21.690994262695312,51.084625244140625,0.0002652796101756394
690,289.2430114746094,177.355224609375,21.96661376953125,53.75244140625,0.00023802304349374026
690,257.3231201171875,173.08486938476562,20.8818359375,51.05377197265625,2.3838652850827202e-05
690,265.9157409667969,175.1498565673828,21.2677001953125,51.588165283203125,0.0002926970482803881
690,399.24169921875,176.56776428222656,21.03802490234375,50.6192626953125,8.740316843613982e-06
690,213.35455322265625,101.10795593261719,147.15338134765625,304.9700927734375,3.1924600989441387e-06
690,0.0,183.3251190185547,16.218128204345703,59.610321044921875,0.00036179693415760994
690,6.627614974975586,184.74903869628906,23.101028442382812,56.189422607421875,4.4513977627502754e-05
690,14.404729843139648,185.01882934570312,23.16605567932129,54.82318115234375,1.652716673561372e-05
690,292.5635681152344,180.25540161132812,26.76953125,63.061614990234375,4.72732199341408e-06
690,0.0,170.31031799316406,21.69574737548828,91.92381286621094,8.096987585304305e-05
690,601.0790405273438,199.868408203125,23.2447509765625,55.727752685546875,1.777616489562206e-06
690,609.1990966796875,202.25759887695312,21.2685546875,50.81707763671875,1.4040403584658634e-05
690,616.1004638671875,202.27392578125,22.36474609375,52.89715576171875,7.386372089968063e-06
690,627.0687255859375,201.3437957763672,13.4312744140625,52.086090087890625,1.4114296391198877e-05
720,0.7363901138305664,176.58328247070312,23.833171844482422,57.84869384765625,3.466250745987054e-06
720,275.7679443359375,183.89413452148438,21.81512451171875,50.5787353515625,0.8105207681655884
720,346.81805419921875,179.97463989257812,21.81982421875,51.9654541015625,0.00012895817053504288
720,0.0,188.6645050048828,17.188648223876953,53.778106689453125,0.00012251664884388447
720,254.79563903808594,179.44744873046875,26.803421020507812,64.4617919921875,3.254752073189593e-06
720,271.89984130859375,168.8950653076172,37.91510009765625,86.85693359375,3.4864710869442206e-06
720,206.69961547851562,104.14460754394531,141.47314453125,285.10650634765625,5.524834705283865e-06
720,284.5461730957031,182.99551391601562,21.2166748046875,52.772125244140625,1.632453131605871e-05
720,266.2176513671875,114.03218078613281,151.1483154296875,298.878173828125,9.9392354968586e-06
720,349.3159484863281,178.76010131835938,28.3062744140625,67.47955322265625,1.4772726899536792e-05
720,0.0,157.26626586914062,31.08258819580078,129.79351806640625,3.6613375868910225e-06
720,0.0,132.3029327392578,48.91971206665039,226.80369567871094,3.386840489838505e-06
720,6.820916175842285,198.71383666992188,21.871898651123047,52.46551513671875,0.00011345832172082737
720,14.973712921142578,195.95249938964844,23.815509796142578,55.2435302734375,1.0128589565283619e-05
720,25.26056671142578,197.90911865234375,20.948883056640625,50.9033203125,4.6545196141778433e-07
720,600.9271850585938,198.50546264648438,24.3807373046875,56.445159912109375,8.128786248562392e-06
720,616.6210327148438,200.29330444335938,22.5648193359375,54.58782958984375,7.45611168895266e-06
720,625.989013671875,196.69342041015625,14.510986328125,62.680633544921875,2.3065209461492486e-05
720,0.25049495697021484,202.61573791503906,22.579566955566406,53.220611572265625,0.0004535629996098578
720,607.7110595703125,203.7488250732422,25.702392578125,60.38688659667969,4.0082004488795064e-06
720,619.87353515625,183.3751678466797,20.62646484375,97.72615051269531,6.1502005337388255e-06
720,0.0,213.48239135742188,13.90219783782959,51.821044921875,2.300479718542192e-05
720,625.4306030273438,220.8779754638672,15.06939697265625,62.91316223144531,5.4837073548696935e-06
750,617.3262329101562,140.47232055664062,22.8834228515625,52.41546630859375,1.7419248479200178e-06
750,627.6917724609375,145.25445556640625,12.8082275390625,50.77935791015625,9.381287782161962e-06
750,337.2877197265625,174.66595458984375,20.86358642578125,50.6986083984375,2.2905192963662557e-05
750,168.56912231445312,174.73175048828125,21.65167236328125,51.134307861328125,0.0018638736801221967
750,248.4491729736328,184.55584716796875,22.689071655273438,54.368377685546875,0.5424538254737854
750,330.90716552734375,179.1914825439453,21.70404052734375,51.881439208984375,7.660553092136979e-05
750,343.4314270019531,180.3275604248047,22.00372314453125,52.120574951171875,0.007982486858963966
750,174.90684509277344,177.54803466796875,21.292022705078125,51.9915771484375,3.2088485113490606e-06
750,240.8920440673828,167.97146606445312,37.72459411621094,84.76345825195312,5.357229383662343e-06
750,179.96658325195312,111.23356628417969,141.4134521484375,299.984130859375,7.88079523772467e-06
750,264.7949523925781,111.45585632324219,140.13360595703125,300.5172119140625,9.844776286627166e-06
750,273.7373046875,187.0523681640625,20.846435546875,51.10968017578125,2.516614813430351e-06
750,282.3804016113281,185.61907958984375,21.4930419921875,51.0157470703125,5.212645191932097e-05
750,289.1177978515625,187.02598571777344,21.33636474609375,50.5521240234375,9.619868797017261e-05
750,298.22021484375,186.7900390625,21.78582763671875,52.30828857421875,2.019578096223995e-05
750,254.77655029296875,190.14596557617188,21.51568603515625,54.142547607421875,0.005835219752043486
750,339.3713073730469,188.80123901367188,21.74365234375,53.630035400390625,2.2706757590640336e-05
750,0.0,337.8672790527344,62.810157775878906,142.63272094726562,2.0541019694064744e-06
780,345.4701232910156,179.38336181640625,22.1695556640625,53.3341064453125,0.6517510414123535
780,365.1199035644531,179.7728271484375,24.6317138671875,58.270111083984375,0.000755480898078531
780,339.8524169921875,168.79193115234375,34.12872314453125,79.24371337890625,0.001687909010797739
780,351.49566650390625,180.48403930664062,25.0614013671875,59.544769287109375,0.9967093467712402
780,295.7133483886719,179.846923828125,23.9039306640625,56.703460693359375,1.1800815627793781e-05
780,303.3336181640625,181.0028076171875,23.7755126953125,56.400634765625,1.983181846298976e-06
780,321.48931884765625,182.77529907226562,23.61907958984375,56.267059326171875,7.183301931945607e-06
780,329.7701416015625,183.8367919921875,23.64752197265625,55.88482666015625,1.8469714632374234e-05
780,291.973388671875,121.341064453125,126.23309326171875,286.7845458984375,1.239001994690625e-05
780,352.8990173339844,170.07655334472656,34.7076416015625,80.76812744140625,0.006170772016048431
780,374.3540954589844,183.06112670898438,20.6668701171875,50.840667724609375,1.0197596793659613e-06
780,567.2271118164062,186.5635986328125,26.1597900390625,59.944000244140625,8.82262975210324e-06
780,570.7427978515625,180.31109619140625,32.7353515625,75.76031494140625,8.569001693103928e-06
780,0.0,189.40200805664062,15.978968620300293,58.330810546875,2.7935684556723572e-06
780,7.721959114074707,190.94911193847656,24.181503295898438,56.562774658203125,5.625576704915147e-06
780,15.648683547973633,192.2100830078125,21.276273727416992,50.54241943359375,1.549437547510024e-05
780,359.000732421875,186.23532104492188,23.7763671875,56.43011474609375,0.9966811537742615
780,340.27728271484375,189.649169921875,21.053955078125,52.759735107421875,2.114887502102647e-05
780,0.0,345.30035400390625,61.89042282104492,135.19964599609375,4.281049314158736e-06
810,264.07476806640625,178.63504028320312,22.7149658203125,54.476165771484375,0.00021193646534811705
810,449.5345764160156,171.7401580810547,21.55169677734375,52.57659912109375,0.0036661813501268625
810,457.9942321777344,170.73764038085938,21.301513671875,50.808746337890625,4.9577662139199674e-05
810,627.06982421875,166.41326904296875,13.43017578125,51.0355224609375,3.2957725579763064e-06
810,76.61579895019531,178.58731079101562,21.679031372070312,50.940704345703125,1.725890615489334e-05
810,463.1625061035156,176.4419708251953,23.69158935546875,55.78179931640625,0.4424339830875397
810,617.2366943359375,175.20167541503906,23.2633056640625,55.556396484375,6.117175416875398e-06
810,231.9885711669922,180.6083221435547,27.876174926757812,62.824188232421875,2.746947757259477e-06
810,259.7398376464844,170.3619384765625,33.20770263671875,79.93011474609375,0.010523691773414612
810,372.51910400390625,180.58065795898438,21.96185302734375,52.360504150390625,0.8997247219085693
810,310.584228515625,142.5807342529297,132.6883544921875,272.25140380859375,8.589136086811777e-06
810,368.35150146484375,166.60488891601562,34.29071044921875,77.44381713867188,2.986160143336747e-05
810,434.42987060546875,174.93807983398438,28.52264404296875,66.0601806640625,2.92421300400747e-05
810,435.9859619140625,153.53509521484375,45.06610107421875,106.56289672851562,2.6907540814136155e-05
810,48.11627960205078,182.6536102294922,24.117202758789062,55.97918701171875,1.016617716231849e-05
810,57.421470642089844,185.78524780273438,23.27587890625,55.065582275390625,5.407965545600746e-06
810,6.367256164550781,108.06410217285156,145.4730224609375,293.958251953125,1.8354898202233016e-05
810,242.33468627929688,188.21922302246094,22.142120361328125,52.58526611328125,0.0004002152709290385
810,246.0016632080078,169.77894592285156,35.70536804199219,83.24057006835938,8.157402589858975e-06
810,257.3564147949219,184.28456115722656,24.09716796875,57.782867431640625,0.9917607307434082
810,248.38125610351562,154.19595336914062,50.31756591796875,109.37677001953125,2.9097891456331126e-06
810,269.9735412597656,184.99522399902344,24.5535888671875,58.393035888671875,0.9969397783279419
810,270.82244873046875,171.4268798828125,35.0718994140625,83.4619140625,2.089047120534815e-05
810,381.57550048828125,183.14157104492188,21.639892578125,51.900665283203125,7.649325561942533e-05
810,442.64697265625,175.64892578125,29.69464111328125,70.22418212890625,0.9909237027168274
810,453.9286804199219,175.56088256835938,29.42596435546875,70.8087158203125,0.9998853206634521
810,401.6637268066406,126.05986022949219,122.04287719726562,288.08599853515625,5.737794253946049e-06
810,626.9115600585938,182.4534912109375,13.58843994140625,55.55230712890625,3.9018494135234505e-05
810,80.96517181396484,186.30899047851562,21.761611938476562,52.31048583984375,0.218906432390213
810,210.4561767578125,138.23875427246094,122.55548095703125,276.23626708984375,2.9456557513185544e-06
810,280.45770263671875,189.72991943359375,21.9349365234375,52.75323486328125,0.028084339573979378
810,284.03125,187.40774536132812,27.54888916015625,64.21429443359375,0.0018278586212545633
810,363.2733154296875,183.2523193359375,25.37237548828125,60.2340087890625,0.00010277015826432034
810,452.6285400390625,164.07308959960938,42.79693603515625,103.2880859375,1.030730072670849e-05
810,467.7486267089844,184.04232788085938,24.52410888671875,58.782257080078125,3.2733154512243345e-05
810,71.49153137207031,187.10464477539062,29.054702758789062,66.99954223632812,6.044702786311973e-06
810,252.0514678955078,192.6458740234375,21.211807250976562,51.6356201171875,0.00351838581264019
810,440.0290222167969,192.5509490966797,24.52618408203125,61.308746337890625,5.9687630709959194e-05
810,458.7731628417969,196.37628173828125,20.98187255859375,51.760589599609375,2.874013944165199e-06
810,0.0,342.052734375,63.64531326293945,138.447265625,5.83050223212922e-06
840,472.55108642578125,171.94195556640625,32.28594970703125,76.991943359375,0.9999996423721313
840,220.29054260253906,173.32330322265625,31.43218994140625,76.0009765625,0.9995279312133789
840,569.5722045898438,165.01724243164062,36.775390625,88.39208984375,0.999009370803833
840,586.7968139648438,166.79681396484375,36.28955078125,88.1612548828125,0.9999326467514038
840,233.2726593017578,175.6978759765625,30.944625854492188,74.00860595703125,0.9971104860305786
840,191.08375549316406,177.07054138183594,26.86187744140625,65.08087158203125,0.7013055682182312
840,209.14822387695312,177.0179443359375,29.81951904296875,69.59228515625,0.009415172971785069
840,184.3880157470703,173.79391479492188,26.002685546875,61.405975341796875,0.8956348896026611
840,598.5244750976562,171.23934936523438,31.208984375,72.94094848632812,0.0019936070311814547
840,176.8055877685547,173.20855712890625,24.376434326171875,58.1650390625,0.02618883177638054
840,219.03895568847656,177.5337677001953,22.450897216796875,53.590545654296875,0.001271706190891564
840,200.15721130371094,177.72799682617188,21.94061279296875,51.179718017578125,0.00010106187255587429
840,576.4677734375,174.7451934814453,23.184326171875,56.191253662109375,0.00045912995119579136
840,594.6712036132812,176.17625427246094,22.3623046875,53.17303466796875,0.0002252880804007873
840,8.205061912536621,164.4860076904297,22.030948638916016,53.416778564453125,0.00022678071400150657
840,559.9419555664062,173.32925415039062,35.6903076171875,85.67947387695312,3.81762147299014e-05
840,600.9361572265625,169.14749145507812,22.1328125,51.803558349609375,9.685635450296104e-05
840,244.14585876464844,190.72872924804688,25.780807495117188,60.098236083984375,0.00021647241374012083
840,225.7963409423828,172.443603515625,20.787811279296875,51.310943603515625,0.00048499772674404085
840,80.17081451416016,170.4843292236328,26.489547729492188,63.77496337890625,1.5468302080989815e-05
840,463.8033447265625,150.68447875976562,46.12994384765625,115.76983642578125,7.129571167752147e-05
840,169.95565795898438,171.9895477294922,22.86175537109375,54.4051513671875,2.8122824005549774e-05
840,584.5499267578125,175.2164764404297,22.957763671875,54.646636962890625,2.3342161512118764e-05
840,172.8594970703125,159.91741943359375,35.07696533203125,84.689208984375,0.0006315413047559559
840,0.0,175.43484497070312,15.211374282836914,53.19403076171875,7.07536019035615e-05
840,482.6253356933594,170.16342163085938,29.19720458984375,70.03656005859375,0.00047414712025783956
840,481.4604797363281,169.29405212402344,21.44854736328125,51.911773681640625,0.00010920752538368106
840,209.46279907226562,157.65478515625,45.5657958984375,108.98388671875,1.4091257071413565e-05
840,614.1402587890625,170.7084503173828,23.7342529296875,57.491729736328125,2.284228139615152e-05
840,566.731689453125,157.76571655273438,29.746826171875,74.083984375,4.890244235866703e-05
840,626.0890502929688,168.00198364257812,14.41094970703125,56.78497314453125,1.6758442143327557e-05
840,59.8109245300293,171.86639404296875,21.50400161743164,50.559234619140625,8.114386582747102e-05
840,194.98416137695312,168.01760864257812,33.4259033203125,82.1080322265625,5.858331405761419e-06
840,563.1143798828125,148.74539184570312,52.8836669921875,129.63189697265625,4.462901870283531e-06
840,42.38847351074219,177.6833953857422,21.033355712890625,50.898162841796875,2.080249942082446e-05
840,462.9732666015625,179.12652587890625,33.66107177734375,80.6251220703125,4.432923378772102e-05
870,578.5811157226562,160.33978271484375,41.0098876953125,98.45489501953125,0.9999992847442627
870,27.257307052612305,162.8502960205078,34.121116638183594,82.11056518554688,0.9999651908874512
870,118.68994140625,155.84274291992188,42.40374755859375,104.10137939453125,0.999569833278656
870,134.072998046875,158.282958984375,41.395538330078125,100.5517578125,0.9996652603149414
870,39.38492202758789,165.05007934570312,32.59359359741211,79.95761108398438,0.1024610623717308
870,109.45960235595703,157.15975952148438,37.76496124267578,92.435302734375,0.9865810871124268
870,147.70948791503906,168.15426635742188,35.963775634765625,88.60964965820312,0.016490934416651726
870,52.23039627075195,170.62107849121094,25.508358001708984,61.068145751953125,0.010393030941486359
870,17.35482406616211,166.26913452148438,32.01060485839844,75.20111083984375,0.0695837140083313
870,32.24378204345703,172.29055786132812,24.45160675048828,57.60845947265625,0.0181706752628088
870,566.7340087890625,165.33152770996094,37.4468994140625,92.62840270996094,1.1971546882705297e-05
870,335.97686767578125,158.71522521972656,21.3846435546875,51.498291015625,0.00029664215981028974
870,596.0149536132812,165.73086547851562,37.588623046875,92.39794921875,0.000150696694618091
870,141.1317138671875,164.13763427734375,28.829498291015625,69.732177734375,0.01546381413936615
870,123.50096893310547,171.53530883789062,30.007652282714844,72.17160034179688,0.000261542183579877
870,582.0665893554688,164.29345703125,29.0904541015625,69.40118408203125,1.6925205272855237e-05
870,26.450870513916016,165.59725952148438,22.761688232421875,54.102630615234375,7.648392784176394e-05
870,156.9710235595703,196.83457946777344,25.70233154296875,61.79585266113281,0.05137506127357483
870,118.30248260498047,160.3316650390625,26.614234924316406,63.776458740234375,0.0009679252398200333
870,627.1219482421875,163.4742431640625,13.3780517578125,51.076904296875,4.476965477806516e-05
870,103.58876037597656,162.9993133544922,30.968063354492188,74.8201904296875,2.7828826205222867e-05
870,589.36572265625,155.25274658203125,30.293701171875,73.47769165039062,5.138406413607299e-05
870,558.6707153320312,118.33790588378906,79.1197509765625,192.2141571044922,4.286674811737612e-05
870,330.3912048339844,153.0382843017578,22.048583984375,50.781036376953125,1.0664211913535837e-05
870,610.538330078125,164.30337524414062,29.961669921875,82.58584594726562,1.0962318810925353e-05
870,102.61860656738281,132.69117736816406,72.54598999023438,178.2257537841797,8.377753147215117e-06
870,25.484880447387695,141.7930450439453,47.63317108154297,121.22688293457031,2.122308433172293e-05
870,586.6482543945312,139.13052368164062,42.6365966796875,106.53851318359375,1.8307028994968277e-06
870,7.104691505432129,172.64166259765625,27.92180633544922,68.47341918945312,1.2889659046777524e-05
870,60.88494873046875,172.7584686279297,23.244308471679688,54.476806640625,1.1255356184847187e-05
870,273.978271484375,155.81044006347656,21.96502685546875,51.617950439453125,3.5924292660638457e-06
870,39.829524993896484,164.42630004882812,23.66899871826172,54.58587646484375,2.9848337362636812e-05
870,138.29501342773438,174.5882110595703,21.82904052734375,51.6949462890625,0.00010585448035271838
870,19.770389556884766,174.76583862304688,21.88010025024414,52.075775146484375,7.748869393253699e-06
870,11.986343383789062,157.2249755859375,44.91968536376953,106.5855712890625,6.342757842503488e-05
870,152.22398376464844,169.3006134033203,22.21197509765625,51.95556640625,2.3034874175209552e-05
870,616.2697143554688,158.8878173828125,24.23028564453125,58.1505126953125,5.137798780197045e-06
870,128.90585327148438,170.0765380859375,21.660125732421875,52.589447021484375,3.901708259945735e-05
870,115.35137176513672,174.5323486328125,21.668113708496094,51.724609375,2.779850910883397e-05
900,224.18905639648438,157.4672393798828,21.2330322265625,50.71722412109375,2.3759263058309443e-05
900,544.5771484375,160.628173828125,23.1971435546875,54.250457763671875,1.4598134612242575e-06
900,627.8487548828125,160.7037811279297,12.6512451171875,51.197052001953125,5.643206350214314e-06
900,216.7696990966797,163.7625274658203,21.108642578125,50.619415283203125,1.051255821948871e-06
900,600.760986328125,361.3380432128906,39.739013671875,119.16195678710938,2.6332124889449915e-06
930,121.43433380126953,158.85675048828125,21.32141876220703,54.3297119140625,4.098199042346096e-06
930,37.947853088378906,52.04328918457031,151.72186279296875,324.08099365234375,4.380260634206934e-06
930,627.7119750976562,169.63577270507812,12.78802490234375,55.531463623046875,1.0472838766872883e-05
930,601.2478637695312,362.2017517089844,39.25213623046875,118.29824829101562,6.8355302573763765e-06
960,608.2796630859375,168.1920928955078,21.0499267578125,50.59088134765625,0.00021566872601397336
960,0.0,161.55099487304688,15.576781272888184,56.198638916015625,8.131097274599597e-06
960,63.79368209838867,167.4873809814453,20.66025161743164,50.866241455078125,1.0275520253344439e-05
960,26.424238204956055,172.32676696777344,21.536508560180664,52.1182861328125,2.5441097477596486e-06
960,533.5946044921875,77.363037109375,106.9053955078125,310.52105712890625,6.625862170039909e-06
960,614.1940307617188,171.7123565673828,21.416259765625,51.285675048828125,8.659686864120886e-05
960,626.7141723632812,170.0604705810547,13.78582763671875,55.4276123046875,9.715071428217925e-06
960,0.0,342.47454833984375,57.59516525268555,138.02545166015625,4.409414486872265e-06
960,600.32958984375,359.779052734375,40.17041015625,120.720947265625,6.43074690742651e-06
990,90.95001983642578,163.83580017089844,20.961288452148438,51.635894775390625,6.393122021108866e-06
990,10.557878494262695,170.9132080078125,21.437389373779297,52.3946533203125,2.7487296847539255e-06
990,618.3499755859375,164.88861083984375,21.427734375,50.736236572265625,3.001405730174156e-06
990,31.24395751953125,170.67745971679688,27.341285705566406,64.71389770507812,4.807608547707787e-06
990,627.8509521484375,169.7187957763672,12.6490478515625,51.10009765625,5.141592919244431e-05
990,623.5416259765625,172.380615234375,16.9583740234375,72.72341918945312,1.1756680578400847e-05
990,0.0,341.86334228515625,58.39727020263672,138.63665771484375,4.933139280183241e-06
990,601.3634643554688,363.3647155761719,39.13653564453125,117.13528442382812,5.610965217783814e-06
1020,0.0,135.69479370117188,15.152667999267578,54.905975341796875,1.9639877791632898e-05
1020,0.0,118.25444030761719,21.878068923950195,99.40188598632812,1.3107403447065735e-06
1020,609.5577392578125,180.724609375,23.0067138671875,56.053955078125,0.0006071964744478464
1020,533.2083740234375,96.31118774414062,107.2916259765625,312.04248046875,5.927731763222255e-06
1020,614.2481079101562,184.56985473632812,26.25189208984375,64.07467651367188,1.1382730008335784e-05
1020,624.8054809570312,186.093017578125,15.69451904296875,53.244476318359375,1.6058209439506754e-05
1050,627.7645263671875,174.52505493164062,12.7354736328125,50.59783935546875,3.163066821798566e-06
1050,609.8165283203125,185.90171813964844,22.517333984375,53.349273681640625,1.2053591262883856e-06
1050,617.3311767578125,183.060302734375,23.1688232421875,55.70074462890625,3.1296826819016133e-06
1050,4.584437370300293,187.44876098632812,21.08499526977539,50.524139404296875,1.1423216164985206e-05
1050,15.35901165008545,187.18719482421875,20.778545379638672,50.54461669921875,4.3683226977009326e-05
1050,41.187408447265625,185.82264709472656,21.0372314453125,51.079681396484375,2.3256061467691325e-05
1050,96.80747985839844,185.4449462890625,21.224960327148438,50.704864501953125,2.0375498934299685e-05
1050,626.5802001953125,194.25827026367188,13.9197998046875,52.816131591796875,0.00034177335328422487
1050,567.4444580078125,92.46672058105469,73.0555419921875,314.393310546875,6.018020030751359e-06
1050,9.802242279052734,193.0201873779297,21.592391967773438,51.1109619140625,0.017560701817274094
1080,41.91419219970703,180.6932373046875,21.8726806640625,53.008941650390625,0.003251928836107254
1080,49.70451354980469,182.1382598876953,20.964874267578125,51.106475830078125,6.710489742545178e-06
1080,57.918128967285156,181.46347045898438,21.646392822265625,52.681976318359375,1.11183944682125e-05
1080,10.343490600585938,187.90182495117188,21.12346649169922,50.8172607421875,1.6014409993658774e-05
1080,608.7577514648438,190.14759826660156,21.832275390625,52.253814697265625,0.02052215300500393
1080,0.0,97.82025146484375,127.40719604492188,315.72515869140625,7.770234333293047e-06
1080,535.6951293945312,114.76321411132812,104.80487060546875,297.35821533203125,1.0663876309990883e-05
1080,626.4085083007812,192.89266967773438,14.09149169921875,54.22283935546875,1.7583915905561298e-05
1080,612.2586669921875,193.45443725585938,27.7108154296875,63.296112060546875,7.535874146924471e-07
1110,10.305276870727539,187.88177490234375,21.572715759277344,52.13775634765625,8.693671588844154e-06
1110,56.80411148071289,187.3828887939453,21.012767791748047,51.06671142578125,2.2350561721395934e-06
1110,617.2257690429688,183.08316040039062,23.27423095703125,56.388275146484375,1.9581154901970876e-06
1110,64.47509002685547,188.45465087890625,20.981781005859375,51.0999755859375,8.383239560316724e-07
1110,626.4275512695312,193.10757446289062,14.07244873046875,54.681976318359375,4.5380376832326874e-05
1110,0.0,334.7335510253906,63.61271286010742,145.76644897460938,2.330802544747712e-06
1140,10.273231506347656,187.37770080566406,21.24701690673828,51.550140380859375,4.739984433399513e-06
1140,57.035423278808594,188.43084716796875,20.962295532226562,50.93255615234375,1.3316722288436722e-05
1140,627.3939819335938,194.57737731933594,13.10601806640625,54.147735595703125,2.5204402845702134e-05
1140,0.0,333.5362548828125,63.84011459350586,146.9637451171875,2.4030066470004385e-06
1170,10.526226997375488,187.50404357910156,21.578346252441406,52.353851318359375,1.2369349633445381e-06
1170,627.42578125,194.80181884765625,13.07421875,54.439361572265625,2.3638034690520726e-05
1170,0.0,333.02703857421875,65.15909576416016,147.47296142578125,3.1690481137047755e-06
1200,96.90007781982422,181.69290161132812,20.632034301757812,50.933929443359375,2.549945202190429e-05
1200,10.510834693908691,187.0598602294922,21.799327850341797,53.53076171875,2.7671276257024147e-06
1200,26.070880889892578,186.72848510742188,21.394264221191406,51.53924560546875,1.5368667618531617e-06
1200,29.367069244384766,186.1680908203125,27.756065368652344,65.59820556640625,5.981846243230393e-06
1200,65.54463958740234,189.91122436523438,20.52587890625,50.977325439453125,1.352413391941809e-06
1200,627.096435546875,194.48150634765625,13.403564453125,54.99200439453125,3.410329736652784e-05
1200,0.0,333.0877380371094,64.83995819091797,147.41226196289062,3.0433081974479137e-06
1230,49.14051818847656,183.7003936767578,22.287094116210938,55.34381103515625,1.938572268045391e-06
1230,34.711822509765625,185.91867065429688,21.454330444335938,51.863494873046875,3.1283787393476814e-05
1230,39.86471176147461,184.23890686035156,27.384174346923828,65.27398681640625,1.9677936506923288e-05
1230,65.76679992675781,188.5943603515625,20.451522827148438,50.83172607421875,1.1482098898341064e-06
1230,609.631103515625,194.28126525878906,21.8291015625,51.424835205078125,0.0009586529922671616
1230,626.2682495117188,195.7783966064453,14.23175048828125,54.47723388671875,1.4981481399445329e-05
1230,616.0374755859375,197.42611694335938,22.0135498046875,52.519744873046875,4.944479951518588e-05
1230,0.0,333.792236328125,64.05277252197266,146.707763671875,3.83423184757703e-06
1260,3.8886470794677734,184.31822204589844,21.68008804321289,51.881103515625,4.3824452404805925e-06
1260,607.4338989257812,191.19622802734375,22.887939453125,56.092681884765625,0.0008281643385998905
1260,13.846410751342773,188.37362670898438,20.817811965942383,50.59088134765625,3.400117202545516e-05
1260,66.43338012695312,187.9156036376953,20.745391845703125,51.14111328125,5.735140007345763e-07
1260,536.5255126953125,107.47514343261719,103.9744873046875,311.98822021484375,8.50744345370913e-06
1260,627.6469116210938,197.1080322265625,12.85308837890625,53.0758056640625,7.96430504124146e-06
1260,8.917267799377441,195.60977172851562,21.40274429321289,50.52880859375,0.013692890293896198
1260,611.8135375976562,197.18345642089844,27.7159423828125,61.35615539550781,1.110151742977905e-06
1260,0.0,334.77008056640625,64.15115356445312,145.72991943359375,3.3014571272360627e-06
1290,607.92724609375,191.9268798828125,21.2637939453125,50.75848388671875,0.0014301723567768931
1290,14.31708812713623,190.35166931152344,20.956451416015625,50.51458740234375,0.0006920584128238261
1290,5.427599906921387,193.58438110351562,21.216415405273438,50.585205078125,0.000508938159327954
1290,0.0,128.73892211914062,80.74720001220703,285.583251953125,1.0619150998536497e-05
1290,532.9041748046875,107.974365234375,107.5958251953125,312.0164794921875,7.4950944508600514e-06
1290,614.6158447265625,196.40855407714844,21.4454345703125,51.234405517578125,0.00018024371820501983
1290,626.9517211914062,197.80755615234375,13.54827880859375,53.124542236328125,4.831218393519521e-05
1290,0.0,333.53369140625,65.22499084472656,146.96630859375,3.580103339118068e-06
1320,608.3740234375,186.82650756835938,23.478271484375,55.95208740234375,6.79784789099358e-05
1320,7.577206611633301,186.4411163330078,26.807090759277344,63.596099853515625,5.9316538681741804e-05
1320,35.01982498168945,192.74130249023438,21.16008758544922,51.557647705078125,1.4317733075586148e-05
1320,617.2200317382812,195.4623565673828,21.1292724609375,50.5460205078125,0.0004329629009589553
1320,626.3175048828125,194.8776397705078,14.1824951171875,53.789947509765625,0.00010937562183244154
1320,3.6587953567504883,195.82740783691406,21.946125030517578,52.394866943359375,0.00010072572331409901
1320,603.2854614257812,202.54156494140625,20.9796142578125,51.05810546875,3.126031515421346e-06
1320,0.0,334.40399169921875,65.06705474853516,146.09600830078125,3.6490293950919295e-06
1350,57.76893615722656,186.18605041503906,21.332077026367188,51.585540771484375,1.1356090908520855e-05
1350,608.7590942382812,192.6113739013672,20.951904296875,50.941009521484375,0.001722420216538012
1350,13.91458797454834,190.015380859375,21.129261016845703,50.93017578125,0.0003049468796234578
1350,61.83204650878906,182.51243591308594,28.525054931640625,68.212890625,1.3495622397385887e-06
1350,5.17861270904541,194.40420532226562,21.161128997802734,50.59893798828125,0.0005578561685979366
1350,534.3577880859375,101.71728515625,106.1422119140625,314.3306884765625,7.259967333084205e-06
1350,612.6201782226562,194.22950744628906,27.0185546875,62.79386901855469,3.905576704710256e-06
1350,625.8536376953125,194.35501098632812,14.6463623046875,54.3155517578125,4.395437372295419e-06
1350,0.0,333.9713439941406,65.27177429199219,146.52865600585938,3.2999366794683738e-06
1380,607.7354736328125,193.48912048339844,20.769287109375,50.888702392578125,0.0008395054610446095
1380,0.0,186.76214599609375,13.461760520935059,50.683135986328125,4.133036782150157e-06
1380,48.33366775512695,192.26797485351562,22.107852935791016,51.5560302734375,0.00012007692566839978
1380,56.485660552978516,192.7994842529297,21.715679168701172,52.4949951171875,3.466521229711361e-05
1380,627.5964965820312,195.3456268310547,12.90350341796875,54.63818359375,1.9238605091231875e-06
1380,41.08228302001953,194.67738342285156,23.027908325195312,53.68780517578125,0.000796188076492399
1380,534.977294921875,122.54249572753906,105.522705078125,278.04559326171875,4.872394583799178e-06
1380,613.3917846679688,198.589599609375,21.2825927734375,51.018463134765625,0.00013184055569581687
1380,0.0,332.46844482421875,65.02389526367188,148.03155517578125,2.607632495710277e-06
1410,56.02158737182617,186.6547393798828,21.165348052978516,52.26611328125,4.378092853585258e-06
1410,607.6994018554688,192.75833129882812,21.03271484375,51.450469970703125,0.0008814797038212419
1410,5.258028030395508,190.5644989013672,21.690582275390625,51.616851806640625,6.726194260409102e-05
1410,36.07362747192383,189.82151794433594,20.925987243652344,50.525360107421875,3.0014631192898378e-05
1410,46.034183502197266,184.1690216064453,28.206966400146484,65.06594848632812,3.1389429295813898e-06
1410,14.48885440826416,191.46351623535156,21.54315948486328,51.313934326171875,0.00017897078942041844
1410,627.4280395507812,196.37362670898438,13.07196044921875,54.734222412109375,2.9640684715559473e-06
1410,42.4566650390625,194.3728485107422,21.1622314453125,51.072479248046875,0.0010827502701431513
1410,534.8463134765625,119.78071594238281,105.6536865234375,282.76568603515625,5.670000973623246e-06
1410,614.13330078125,198.83958435058594,21.0106201171875,50.584808349609375,5.495332516147755e-05
1410,0.0,333.7026062011719,66.33032989501953,146.79739379882812,3.7393201637314633e-06
1440,57.126705169677734,179.613037109375,22.481830596923828,55.83013916015625,3.4424856494297273e-06
1440,65.62614440917969,179.1334991455078,21.982467651367188,54.30291748046875,3.0232674816943472e-06
1440,602.5771484375,192.21495056152344,21.3592529296875,51.1201171875,2.396794661763124e-05
1440,5.001839637756348,190.87432861328125,21.573043823242188,51.256103515625,8.584956231061369e-05
1440,14.213241577148438,190.67958068847656,21.06262969970703,50.642486572265625,8.41384899104014e-05
1440,606.2852783203125,195.32203674316406,25.7816162109375,60.705810546875,0.00034542009234428406
1440,43.2358283996582,196.3903045654297,20.934661865234375,50.642669677734375,2.2375779735739343e-05
1440,533.166748046875,149.74337768554688,107.333251953125,283.66412353515625,1.2119721759518143e-05
1440,627.197265625,197.27842712402344,13.302734375,54.9420166015625,2.5489621293672826e-06
1440,615.275390625,202.42123413085938,20.584228515625,50.589691162109375,1.2464302017178852e-05
1440,0.0,337.42059326171875,63.67491149902344,143.07940673828125,3.760641448025126e-06
1470,9.548995971679688,191.20701599121094,21.209835052490234,50.718231201171875,0.1639365702867508
1470,57.35965347290039,187.23670959472656,21.020442962646484,51.08856201171875,2.435546775814146e-06
1470,64.66344451904297,187.11056518554688,20.47515869140625,50.96484375,2.1580265183729352e-06
1470,544.62060546875,179.97369384765625,21.7867431640625,51.53515625,7.371396804956021e-06
1470,626.9662475585938,184.16677856445312,13.53375244140625,53.83050537109375,1.5776844520587474e-05
1470,0.0,121.95622253417969,81.78630065917969,288.49969482421875,6.231165116332704e-06
1470,4.274043083190918,197.05990600585938,21.722820281982422,51.598968505859375,0.00011978906695730984
1470,0.0,336.9934997558594,63.99921417236328,143.50650024414062,3.4511244848545175e-06
1500,57.36543655395508,189.17129516601562,21.203304290771484,51.199188232421875,3.262639438617043e-06
1500,602.9099731445312,186.81455993652344,23.5302734375,57.5301513671875,3.1625382689526305e-05
1500,14.76353645324707,194.1242218017578,21.12782096862793,50.611785888671875,0.00026568054454401135
1500,24.120328903198242,194.15829467773438,21.293848037719727,50.92193603515625,7.711455509706866e-07
1500,606.473876953125,194.38336181640625,26.4393310546875,62.99310302734375,8.17020918475464e-06
1500,4.14003849029541,198.54019165039062,21.896774291992188,52.263946533203125,4.251833161106333e-05
1500,533.4750366210938,110.609130859375,107.02496337890625,291.38836669921875,5.6776466408337e-06
1500,627.1962280273438,198.23468017578125,13.30377197265625,54.90057373046875,1.5609231240887311e-06
1500,0.0,335.7440185546875,64.12842559814453,144.7559814453125,3.3275759960815776e-06
1530,97.68892669677734,190.0031280517578,22.78961181640625,53.428466796875,1.2471721674955916e-05
1530,9.355207443237305,199.3966064453125,21.331634521484375,51.214202880859375,0.0004819771565962583
1530,34.52838897705078,196.7112579345703,21.659523010253906,51.00030517578125,0.00015973956033121794
1530,90.87549591064453,195.7846221923828,21.49053955078125,51.058349609375,1.7101809817177127e-06
1530,89.92582702636719,179.84873962402344,46.40771484375,107.63441467285156,1.0992972420353908e-05
1530,104.7613296508789,192.40350341796875,22.467391967773438,53.432769775390625,5.1241571782156825e-05
1530,112.57090759277344,191.16580200195312,21.425537109375,51.013397216796875,2.3825059543014504e-06
1530,127.89967346191406,193.06793212890625,24.017364501953125,55.2764892578125,2.1949495021544863e-06
1530,608.2474365234375,200.32594299316406,21.3206787109375,51.33984375,0.0006093760603107512
1530,38.239959716796875,194.8667449951172,27.482650756835938,65.11076354980469,6.004695751471445e-05
1530,115.21674346923828,194.56410217285156,28.10425567626953,66.82749938964844,3.729872332769446e-05
1530,28.03009033203125,202.1514892578125,20.883682250976562,51.07464599609375,3.181851207045838e-05
1530,0.0,104.10687255859375,109.37974548339844,310.2303466796875,9.913183930621017e-06
1530,99.4658432006836,196.4385528564453,31.654335021972656,75.98387145996094,0.9999376535415649
1530,612.093017578125,203.40455627441406,27.079833984375,62.42204284667969,4.968103894498199e-06
1530,626.1049194335938,202.89791870117188,14.39508056640625,54.829864501953125,5.019184300181223e-06
1530,15.910755157470703,204.00604248046875,21.048316955566406,51.30194091796875,1.5486162737943232e-05
1530,91.926513671875,204.02313232421875,27.10797119140625,63.646148681640625,0.12350940704345703
1530,109.80770111083984,206.08673095703125,24.705848693847656,57.224517822265625,8.783672819845378e-05
1530,532.7650146484375,134.67337036132812,107.7349853515625,284.63226318359375,6.04174647378386e-06
1530,59.489768981933594,174.62290954589844,116.07550811767578,264.281982421875,1.2019705764032551e-06
1560,8.539379119873047,195.3682403564453,21.185684204101562,51.662078857421875,1.636710180719092e-06
1560,25.686573028564453,193.9084014892578,21.736373901367188,52.223114013671875,4.65661150883534e-06
1560,39.643089294433594,195.90524291992188,21.184425354003906,51.625274658203125,4.1309856896987185e-05
1560,122.17327880859375,189.48594665527344,21.857666015625,51.6737060546875,3.39376310876105e-06
1560,0.0,195.96023559570312,15.457014083862305,54.309234619140625,4.358625119493809e-06
1560,17.075843811035156,197.50833129882812,20.814407348632812,51.5499267578125,2.3191312266135355e-06
1560,33.79151916503906,201.44775390625,21.1650390625,50.58905029296875,0.003874735441058874
1560,627.6504516601562,200.96055603027344,12.84954833984375,53.22320556640625,3.7993575006112223e-06
1560,1.9062557220458984,205.2738037109375,21.463470458984375,50.736358642578125,3.4293891076231375e-05
1560,0.0,338.399169921875,61.490718841552734,142.100830078125,5.05646676174365e-06
1590,608.9739990234375,196.02847290039062,22.2283935546875,53.99676513671875,0.013928884640336037
1590,533.126708984375,114.35737609863281,107.373291015625,300.56927490234375,1.4331147212942597e-05
1590,612.5639038085938,199.5273895263672,27.2393798828125,63.26164245605469,1.2245370271557476e-05
1590,625.3745727539062,199.71844482421875,15.12542724609375,55.987579345703125,7.744274626020342e-06
1590,603.6782836914062,207.20608520507812,22.4715576171875,54.495391845703125,2.218938334408449e-06
1620,9.160051345825195,186.72921752929688,21.59161376953125,53.10223388671875,5.4674819693900645e-05
1620,17.992948532104492,187.9595947265625,21.39725685119629,51.27777099609375,8.396718840231188e-06
1620,24.489585876464844,189.09837341308594,21.67578887939453,51.81341552734375,3.396694955881685e-05
1620,609.3577880859375,191.0159912109375,21.4940185546875,51.55694580078125,9.666397818364203e-05
1620,0.0,99.9982681274414,47.634281158447266,244.07720947265625,3.6577953324012924e-06
1620,0.0,194.26434326171875,15.27580451965332,50.809417724609375,0.0024244817905128
1620,0.0,152.03018188476562,29.919490814208984,125.60507202148438,7.592706879222533e-06
1620,0.0,124.93405151367188,65.10020446777344,308.05120849609375,1.904938108054921e-05
1620,606.4542236328125,202.62997436523438,20.6046142578125,50.54156494140625,0.00011793270095949993
1620,536.6902465820312,133.6436309814453,103.80975341796875,284.8038330078125,8.560947208025027e-06
1620,607.331298828125,179.4529266357422,33.168701171875,87.34480285644531,1.092588149731455e-06
1620,624.543701171875,197.4062957763672,15.956298828125,56.038909912109375,7.07651415723376e-05
1620,1.3658618927001953,199.4698944091797,21.710481643676758,51.081573486328125,4.5858570956625044e-05
1620,614.866455078125,203.4030303955078,21.3575439453125,51.380279541015625,0.0015943030593916774
1620,606.9705810546875,212.60366821289062,27.4859619140625,64.77117919921875,0.00010473196016391739
1620,0.0,340.10357666015625,64.08865356445312,140.39642333984375,5.778981176263187e-06
1650,0.0,135.86595153808594,13.901226043701172,54.902679443359375,4.901050488115288e-06
1650,473.0862121582031,176.05404663085938,21.69097900390625,50.634368896484375,0.0001915991015266627
1650,466.4819030761719,182.4434814453125,22.62457275390625,54.0989990234375,2.0738029888889287e-06
1650,0.0,407.9144287109375,34.178958892822266,72.5855712890625,5.68123232369544e-06
1650,0.0,328.8544921875,66.1930160522461,151.6455078125,7.2030998126138e-06
1650,601.4790649414062,361.39178466796875,39.02093505859375,119.10821533203125,5.879965101485141e-06
1680,472.4310302734375,178.88450622558594,21.90753173828125,51.308990478515625,9.824451262829825e-05
1680,465.5918884277344,182.99415588378906,22.57366943359375,54.210113525390625,1.051555409503635e-05
1680,627.6172485351562,193.89207458496094,12.88275146484375,55.671112060546875,4.216832167003304e-05
1680,11.803703308105469,208.87103271484375,45.59813690185547,116.27288818359375,8.156411058735102e-05
1680,0.0,334.4877014160156,62.892879486083984,146.01229858398438,3.7880872696405277e-06
1680,601.5142822265625,363.7059326171875,38.9857177734375,116.7940673828125,4.780546987603884e-06
1710,518.662841796875,189.3732452392578,27.203125,65.15481567382812,1.2436178167263279e-06
1710,527.5751953125,198.59149169921875,21.19287109375,51.104339599609375,8.35442369861994e-06
1710,0.0,338.70068359375,63.02190017700195,141.79931640625,5.8094442465517204e-06
1740,7.195147514343262,184.9264678955078,22.609390258789062,54.51739501953125,4.3005966290365905e-06
1740,0.0,97.15034484863281,58.326934814453125,324.31915283203125,1.4877311969030416e-06
1740,2.7634639739990234,194.58729553222656,21.29401397705078,51.524871826171875,0.0015874713426455855
1740,0.0,198.92251586914062,15.69583511352539,55.61590576171875,3.431646064200322e-06
1740,627.314697265625,199.5726318359375,13.185302734375,56.846771240234375,7.1205931817530654e-06
1770,0.0,178.9625701904297,16.29807472229004,56.472625732421875,2.1761055904789828e-05
1770,522.0718994140625,189.81854248046875,20.8701171875,52.615997314453125,2.4604503778391518e-05
1770,7.048017501831055,186.0956268310547,23.378887176513672,55.0745849609375,4.115525825909572e-06
1770,0.0,192.06149291992188,23.11093521118164,54.272308349609375,7.725743671471719e-06
1770,0.0,199.7025909423828,14.077013969421387,51.509521484375,4.569720658764709e-06
1770,627.144775390625,198.97149658203125,13.355224609375,57.290069580078125,9.562621926306747e-06
1800,626.9270629882812,199.77540588378906,13.57293701171875,57.66825866699219,1.2987543414055835e-05
1830,0.0,201.42755126953125,16.22589111328125,53.4576416015625,0.00030136157874949276
1830,0.0,154.43740844726562,30.501218795776367,130.63125610351562,8.377753147215117e-06
1830,0.0,117.17109680175781,64.40536499023438,312.17083740234375,1.3961127933725948e-06
1830,0.0,194.340576171875,25.321212768554688,70.73867797851562,2.455042022120324e-06
1830,626.998291015625,199.94488525390625,13.501708984375,57.088104248046875,1.2417037396517117e-05
