30,384.02618408203125,181.59817504882812,25.52447509765625,58.02618408203125,3.575435584934894e-06
30,407.1239929199219,175.73330688476562,22.951904296875,54.22100830078125,0.014323773793876171
30,377.67724609375,188.4531707763672,23.94561767578125,55.321807861328125,7.207374892459484e-07
30,399.8304748535156,182.23992919921875,26.952392578125,63.368560791015625,0.0006156320450827479
30,407.0940246582031,174.06210327148438,32.86944580078125,79.16720581054688,3.978860149800312e-06
30,626.946044921875,186.194091796875,13.553955078125,52.160888671875,5.856812094862107e-06
30,391.0690002441406,191.2720489501953,25.50408935546875,59.638519287109375,0.002932322910055518
30,391.5874938964844,179.04808044433594,37.59326171875,91.48548889160156,7.812876901880372e-06
30,386.9990234375,201.97509765625,21.28338623046875,52.157257080078125,2.9660632208106108e-05
30,397.9456481933594,203.80032348632812,26.2626953125,63.46710205078125,3.282566467532888e-06
60,623.6612548828125,183.54788208007812,16.8387451171875,78.96279907226562,7.147780706873164e-06
60,514.1430053710938,216.85360717773438,21.2489013671875,50.519775390625,7.1859599302115384e-06
60,627.2922973632812,217.1947479248047,13.20770263671875,50.95967102050781,2.8919212127220817e-05
60,518.314208984375,219.90097045898438,25.0855712890625,59.724365234375,5.338959908840479e-06
90,551.7406616210938,153.47364807128906,24.8988037109375,57.159088134765625,9.816546662477776e-05
90,423.8782958984375,147.09262084960938,91.28125,204.82461547851562,4.335912672104314e-05
90,436.0833740234375,161.38552856445312,60.8118896484375,151.53567504882812,4.8935373342828825e-05
90,494.4080505371094,187.09584045410156,29.329925537109375,69.4093017578125,5.574369765781739e-07
90,485.7332763671875,165.7807159423828,44.02362060546875,106.42015075683594,7.117805944290012e-05
90,460.1286926269531,144.95115661621094,89.26431274414062,206.5304718017578,2.4339842639165e-06
90,457.7330017089844,160.95626831054688,61.508453369140625,142.81744384765625,1.7327181922155432e-05
90,480.20343017578125,195.71487426757812,37.8275146484375,87.37466430664062,2.809207944665104e-05
90,459.91693115234375,202.13848876953125,39.3797607421875,95.3251953125,7.07757635609596e-06
90,427.0133361816406,198.84962463378906,41.16241455078125,107.22010803222656,3.11103644889954e-06
90,440.04840087890625,203.3094482421875,43.08538818359375,106.64447021484375,0.0024876545649021864
90,627.072998046875,266.3558044433594,13.427001953125,50.81549072265625,5.473905275721336e-06
120,627.3823852539062,140.1459503173828,13.11761474609375,51.981414794921875,8.503031494910829e-06
120,627.6470947265625,162.5967254638672,12.8529052734375,51.63214111328125,1.55635043483926e-05
120,622.5794677734375,152.89266967773438,17.9205322265625,76.09375,4.349170922068879e-06
120,608.8960571289062,135.91082763671875,31.60394287109375,147.3133544921875,1.6757994671934284e-05
120,592.3230590820312,121.79669189453125,48.17694091796875,234.44448852539062,2.718475843721535e-05
120,550.2674560546875,161.069091796875,90.2325439453125,219.59832763671875,1.5339794117608108e-05
120,605.5186767578125,179.11752319335938,34.9813232421875,151.13040161132812,4.368126974441111e-05
120,616.742919921875,215.79248046875,23.757080078125,106.45208740234375,7.293999715329846e-06
120,543.9242553710938,191.70574951171875,63.5362548828125,155.13311767578125,1.7581873180461116e-05
120,573.7399291992188,195.84080505371094,62.7371826171875,143.88539123535156,0.00011760701454477385
120,624.5593872070312,268.035888671875,15.94061279296875,62.06011962890625,3.9826340980653185e-06
120,589.6393432617188,207.40220642089844,50.86065673828125,232.6428985595703,5.345817953639198e-06
150,620.7669067382812,149.81996154785156,19.73309326171875,76.79495239257812,5.861299086973304e-06
150,234.68028259277344,179.07850646972656,21.81915283203125,50.7728271484375,4.944117790728342e-06
150,626.1712646484375,175.05581665039062,14.3287353515625,53.606201171875,8.281550663014059e-07
150,609.0092163085938,118.34713745117188,31.49078369140625,142.53781127929688,7.401186849165242e-06
150,591.4361572265625,93.24177551269531,49.0638427734375,241.5715789794922,2.2558111595571972e-05
150,622.3971557617188,178.80076599121094,18.10284423828125,81.45576477050781,2.0904344637528993e-06
150,0.0,336.5576171875,61.40359115600586,143.9423828125,5.679953574144747e-06
180,208.87255859375,174.164306640625,21.28460693359375,50.96563720703125,3.4764873362291837e-06
180,203.03395080566406,180.0478515625,21.117431640625,50.8963623046875,2.4569284505560063e-05
180,195.60643005371094,182.5283966064453,21.350067138671875,53.07696533203125,2.287701136083342e-06
210,589.5674438476562,158.044677734375,32.4971923828125,78.61886596679688,0.0009196863975375891
210,625.0462036132812,168.37152099609375,15.45379638671875,52.080596923828125,5.5079635785659775e-06
210,74.7121353149414,171.56878662109375,22.062744140625,52.6380615234375,0.0706588551402092
210,8.896095275878906,129.7987060546875,133.74127197265625,280.51263427734375,5.798037364002084e-06
210,605.2384033203125,169.72811889648438,26.501220703125,64.77490234375,3.624799091994646e-06
210,59.27350997924805,177.64100646972656,21.404460906982422,51.06207275390625,1.698446794762276e-05
210,570.114501953125,177.5497283935547,21.46875,54.1942138671875,2.3352760763373226e-05
210,573.4781494140625,168.92471313476562,30.93017578125,76.68621826171875,2.6890738809015602e-05
210,584.9568481445312,175.36557006835938,26.2919921875,64.0213623046875,4.9943999329116195e-05
210,80.19547271728516,177.37237548828125,23.097442626953125,51.7655029296875,9.111699182540178e-05
210,81.99523162841797,171.26373291015625,29.711822509765625,71.65521240234375,3.114694482064806e-05
210,585.2457885742188,158.0467529296875,47.9200439453125,115.3505859375,0.9981845021247864
210,597.7833862304688,178.7821044921875,27.7037353515625,65.73263549804688,0.00035566839505918324
210,622.3303833007812,181.41403198242188,18.16961669921875,59.03240966796875,1.0509127605473623e-05
210,616.7449951171875,167.2737274169922,23.7550048828125,91.21214294433594,0.000133437046315521
210,53.786476135253906,176.9927978515625,31.239761352539062,72.75518798828125,8.785584668657975e-07
210,65.40017700195312,179.04246520996094,24.279769897460938,58.855316162109375,1.950503974512685e-05
210,69.51057434082031,172.85635375976562,30.85089111328125,72.0013427734375,0.0017244588816538453
210,384.5069885253906,185.569091796875,21.930419921875,53.489105224609375,2.1368302896007663e-06
210,604.1542358398438,148.74156188964844,36.34576416015625,134.9242706298828,0.0005440177628770471
210,564.9846801757812,182.71485900878906,30.5933837890625,71.68795776367188,0.0001096548730856739
210,570.7060546875,158.72752380371094,46.7496337890625,111.33888244628906,0.00230355653911829
210,572.4566650390625,126.85735321044922,68.0433349609375,193.0545654296875,0.0006019460852257907
210,553.3451538085938,168.88986206054688,62.2056884765625,151.43692016601562,9.529097155791533e-07
210,540.1204833984375,104.55874633789062,100.3795166015625,274.8717041015625,1.623568891773175e-06
210,613.9312133789062,191.74363708496094,26.56878662109375,114.96839904785156,1.5511010360569344e-06
210,587.4850463867188,159.8516082763672,53.01495361328125,239.7796173095703,5.716831310564885e-06
240,402.4051208496094,174.44073486328125,21.6307373046875,51.658660888671875,0.010175323113799095
240,496.250732421875,168.62765502929688,20.828369140625,50.743438720703125,1.2052880265400745e-05
240,491.8979797363281,163.82237243652344,30.873809814453125,74.52151489257812,4.661272214434575e-06
240,392.5550231933594,171.31251525878906,28.18572998046875,67.91595458984375,1.42994338148128e-06
240,384.5534973144531,129.08468627929688,58.1455078125,126.04168701171875,7.137536158552393e-06
240,328.87042236328125,91.28300476074219,145.64892578125,297.64385986328125,1.3898339602747e-05
240,399.1967468261719,157.62353515625,39.12530517578125,88.24472045898438,2.909891918534413e-06
240,488.50201416015625,173.43032836914062,24.679931640625,56.736968994140625,2.44799921347294e-05
240,128.427734375,189.43942260742188,21.2452392578125,50.92584228515625,3.963491963077104e-06
240,413.5941162109375,178.39781188964844,22.32684326171875,51.570526123046875,1.4825008065599832e-06
240,408.1453857421875,182.57003784179688,21.45684814453125,51.73004150390625,9.239063365384936e-05
270,433.9247131347656,173.7198028564453,21.61895751953125,52.448760986328125,4.260966306901537e-05
270,424.495849609375,169.35069274902344,27.4451904296875,65.00759887695312,7.420569545502076e-07
270,432.5332946777344,160.1846923828125,38.1978759765625,85.19619750976562,1.8177021274823346e-06
270,373.6727294921875,89.87889099121094,141.68603515625,302.86187744140625,6.7084938564221375e-06
270,445.4013671875,180.64080810546875,21.2288818359375,50.66058349609375,0.16894648969173431
270,452.5691833496094,175.41409301757812,22.4473876953125,55.18463134765625,7.34372690658347e-07
270,528.374267578125,172.45068359375,21.5740966796875,51.82464599609375,4.760214142152108e-05
270,535.8484497070312,172.02017211914062,21.73779296875,52.8363037109375,8.229162631323561e-06
270,585.3743896484375,178.92140197753906,22.382080078125,53.287628173828125,0.00012592764687724411
270,615.0810546875,178.35430908203125,25.4189453125,67.1563720703125,7.771212040097453e-06
270,99.86534118652344,192.0719757080078,21.56982421875,51.014251708984375,0.00020234366820659488
270,625.8179931640625,185.57745361328125,14.6820068359375,53.14263916015625,0.000173127293237485
270,566.6653442382812,80.36309814453125,73.83465576171875,313.4403381347656,3.645001697805128e-06
270,102.62163543701172,184.76295471191406,28.535240173339844,69.55584716796875,5.765637069998775e-06
270,26.832908630371094,103.17353820800781,149.4737548828125,302.79736328125,2.3699290068179835e-06
270,591.6901245117188,185.63584899902344,23.7650146484375,55.54583740234375,2.264015392938745e-06
270,8.246442794799805,201.34130859375,23.416717529296875,55.468780517578125,7.355505658779293e-06
270,0.0,209.45010375976562,15.579230308532715,57.978546142578125,1.2189211702207103e-05
270,0.0,187.5180206298828,19.921295166015625,99.46910095214844,6.884497452119831e-07
300,457.0237121582031,176.84463500976562,20.240966796875,50.728729248046875,0.00013823100016452372
300,474.45147705078125,173.07765197753906,21.425537109375,52.52655029296875,2.8613940230570734e-05
300,492.3763122558594,180.11328125,21.681243896484375,51.0087890625,0.0010242345742881298
300,447.5843505859375,175.19027709960938,27.4552001953125,65.96005249023438,1.3481406995197176e-06
300,373.250732421875,97.59661865234375,152.27435302734375,307.09271240234375,1.957290351128904e-06
300,483.052734375,147.2792510986328,48.61212158203125,101.5416259765625,1.1108114676972036e-06
300,435.0597229003906,122.88298034667969,129.33639526367188,288.91497802734375,4.57111127616372e-06
300,505.389404296875,174.61293029785156,25.5355224609375,59.888336181640625,1.6215948562603444e-05
300,59.39093017578125,192.92796325683594,21.356643676757812,50.741851806640625,8.310822886414826e-05
300,71.57499694824219,192.55699157714844,21.166168212890625,51.055267333984375,1.650354352022987e-05
300,496.95513916015625,177.1002655029297,25.47796630859375,60.465789794921875,0.9999994039535522
300,627.6422729492188,185.62118530273438,12.85772705078125,50.693878173828125,1.7458050933782943e-05
300,62.43413162231445,188.3549041748047,28.414005279541016,69.18873596191406,9.105822869059921e-07
300,0.0,90.72514343261719,131.25408935546875,323.22198486328125,2.721407099670614e-06
300,443.7772216796875,185.83445739746094,20.9503173828125,51.561981201171875,6.149041951175604e-07
300,480.4627685546875,183.34036254882812,21.3079833984375,52.024932861328125,1.402918769599637e-05
330,532.7396240234375,161.6279296875,34.73828125,85.31753540039062,1.5161165265453747e-06
330,625.9873046875,168.9783477783203,14.5126953125,52.19403076171875,1.4533384273818228e-05
330,575.0968627929688,171.80426025390625,29.22314453125,68.4537353515625,4.743737463286379e-06
330,582.49072265625,167.5080108642578,33.4989013671875,82.13314819335938,4.458202965906821e-05
330,523.785888671875,182.85545349121094,20.7237548828125,50.590087890625,7.281100806721952e-06
330,536.554443359375,179.51284790039062,24.5072021484375,58.1661376953125,0.9999970197677612
330,547.7086181640625,178.1138153076172,24.972900390625,58.73175048828125,1.9592009721236536e-06
330,594.5111694335938,173.58375549316406,23.1153564453125,56.43109130859375,9.149319339485373e-06
330,370.0384521484375,183.05319213867188,21.31488037109375,51.884429931640625,2.284404581587296e-05
330,427.901123046875,185.28309631347656,21.7431640625,51.553924560546875,3.0300186608656077e-06
330,489.4473876953125,184.55120849609375,22.80548095703125,53.09100341796875,0.00018968865333590657
330,503.4678039550781,185.86460876464844,22.587982177734375,52.80157470703125,8.374873141292483e-05
330,511.0718688964844,182.34336853027344,23.971221923828125,55.56982421875,5.043179498898098e-06
330,479.81640625,147.7981719970703,124.415283203125,275.35302734375,3.6930994156136876e-06
330,600.3816528320312,179.3545684814453,24.0382080078125,57.38861083984375,0.00024321915407199413
330,592.4085083007812,166.10955810546875,37.63623046875,90.7535400390625,0.9999991655349731
330,604.546630859375,172.6198272705078,35.23046875,86.38529968261719,0.0011927048908546567
330,621.0217895507812,171.04647827148438,19.47821044921875,80.01736450195312,4.842182170250453e-05
330,433.51385498046875,189.35397338867188,22.11468505859375,53.31524658203125,2.747136477410095e-06
330,443.1399841308594,189.78573608398438,21.52410888671875,51.398834228515625,1.7621873666939791e-06
330,450.3216857910156,187.80638122558594,21.379638671875,50.796875,6.3154357121675275e-06
330,482.7845153808594,187.98489379882812,22.68896484375,53.503570556640625,1.0277510227751918e-05
330,496.46502685546875,188.4971923828125,21.7379150390625,50.863311767578125,0.00041504643741063774
330,606.6541748046875,185.42050170898438,24.230712890625,56.584930419921875,4.170418105786666e-05
330,530.2903442382812,185.03419494628906,23.2978515625,55.629547119140625,3.388790719327517e-05
330,562.748779296875,138.12496948242188,77.751220703125,193.45950317382812,6.412331458705012e-06
330,591.5641479492188,189.92323303222656,27.2427978515625,64.90313720703125,2.1507086785277352e-05
330,581.6571655273438,160.57315063476562,54.48046875,133.86895751953125,1.5848871726120706e-06
360,578.22021484375,162.48492431640625,22.03662109375,53.270050048828125,0.00011661247845040634
360,555.3148193359375,168.86244201660156,21.1146240234375,52.84417724609375,5.418962246039882e-06
360,560.5132446289062,169.59957885742188,27.579833984375,63.12213134765625,1.6412823242717423e-05
360,586.0104370117188,166.16961669921875,28.5087890625,65.90322875976562,0.00025155130424536765
360,571.3792724609375,172.02711486816406,24.8988037109375,57.02294921875,0.00022675302170682698
360,576.2027587890625,165.34573364257812,31.137451171875,74.30697631835938,0.9999997615814209
360,593.6148071289062,166.83895874023438,31.3372802734375,77.10745239257812,1.9579774743760936e-06
360,602.960693359375,163.3860321044922,33.4019775390625,78.8988037109375,1.3383001714828424e-05
360,368.9993591308594,177.664306640625,21.53314208984375,51.25738525390625,6.969683454371989e-06
360,578.7195434570312,188.20278930664062,20.6500244140625,50.991241455078125,1.2060435437888373e-05
360,566.259521484375,155.02578735351562,46.4664306640625,109.87762451171875,7.708471457590349e-06
360,593.5111694335938,130.45745849609375,46.98883056640625,244.13992309570312,5.796809546154691e-06
390,29.354026794433594,173.71939086914062,25.237327575683594,58.718414306640625,8.020495442906395e-06
390,357.0625915527344,176.1912078857422,21.29815673828125,50.80535888671875,6.27424378762953e-05
390,19.746623992919922,170.40591430664062,30.8887939453125,73.2745361328125,2.880824922613101e-06
390,363.0730285644531,180.92803955078125,21.284423828125,50.55206298828125,3.831491994787939e-05
390,371.36688232421875,184.72634887695312,21.8984375,52.458251953125,1.7668757209321484e-05
390,464.682861328125,195.81069946289062,21.76263427734375,51.09515380859375,9.888588829198852e-05
390,471.03369140625,195.10311889648438,23.91925048828125,56.30755615234375,8.61001626617508e-06
390,457.4739685058594,203.0148468017578,20.7144775390625,51.036834716796875,1.2176907148386817e-05
390,602.0951538085938,362.59844970703125,38.40484619140625,117.90155029296875,5.934581622568658e-06
420,591.5996704101562,171.9659881591797,20.3485107421875,51.125274658203125,4.304067715565907e-06
420,626.6404418945312,171.4705810546875,13.85955810546875,52.661529541015625,1.490528211434139e-05
420,441.65155029296875,187.49668884277344,21.40032958984375,50.60589599609375,1.038821937981993e-05
420,584.064697265625,176.75918579101562,24.2288818359375,56.30657958984375,1.0114930773852393e-05
420,616.9258422851562,186.90150451660156,23.57415771484375,56.77911376953125,1.9081235222984105e-05
420,448.1993103027344,198.76296997070312,21.2796630859375,51.5355224609375,0.0003735037171281874
420,463.6511535644531,195.72230529785156,23.36566162109375,55.083465576171875,2.434299858578015e-06
420,626.8688354492188,193.71844482421875,13.63116455078125,50.5169677734375,7.587225991301239e-05
420,454.7436218261719,197.87704467773438,22.28741455078125,53.311279296875,1.7637023120187223e-05
420,471.8513488769531,199.89633178710938,21.86419677734375,52.871826171875,2.546350287957466e-06
420,441.8269348144531,208.63299560546875,21.77655029296875,52.071319580078125,2.4280052457470447e-06
420,627.4586181640625,214.19345092773438,13.0413818359375,51.78900146484375,6.5047070165746845e-06
420,601.9463500976562,362.4169921875,38.55364990234375,118.0830078125,8.101667845039628e-06
450,306.2601013183594,159.79501342773438,22.36016845703125,53.708282470703125,0.0011871386086568236
450,227.00486755371094,78.89353942871094,145.89088439941406,308.98541259765625,8.084131877694745e-06
450,272.0917663574219,162.588623046875,27.9962158203125,69.27590942382812,4.130026354687288e-06
450,0.0,174.028564453125,14.318439483642578,55.815582275390625,1.1354347407177556e-05
450,488.9393615722656,203.64788818359375,22.6512451171875,52.83843994140625,4.335424819146283e-05
450,495.7114562988281,209.9166259765625,22.741424560546875,54.10662841796875,7.476411610696232e-06
450,592.9515991210938,194.50341796875,47.54840087890625,243.635986328125,3.6224976156518096e-06
450,627.6914672851562,344.6923828125,12.80853271484375,50.757080078125,6.369109541992657e-06
450,601.9244995117188,363.67169189453125,38.57550048828125,116.82830810546875,4.406278549140552e-06
480,490.07354736328125,22.597434997558594,22.01031494140625,53.000579833984375,0.0009614821756258607
480,423.2028503417969,39.21185302734375,22.0592041015625,51.10289001464844,2.142319681297522e-05
480,366.13372802734375,72.54454040527344,59.89300537109375,144.01144409179688,3.7065565265947953e-06
480,174.94166564941406,148.8947296142578,21.923614501953125,51.204193115234375,3.538458622642793e-05
480,350.17413330078125,40.534423828125,91.239990234375,221.02822875976562,6.816821041866206e-06
480,78.04502868652344,154.7149658203125,22.839675903320312,53.38336181640625,3.474571485639899e-06
480,162.11061096191406,137.22479248046875,35.11663818359375,81.08953857421875,8.013820661290083e-06
480,171.1927032470703,159.73831176757812,21.537994384765625,51.012481689453125,0.8540244102478027
480,182.26022338867188,155.2854461669922,20.7659912109375,50.673065185546875,9.014966963150073e-06
480,56.86530685424805,163.53964233398438,24.19497299194336,57.18463134765625,2.376742304477375e-05
480,104.1191177368164,102.89714050292969,139.46136474609375,287.547607421875,1.4104931324254721e-05
480,72.69390106201172,164.2853240966797,22.898406982421875,54.8787841796875,0.001670652418397367
480,87.06224060058594,166.989501953125,21.32342529296875,51.504486083984375,6.123813136582612e-07
480,65.88996887207031,169.972412109375,22.785552978515625,54.665130615234375,1.5236481885949615e-05
480,66.19212341308594,165.04965209960938,32.28973388671875,78.77279663085938,5.2749670430785045e-05
480,76.70921325683594,173.34312438964844,26.160049438476562,62.139739990234375,2.437898501739255e-06
480,51.598663330078125,160.28768920898438,40.37718200683594,96.95172119140625,2.1739133444498293e-05
480,399.9740295410156,204.8081512451172,23.0594482421875,53.21055603027344,0.0004767920763697475
480,610.582763671875,402.9216613769531,29.917236328125,77.57833862304688,5.666757260769373e-06
480,601.4094848632812,357.995849609375,39.09051513671875,122.504150390625,3.832838956441265e-06
510,415.0591735839844,39.894622802734375,60.0513916015625,143.6098175048828,0.001423090579919517
510,402.45013427734375,27.444976806640625,90.86944580078125,216.26348876953125,3.3110234198829858e-06
510,277.7859802246094,155.6571502685547,24.01397705078125,57.4940185546875,1.4588847079721745e-05
510,328.9661865234375,157.72898864746094,22.33319091796875,54.457855224609375,0.0034017411526292562
510,336.1661071777344,157.4981231689453,25.1556396484375,60.346527099609375,8.251669896708336e-06
510,344.3131408691406,161.5417022705078,21.50390625,50.796905517578125,0.9985357522964478
510,372.60333251953125,0.0,129.86785888671875,306.5177001953125,7.854227078496478e-06
510,351.0298156738281,157.85299682617188,21.4393310546875,51.295135498046875,0.000515085004735738
510,370.9777526855469,155.9482879638672,21.81915283203125,51.930938720703125,0.9999910593032837
510,304.4150390625,82.38703918457031,131.25897216796875,296.16778564453125,3.9035694499034435e-06
510,380.1936950683594,153.38705444335938,21.4783935546875,52.137786865234375,0.00013191462494432926
510,0.0,164.44573974609375,13.28146743774414,50.769317626953125,5.527464509214042e-06
510,153.13441467285156,160.15675354003906,20.98345947265625,50.698150634765625,5.139465065440163e-05
510,258.13006591796875,163.08587646484375,22.81304931640625,56.698974609375,1.5394604133689427e-06
510,264.6768493652344,145.75802612304688,36.58038330078125,81.10781860351562,2.7066048460255843e-06
510,205.924560546875,98.53675842285156,139.75811767578125,284.65679931640625,3.0059229629841866e-06
510,364.80035400390625,147.333740234375,32.60614013671875,74.38433837890625,2.247104021080304e-06
510,272.4534606933594,163.01449584960938,21.64739990234375,50.833343505859375,0.8481618165969849
510,364.24609375,158.77146911621094,21.11956787109375,51.326171875,0.0010253828950226307
510,512.666748046875,223.42190551757812,24.4818115234375,57.338714599609375,3.236931434003054e-06
510,506.68878173828125,204.90687561035156,36.4703369140625,90.11509704589844,2.604103610792663e-05
510,524.8272094726562,221.48138427734375,26.5975341796875,62.58404541015625,3.04641503134917e-06
510,518.6420288085938,230.98516845703125,26.7283935546875,61.77642822265625,0.0005089920596219599
510,515.8543701171875,216.71417236328125,36.481201171875,90.75933837890625,4.0837408050720114e-06
510,592.773193359375,210.1392059326172,47.726806640625,245.93360900878906,6.524899617943447e-06
510,599.5426635742188,359.72576904296875,40.95733642578125,120.77423095703125,1.930504595293314e-06
540,596.490234375,0.0,44.009765625,126.02483367919922,9.105275239562616e-06
540,517.177734375,0.0,123.322265625,219.9524383544922,2.0660449990828056e-06
540,586.9552001953125,0.6095390319824219,21.953369140625,52.845130920410156,0.310269296169281
540,598.2213745117188,0.8542957305908203,20.5511474609375,51.09663391113281,2.7889505872735754e-05
540,571.492919921875,6.836391448974609,20.9119873046875,51.31207275390625,4.7074007625269587e-07
540,580.4769287109375,4.014514923095703,22.238037109375,54.05103302001953,0.00048721532220952213
540,580.1058349609375,0.0,34.2152099609375,72.33149719238281,6.861156725790352e-05
540,546.6488037109375,157.71469116210938,22.172607421875,53.134674072265625,0.8536593914031982
540,345.0768737792969,160.4129180908203,21.4716796875,52.01898193359375,2.3762435375829227e-05
540,352.260009765625,161.84033203125,21.70587158203125,51.142333984375,0.00015122813056223094
540,538.2454223632812,145.4550323486328,36.769287109375,84.56719970703125,3.1703413696959615e-05
540,530.405029296875,129.4976806640625,53.3521728515625,121.07565307617188,5.068879090686096e-06
540,481.2301940917969,109.04672241210938,133.53884887695312,282.99713134765625,5.427692485682201e-06
540,558.8147583007812,157.57205200195312,21.4007568359375,51.4910888671875,0.002461576834321022
540,567.1627197265625,158.27731323242188,21.10791015625,51.6661376953125,4.286577222956112e-06
540,627.3387451171875,163.8638458251953,13.1612548828125,51.307281494140625,9.493227480561472e-06
540,72.13502502441406,175.74273681640625,21.57708740234375,51.2598876953125,8.76230751600815e-06
540,337.1584777832031,166.86085510253906,22.81536865234375,53.40533447265625,1.993215482798405e-05
540,540.4329833984375,163.18011474609375,22.550537109375,53.235687255859375,0.0009732762700878084
540,41.228248596191406,176.76742553710938,22.801795959472656,54.14593505859375,1.1341144272591919e-06
540,65.51863098144531,177.93038940429688,21.546005249023438,50.636993408203125,1.5775762221892364e-05
540,550.0039672851562,163.01095581054688,25.672119140625,61.18157958984375,9.209333074977621e-05
540,16.18502426147461,184.93751525878906,23.06997299194336,56.03179931640625,5.259968475002097e-06
540,23.232290267944336,183.2766876220703,23.097993850708008,55.8411865234375,4.492832431424176e-06
540,31.54086685180664,180.7681427001953,23.257461547851562,56.875030517578125,9.75503553490853e-07
540,0.0,193.15162658691406,13.643606185913086,52.284332275390625,1.0405940429336624e-06
540,7.6768035888671875,190.83338928222656,23.555042266845703,58.92889404296875,3.113487991868169e-06
540,0.0,342.85308837890625,58.048641204833984,137.64691162109375,4.921973868476925e-06
540,609.1073608398438,402.6252746582031,31.39263916015625,77.87472534179688,1.3352176210901234e-05
540,597.7667846679688,361.56658935546875,42.73321533203125,118.93341064453125,1.464426804886898e-05
540,577.59716796875,317.9501953125,62.90283203125,162.5498046875,5.899416009924607e-06
570,560.6619262695312,0.0,53.8818359375,61.33287048339844,5.601587417913834e-06
570,538.8404541015625,0.0,89.0872802734375,127.68962097167969,3.607384087445098e-06
570,571.2421875,0.0,25.9664306640625,51.96051788330078,5.882870391360484e-05
570,582.6683349609375,0.0,25.4561767578125,54.58847427368164,0.0006079706945456564
570,369.2073669433594,150.195556640625,21.46478271484375,52.072021484375,6.186561677168356e-06
570,374.5947570800781,148.89279174804688,24.875732421875,58.70635986328125,3.7866534512431826e-06
570,361.0157470703125,158.2567901611328,21.49371337890625,51.7503662109375,1.8648687500899541e-06
570,329.8475036621094,166.198974609375,21.8519287109375,52.41839599609375,0.00013865808432456106
570,0.0,177.3132781982422,15.970514297485352,56.699462890625,1.2835722372983582e-05
570,314.3708801269531,174.87950134277344,20.765869140625,50.78253173828125,2.93229777525994e-06
570,321.229248046875,171.20526123046875,24.08087158203125,57.55035400390625,1.5209391676762607e-05
570,334.6250305175781,168.21543884277344,24.215576171875,59.086151123046875,7.310752698685974e-05
570,600.9278564453125,360.6263122558594,39.5721435546875,119.87368774414062,5.8179271036351565e-06
600,411.5152587890625,80.18790435791016,65.6358642578125,157.16384887695312,4.78629044664558e-06
600,406.8484802246094,155.61416625976562,23.12884521484375,55.521881103515625,1.578043884364888e-05
600,399.586669921875,48.20305633544922,91.58123779296875,228.2589111328125,1.6754164562371443e-06
600,342.2446594238281,148.4185333251953,43.30487060546875,98.48324584960938,1.66988297678472e-06
600,360.76141357421875,162.31393432617188,22.71728515625,53.869415283203125,0.00020302568736951798
600,398.4638671875,139.25286865234375,37.34765625,89.19134521484375,0.0004693946975748986
600,395.94586181640625,100.50154876708984,55.94952392578125,138.42254638671875,3.7699417134717805e-06
600,372.15606689453125,79.17584228515625,94.334716796875,224.20492553710938,3.2647776606609114e-06
600,39.967071533203125,162.40005493164062,21.83277130126953,50.876678466796875,1.0463793842063751e-05
600,363.5928955078125,166.79165649414062,27.220703125,64.74203491210938,0.03347857668995857
600,388.7760009765625,152.36050415039062,34.13751220703125,79.21493530273438,0.00023185217287391424
600,460.6993103027344,167.45465087890625,21.552490234375,52.780120849609375,0.00017427293641958386
600,480.005615234375,164.43789672851562,23.206298828125,55.482177734375,0.9971495270729065
600,33.974979400634766,169.09060668945312,22.719223022460938,52.64495849609375,3.161962922604289e-06
600,348.5267639160156,170.3699188232422,23.25390625,54.053863525390625,0.0001749336952343583
600,353.14068603515625,165.7071533203125,28.434814453125,67.8521728515625,0.9999991655349731
600,375.5447692871094,168.66246032714844,21.89593505859375,52.14306640625,0.000922747072763741
600,387.9078674316406,169.62197875976562,21.35198974609375,51.496124267578125,0.00019133038586005569
600,400.62451171875,167.2245330810547,25.1395263671875,59.541595458984375,0.9999493360519409
600,344.65814208984375,110.25628662109375,129.0692138671875,289.4285888671875,3.4965801205544267e-06
600,410.47265625,162.50624084472656,25.62353515625,61.31768798828125,0.005015664268285036
600,461.3293762207031,153.62310791015625,33.74822998046875,77.2298583984375,3.263506368966773e-05
600,472.8393859863281,167.73834228515625,23.62176513671875,56.7320556640625,0.9998651742935181
600,456.3361511230469,132.089111328125,50.5799560546875,108.3646240234375,8.646489391139767e-07
600,408.49346923828125,106.35591125488281,128.39178466796875,284.74139404296875,1.45616868394427e-05
600,474.17156982421875,152.88632202148438,35.23699951171875,83.24404907226562,8.935802179621533e-05
600,0.0,179.46255493164062,15.187755584716797,55.8961181640625,2.0910383682348765e-05
600,0.0,154.1546630859375,22.098478317260742,100.0745849609375,9.023878192238044e-06
600,337.2806396484375,170.73362731933594,26.132080078125,61.782928466796875,3.091096004936844e-05
600,395.15679931640625,171.22048950195312,22.13079833984375,53.601409912109375,0.08672115206718445
600,487.0872497558594,169.6813507080078,21.98004150390625,52.951568603515625,0.1204581931233406
600,495.40948486328125,172.6038360595703,20.82489013671875,51.768402099609375,0.00026539849932305515
600,466.1557922363281,170.54156494140625,22.94317626953125,55.163116455078125,0.2014724761247635
630,0.0,0.0,59.894840240478516,164.74461364746094,7.915676292213902e-07
630,597.3291015625,0.0,43.1708984375,122.8320083618164,9.5504910859745e-06
630,381.5273132324219,51.88520812988281,93.262451171875,231.9683074951172,1.4296066183305811e-05
630,322.7756042480469,165.1371307373047,21.2796630859375,51.323516845703125,3.945921707781963e-05
630,410.0826416015625,161.6251678466797,22.178955078125,53.95947265625,2.7068655981565826e-05
630,423.771484375,136.4888458251953,40.103759765625,94.23394775390625,2.748295992205385e-05
630,411.5859069824219,112.43956756591797,57.76043701171875,137.14151000976562,2.1777808797196485e-05
630,312.88568115234375,150.4542236328125,43.7835693359375,102.52383422851562,2.8784850201191148e-06
630,393.7796630859375,125.15167236328125,52.60723876953125,126.04119873046875,3.583193392842077e-05
630,409.2022399902344,149.96377563476562,36.88580322265625,87.22119140625,0.000391733628930524
630,345.76495361328125,88.21420288085938,138.69586181640625,293.99749755859375,2.862163819372654e-05
630,446.06207275390625,169.84439086914062,21.732666015625,51.63446044921875,6.63019227431505e-06
630,333.36651611328125,168.1835479736328,25.455322265625,57.458740234375,0.0053886836394667625
630,423.96234130859375,172.7660369873047,22.88787841796875,54.276092529296875,0.9978038668632507
630,314.93426513671875,170.21942138671875,29.85430908203125,66.64938354492188,0.0010541812516748905
630,324.40142822265625,165.4718475341797,30.5137939453125,73.691650390625,0.9999788999557495
630,403.86517333984375,171.03060913085938,26.024658203125,60.25701904296875,0.0004129047447349876
630,415.8306579589844,172.61831665039062,25.26458740234375,60.54913330078125,0.9998711347579956
630,432.3598937988281,170.9327850341797,25.49456787109375,60.866363525390625,0.9994685053825378
630,0.0,182.03782653808594,16.6248836517334,58.798828125,1.1886995707754977e-05
630,0.0,157.32064819335938,22.75173568725586,98.68997192382812,4.006851213489426e-06
630,6.757928848266602,184.41168212890625,23.532020568847656,57.392547607421875,1.967954858628218e-06
630,192.86746215820312,188.42982482910156,21.300048828125,50.69415283203125,1.8408904907118995e-06
630,187.78738403320312,178.7687225341797,30.0809326171875,71.85186767578125,6.329605184873799e-06
630,253.09988403320312,185.17665100097656,22.2144775390625,53.960723876953125,3.544364744811901e-06
630,261.4986572265625,183.59381103515625,25.3238525390625,59.99578857421875,0.999977707862854
630,201.2403564453125,146.62867736816406,130.64642333984375,275.4599609375,3.495359806038323e-06
630,271.4837951660156,182.7629852294922,25.2333984375,60.624237060546875,0.9643206596374512
630,283.400146484375,183.04998779296875,24.2518310546875,58.09619140625,0.9999575614929199
630,292.60052490234375,181.39892578125,23.17877197265625,56.3350830078125,0.0002111216599587351
630,340.03753662109375,171.140380859375,26.1533203125,62.07989501953125,2.33073478739243e-05
630,440.919921875,181.66339111328125,21.5328369140625,51.6436767578125,0.00013306514301802963
630,330.1585998535156,187.5272674560547,20.88568115234375,52.652099609375,3.4044080621242756e-06
630,602.0377807617188,359.88092041015625,38.46221923828125,120.61907958984375,5.123598839418264e-06
660,284.8739929199219,62.555809020996094,95.7769775390625,234.25601196289062,2.6425354917591903e-06
660,0.0,160.27085876464844,15.771663665771484,55.593963623046875,3.982064299634658e-06
660,216.54818725585938,164.30288696289062,44.540740966796875,105.02056884765625,2.6115274067706196e-06
660,316.74078369140625,146.6860809326172,37.890869140625,95.19656372070312,9.105262870434672e-05
660,0.3489561080932617,169.51248168945312,23.333511352539062,54.847503662109375,1.0292792467225809e-05
660,327.027099609375,179.84693908691406,22.25823974609375,51.849700927734375,0.0006347146118059754
660,168.90521240234375,187.84751892089844,22.033905029296875,52.195770263671875,4.200168768875301e-05
660,245.83145141601562,178.67218017578125,23.4820556640625,55.576629638671875,1.781497758202022e-06
660,292.15777587890625,178.14273071289062,26.90008544921875,63.714752197265625,0.00613888306543231
660,328.4465026855469,175.3751220703125,30.2484130859375,69.17477416992188,9.921544915414415e-06
660,373.2099914550781,176.8699493408203,24.3883056640625,59.7806396484375,0.002906177658587694
660,317.67437744140625,132.12733459472656,127.4305419921875,280.42608642578125,1.248443095391849e-05
660,380.3316650390625,175.1370391845703,26.20355224609375,62.389434814453125,0.9999920129776001
660,390.0116271972656,178.78236389160156,23.87554931640625,53.814453125,0.00041287383646704257
660,398.5914001464844,179.27789306640625,21.20062255859375,50.525543212890625,1.2170706895631156e-06
660,0.0,183.11695861816406,13.976297378540039,51.161529541015625,2.6112334126082715e-06
660,207.41558837890625,183.5578155517578,26.25225830078125,62.028656005859375,7.72166094975546e-05
660,169.5561981201172,160.03648376464844,123.45606994628906,268.0855712890625,2.664302428456722e-06
660,225.30227661132812,177.0582733154297,31.416351318359375,74.8770751953125,0.9999991655349731
660,238.10357666015625,183.1175079345703,24.869720458984375,55.049468994140625,1.359712132398272e-05
660,233.6932373046875,168.10726928710938,36.44610595703125,89.43695068359375,4.445506874617422e-06
660,300.9078369140625,179.78387451171875,27.20611572265625,65.388916015625,0.9999275207519531
660,288.95849609375,152.73074340820312,46.0556640625,103.10708618164062,4.052332315040985e-06
660,312.47509765625,182.3206024169922,24.73150634765625,57.92022705078125,0.09557245671749115
660,251.44073486328125,135.17752075195312,121.0924072265625,277.87432861328125,3.9198271224449854e-06
660,318.6214599609375,177.02003479003906,27.4202880859375,65.98727416992188,0.9998183846473694
660,366.3631896972656,157.81741333007812,44.9127197265625,101.38552856445312,3.0497724310407648e-06
660,157.25904846191406,196.06707763671875,22.915771484375,53.4111328125,0.0014746736269444227
660,148.16680908203125,162.54742431640625,47.185546875,97.31884765625,1.0207531886408105e-05
660,99.22022247314453,160.14788818359375,128.63143920898438,268.29901123046875,1.6332298855559202e-06
660,176.19476318359375,160.1967315673828,44.774658203125,106.15922546386719,2.836392241079011e-07
660,196.8470458984375,187.86312866210938,24.553558349609375,58.660797119140625,0.0005723621579818428
660,161.91275024414062,192.7406463623047,26.693023681640625,63.646820068359375,0.9999904632568359
660,175.2240447998047,190.42820739746094,26.338470458984375,63.805023193359375,0.037927478551864624
660,187.68679809570312,189.52655029296875,26.114349365234375,61.68695068359375,0.9999978542327881
660,216.98741149902344,180.00192260742188,29.224639892578125,70.254150390625,8.219749724958092e-05
660,298.1649475097656,196.48187255859375,21.2244873046875,54.14105224609375,1.0998582183674444e-05
660,306.09368896484375,174.15463256835938,35.3209228515625,81.28628540039062,0.0010702824220061302
660,322.5079345703125,196.57281494140625,20.86700439453125,51.76397705078125,2.1445581296575256e-05
690,626.1298217773438,153.86643981933594,14.37017822265625,56.255096435546875,4.989877561456524e-05
690,206.6046905517578,160.38116455078125,37.67144775390625,94.3052978515625,2.5431965696043335e-05
690,617.645751953125,165.40081787109375,22.854248046875,55.23492431640625,4.248718141752761e-06
690,57.60082244873047,188.27841186523438,21.810440063476562,52.76959228515625,0.00047254125820472836
690,81.7454605102539,187.3980255126953,22.528472900390625,54.978179931640625,9.300117380917072e-05
690,88.80862426757812,186.28103637695312,21.911773681640625,51.983612060546875,2.479085378581658e-05
690,552.0941772460938,178.99618530273438,22.801025390625,52.874298095703125,4.782056294061476e-06
690,627.210205078125,175.62014770507812,13.289794921875,51.17919921875,5.419796070782468e-05
690,0.0,191.43099975585938,15.285758972167969,53.96734619140625,0.0001482006482547149
690,14.668127059936523,195.54281616210938,24.63792610168457,56.7843017578125,8.604521326560644e-07
690,50.4076042175293,178.50698852539062,42.77035903930664,105.36923217773438,8.313136277138256e-06
690,74.8756103515625,194.52195739746094,24.115036010742188,55.628387451171875,0.0008895742357708514
690,65.66619873046875,180.4774169921875,41.81474304199219,100.1453857421875,0.0001099633373087272
690,150.83099365234375,152.05435180664062,126.90859985351562,274.480712890625,3.2919056138780434e-06
690,212.0402374267578,189.4307098388672,25.56304931640625,60.93115234375,0.9999822378158569
690,0.0,162.500732421875,27.06197738647461,117.7568359375,5.695655636372976e-05
690,0.0,201.45578002929688,23.2109375,58.64288330078125,0.0033198201563209295
690,7.550119400024414,204.02069091796875,21.729286193847656,51.279022216796875,0.0006997504970058799
690,51.57419204711914,190.45599365234375,30.589519500732422,73.641357421875,0.999894380569458
690,60.7935905456543,195.86351013183594,25.925846099853516,59.373321533203125,0.0035120572429150343
690,78.98149871826172,187.15455627441406,32.068145751953125,77.16444396972656,0.9999939203262329
690,89.66043853759766,193.1963653564453,28.09783935546875,64.73692321777344,0.0014498510863631964
690,204.7596435546875,195.20457458496094,22.84954833984375,56.321075439453125,0.0002202566247433424
690,221.5108642578125,194.73046875,24.298126220703125,57.69775390625,0.0028501658234745264
690,230.5005645751953,196.1836700439453,23.148345947265625,56.004486083984375,1.822780177462846e-05
690,0.0,145.2401123046875,41.35050964355469,223.88909912109375,7.1214622039406095e-06
690,42.31882858276367,193.5438232421875,29.586315155029297,69.45999145507812,0.002950823400169611
690,0.0,219.19969177246094,14.290285110473633,52.58851623535156,0.00023148283071350306
690,0.0,339.1240234375,58.80335998535156,141.3759765625,3.149083340758807e-06
690,611.2850952148438,409.77154541015625,29.21490478515625,70.72845458984375,4.314728357712738e-06
690,600.6539916992188,361.3864440917969,39.84600830078125,119.11355590820312,7.560423455288401e-06
720,191.48126220703125,35.913909912109375,57.3592529296875,133.7215576171875,1.5671143046347424e-05
720,187.20233154296875,0.0,92.76153564453125,226.3291015625,3.5769226087722927e-06
720,625.7702026367188,146.70567321777344,14.72979736328125,59.7474365234375,8.094647455436643e-06
720,438.40966796875,165.32608032226562,25.44232177734375,61.162200927734375,5.892572517041117e-05
720,554.7465209960938,172.0842742919922,21.0655517578125,51.88372802734375,3.593741666918504e-06
720,617.5162353515625,162.7575225830078,21.39794921875,51.101226806640625,2.5552035367581993e-05
720,619.5985717773438,136.915283203125,20.90142822265625,96.70025634765625,4.157871899224119e-06
720,427.4258117675781,171.37939453125,22.8118896484375,54.449859619140625,1.3777799722447526e-05
720,433.98052978515625,176.78323364257812,21.75347900390625,51.96441650390625,0.035528842359781265
720,627.4817504882812,168.91836547851562,13.01824951171875,51.500946044921875,5.985560710541904e-05
720,353.9762268066406,73.70477294921875,145.70330810546875,316.20587158203125,3.6796486710954923e-06
720,446.2491455078125,178.94540405273438,21.94219970703125,53.4356689453125,4.210162387607852e-06
720,470.7096252441406,88.92030334472656,153.74063110351562,311.56231689453125,2.1048297185188858e-06
720,619.6259155273438,425.98162841796875,20.87408447265625,54.51837158203125,2.6708660243457416e-06
720,609.3637084960938,406.409912109375,31.13629150390625,74.090087890625,4.392068603920052e-06
720,598.1314086914062,361.766357421875,42.36859130859375,118.733642578125,9.164820767182391e-06
750,0.0,195.3571319580078,17.334531784057617,58.384368896484375,2.0776965357072186e-06
750,8.340577125549316,208.28440856933594,21.37511444091797,50.81626892089844,0.15355516970157623
750,15.435931205749512,201.9265594482422,23.990345001220703,58.88142395019531,6.282109097810462e-06
750,627.0654296875,193.04710388183594,13.4345703125,57.19476318359375,3.527774606482126e-05
750,21.98381805419922,212.14395141601562,22.1104736328125,51.754608154296875,6.978341116337106e-05
750,142.0863800048828,204.5915069580078,20.667694091796875,50.513519287109375,2.1554328668571543e-06
750,0.03115081787109375,206.94439697265625,26.364578247070312,62.662445068359375,0.00028676658985204995
750,0.0,111.33920288085938,75.06111907958984,305.9539794921875,1.4929451936041005e-05
750,128.1668701171875,202.2178955078125,29.074859619140625,69.999755859375,4.377141067379853e-06
750,49.11845397949219,117.61309814453125,153.25680541992188,306.10302734375,4.565747985907365e-06
750,556.432373046875,169.76226806640625,84.067626953125,233.55010986328125,6.916434358572587e-06
750,476.32080078125,163.6239471435547,97.479736328125,233.7133331298828,2.8137310437159613e-05
750,449.202392578125,154.235595703125,141.16943359375,326.264404296875,2.0913514163112268e-05
750,479.6203308105469,85.81224060058594,160.87966918945312,394.687744140625,4.400634225021349e-06
750,610.5343017578125,409.2933654785156,29.9656982421875,71.20663452148438,1.0735189789556898e-05
750,598.4004516601562,362.3720397949219,42.09954833984375,118.12796020507812,8.32876958156703e-06
780,482.08819580078125,189.92324829101562,20.43353271484375,50.78778076171875,6.950169336050749e-06
780,424.58868408203125,102.88853454589844,151.37176513671875,304.1640625,1.8119492324331077e-06
780,503.8410339355469,183.1122589111328,26.733489990234375,64.67062377929688,0.00012663035886362195
780,0.0,200.99789428710938,14.974041938781738,54.062652587890625,1.1252673175476957e-05
810,146.67518615722656,178.66909790039062,21.571380615234375,52.663726806640625,1.2835598681704141e-05
810,514.4244995117188,178.9542236328125,23.6409912109375,56.698577880859375,2.5168423235299997e-05
810,393.3861999511719,181.32147216796875,21.4498291015625,52.05889892578125,8.899630756786792e-07
810,411.56707763671875,182.47181701660156,21.80535888671875,51.2857666015625,3.538616283549345e-06
810,417.7756042480469,187.11770629882812,20.948486328125,50.539886474609375,4.968372741132043e-05
810,489.2841796875,191.71031188964844,21.1690673828125,50.720672607421875,0.00376469106413424
810,494.7679138183594,186.43858337402344,23.270111083984375,55.71539306640625,1.4060302419238724e-05
810,514.3103637695312,172.6075897216797,34.9195556640625,79.92013549804688,8.037056431930978e-06
810,457.22802734375,120.53593444824219,135.482666015625,291.2745361328125,7.270762125699548e-06
810,506.4822692871094,190.83718872070312,21.762603759765625,53.3201904296875,2.1804326024721377e-06
810,521.2776489257812,187.65322875976562,21.453857421875,50.72265625,0.9906666874885559
810,533.869384765625,186.56729125976562,22.7562255859375,54.0130615234375,2.6229665763821686e-06
810,0.0,200.32461547851562,16.84817886352539,55.531494140625,1.8723299945122562e-05
810,0.0,176.39950561523438,22.615867614746094,96.87136840820312,6.567764103238005e-06
810,526.8427734375,191.33607482910156,22.137451171875,51.9212646484375,0.00022411529789678752
810,610.7425537109375,407.08251953125,29.7574462890625,73.41748046875,4.877057108387817e-06
810,600.4403076171875,359.9679260253906,40.0596923828125,120.53207397460938,2.3051705284160562e-05
840,225.43930053710938,166.5706787109375,21.493988037109375,53.818267822265625,8.407342647842597e-06
840,425.859619140625,170.65818786621094,24.84454345703125,57.628875732421875,0.00031217088690027595
840,603.4894409179688,170.95391845703125,20.8099365234375,51.108428955078125,9.052693712874316e-06
840,590.8017578125,154.03085327148438,46.5982666015625,109.578369140625,5.4920208640396595e-05
840,624.3850708007812,166.93942260742188,16.11492919921875,64.5233154296875,3.836993528238963e-06
840,419.5547790527344,175.7248992919922,22.3040771484375,52.32562255859375,1.6024525393731892e-05
840,447.2527770996094,176.72552490234375,21.6060791015625,51.412139892578125,0.0030791983008384705
840,457.912109375,177.8660888671875,22.48175048828125,52.5093994140625,0.0010593982879072428
840,466.3620300292969,179.81655883789062,22.0050048828125,51.48388671875,0.12306436896324158
840,471.4377746582031,177.80377197265625,26.12750244140625,62.32159423828125,0.00012838847760576755
840,584.4317626953125,174.74375915527344,27.40771484375,64.20849609375,1.1162590453750454e-05
840,594.1624755859375,174.8350830078125,30.5946044921875,72.1058349609375,0.0007836575387045741
840,434.39556884765625,180.56004333496094,21.562255859375,51.3284912109375,0.8906904458999634
840,428.63848876953125,169.7670135498047,33.99365234375,75.74798583984375,1.1795404134318233e-05
840,487.3419189453125,180.87457275390625,21.0037841796875,50.74310302734375,8.516472007613629e-05
840,541.5634765625,184.31527709960938,23.188232421875,53.637237548828125,0.0007295523537322879
840,548.1260986328125,183.57623291015625,25.48046875,60.476470947265625,0.9999730587005615
840,557.968017578125,186.55616760253906,22.4493408203125,50.97003173828125,1.2297047760512214e-05
840,602.9979248046875,173.76931762695312,32.1761474609375,76.66265869140625,0.9999802112579346
840,557.4057006835938,161.1188201904297,83.09429931640625,278.42047119140625,5.251417405816028e-06
840,617.5164184570312,175.00112915039062,22.98358154296875,77.48513793945312,0.0005762947257608175
840,439.2959289550781,184.64865112304688,23.01513671875,54.749237060546875,0.0012515849666669965
840,609.5038452148438,194.40927124023438,22.180908203125,52.87969970703125,5.990345744066872e-05
840,608.7702026367188,164.9716796875,31.72979736328125,121.30740356445312,4.480124516703654e-06
840,539.3529052734375,181.1837615966797,39.1171875,90.89918518066406,6.123503339949821e-07
840,591.5112915039062,138.9514923095703,48.98870849609375,213.8437957763672,2.0317863800300984e-06
870,425.4725036621094,161.2755584716797,23.534912109375,55.5694580078125,8.49567095428938e-06
870,459.1110534667969,163.10464477539062,22.69158935546875,52.36981201171875,4.389209789223969e-05
870,480.4216003417969,162.572509765625,21.29010009765625,51.434814453125,2.320004023204092e-05
870,496.0782470703125,164.6765899658203,23.2396240234375,54.002960205078125,9.493581455899402e-05
870,346.4634704589844,152.7530517578125,34.2626953125,78.22625732421875,2.361829683650285e-05
870,439.2186279296875,166.19235229492188,23.1317138671875,54.941986083984375,3.4137813145207474e-06
870,352.7861022949219,169.12481689453125,21.61529541015625,52.083984375,0.2362368404865265
870,366.7438659667969,166.90945434570312,20.83953857421875,51.1065673828125,1.086163774743909e-05
870,432.5198974609375,170.9197998046875,21.85028076171875,51.32501220703125,9.687825513537973e-05
870,465.7728576660156,172.1454315185547,21.58843994140625,51.035552978515625,0.21467545628547668
870,457.2518005371094,151.33563232421875,37.43621826171875,83.41390991210938,4.832162630918901e-06
870,478.3075256347656,170.9082794189453,26.540283203125,62.4161376953125,0.0001325842458754778
870,487.0792236328125,170.2318572998047,27.38909912109375,63.64898681640625,3.62814826075919e-05
870,501.3239440917969,172.12266540527344,24.691070556640625,58.6231689453125,0.00763763627037406
870,508.3524475097656,167.84088134765625,23.358062744140625,56.507843017578125,0.0003334290813654661
870,492.01104736328125,155.7254638671875,34.605224609375,83.06781005859375,7.191202894318849e-05
870,539.419677734375,172.75172424316406,27.2869873046875,64.32696533203125,0.001106623443774879
870,538.4053344726562,145.8468475341797,43.8321533203125,101.2158203125,9.777979357750155e-06
870,494.26397705078125,145.76902770996094,123.6817626953125,269.41937255859375,6.695742740703281e-06
870,556.8967895507812,176.42039489746094,24.0543212890625,55.449554443359375,0.005670719780027866
870,563.380126953125,173.30612182617188,26.90283203125,62.352935791015625,5.333743501978461e-06
870,357.4017639160156,166.5211639404297,25.41180419921875,60.523040771484375,0.0002829686854965985
870,470.3804931640625,175.0393524169922,24.2371826171875,58.496795654296875,0.01660018227994442
870,548.2688598632812,173.03533935546875,27.7716064453125,66.03497314453125,0.9997425675392151
870,601.7506713867188,361.2237854003906,38.74932861328125,119.27621459960938,5.4840520533616655e-06
900,624.6234130859375,154.21421813964844,15.8765869140625,54.531829833984375,6.0007521824445575e-05
900,615.4249877929688,159.9241943359375,25.07501220703125,61.041351318359375,0.00018699390057008713
900,379.3327941894531,166.55850219726562,21.61480712890625,52.04803466796875,7.919717063487042e-06
900,397.131591796875,160.74172973632812,26.31011962890625,61.521728515625,5.609021513919288e-07
900,573.5772705078125,111.45469665527344,66.9227294921875,286.83428955078125,1.4668477888335474e-05
900,385.29547119140625,168.77072143554688,22.659423828125,53.732391357421875,8.709060057299212e-05
900,599.5256958007812,163.12367248535156,32.4461669921875,75.03570556640625,0.0012225256068632007
900,370.836669921875,172.93907165527344,20.962158203125,51.660797119140625,7.400519734801492e-07
900,391.68450927734375,169.2663116455078,24.49383544921875,58.936859130859375,0.0001053078958648257
900,589.55859375,163.8449249267578,30.1593017578125,68.28347778320312,1.0545772056502756e-05
900,610.4425659179688,171.40863037109375,22.4490966796875,52.13323974609375,2.304089503013529e-05
900,625.4966430664062,172.47132873535156,15.00335693359375,53.83135986328125,3.281444878666662e-05
900,609.5726318359375,158.23532104492188,30.9273681640625,100.00161743164062,0.9964075684547424
900,626.7503662109375,191.80247497558594,13.7496337890625,53.1409912109375,3.1311874408856966e-06
900,594.894287109375,127.96512603759766,45.605712890625,190.11929321289062,0.00033625640207901597
900,621.6751098632812,182.28948974609375,18.82489013671875,80.37075805664062,0.0004124558763578534
900,614.6629638671875,183.91802978515625,25.8370361328125,113.35470581054688,5.01834665556089e-06
930,0.0,164.4001007080078,17.686317443847656,50.94061279296875,5.108865661895834e-05
930,48.701629638671875,163.58749389648438,26.520606994628906,63.9400634765625,5.823539140692446e-06
930,0.0,87.74447631835938,62.85633850097656,314.1815185546875,5.32250851392746e-06
930,0.0,160.39430236816406,26.41624641418457,68.69378662109375,2.8957044833077816e-06
930,9.260822296142578,77.78585815429688,113.76387023925781,259.9140930175781,3.5050704809691524e-06
960,355.2288818359375,139.23085021972656,22.393798828125,52.44635009765625,5.594625690719113e-06
960,366.1752014160156,143.84654235839844,21.5897216796875,51.4793701171875,3.716819628607482e-05
960,374.86737060546875,147.41387939453125,23.64398193359375,56.733795166015625,7.830704817024525e-06
960,360.6061706542969,151.82423400878906,22.48919677734375,53.143157958984375,8.310466364491731e-05
990,483.7885437011719,138.8424530029297,31.430755615234375,76.21530151367188,0.9999263286590576
990,591.793701171875,36.315181732177734,22.91845703125,53.771732330322266,0.016986997798085213
990,492.7052917480469,126.96040344238281,40.925018310546875,99.73382568359375,0.0020537669770419598
990,589.9788208007812,184.5640106201172,50.52117919921875,157.93446350097656,0.0011966900201514363
990,481.5419006347656,144.4904327392578,24.30987548828125,57.291229248046875,0.01049119420349598
990,492.8912658691406,135.34104919433594,27.259429931640625,63.11920166015625,0.001128600793890655
990,509.28765869140625,129.8583526611328,28.60009765625,68.34014892578125,3.0299981517600827e-05
990,584.920654296875,34.32296371459961,33.8583984375,82.47068786621094,0.0023260023444890976
990,473.6989440917969,127.849853515625,46.143585205078125,106.60043334960938,0.00017740462499205023
990,609.5964965820312,200.88795471191406,30.90350341796875,123.57963562011719,4.6041652240091935e-05
990,564.4056396484375,151.92514038085938,76.0943603515625,225.11181640625,5.40981964149978e-05
990,0.0,138.63389587402344,14.110461235046387,51.73223876953125,7.280446880031377e-05
990,501.44464111328125,133.1092529296875,27.247802734375,64.095458984375,2.7668618713505566e-05
990,473.1332092285156,133.402099609375,26.61590576171875,62.16552734375,1.651571255933959e-05
990,505.2505187988281,124.38693237304688,42.933624267578125,104.18096923828125,1.0168008884647861e-05
990,352.575927734375,144.6899871826172,21.4620361328125,51.3153076171875,8.839878319122363e-06
990,519.3984985351562,127.74542999267578,21.4466552734375,50.981590270996094,2.2189653464010917e-05
990,530.1506958007812,106.47044372558594,110.34930419921875,333.953369140625,1.4592882507713512e-05
990,489.90997314453125,153.159423828125,32.28179931640625,74.26101684570312,0.00013780409062746912
990,8.393193244934082,132.4130859375,21.398025512695312,53.175262451171875,6.837942055426538e-05
990,376.9394836425781,145.5617218017578,21.334716796875,50.99505615234375,1.669462290010415e-05
990,346.76971435546875,133.17645263671875,21.65838623046875,53.428619384765625,4.650859409593977e-06
990,359.389404296875,138.7672882080078,21.1915283203125,51.64666748046875,5.734709247917635e-06
990,0.0,46.84587097167969,61.08088684082031,315.5947265625,9.265328117180616e-06
990,474.4539489746094,154.41403198242188,24.0233154296875,59.984466552734375,0.00014082495181355625
990,618.3986206054688,205.3782196044922,22.10137939453125,85.18531799316406,1.0520241175981937e-06
990,470.30975341796875,147.5465850830078,34.58587646484375,83.47857666015625,2.609587909319089e-06
990,558.3177490234375,146.68618774414062,63.4736328125,158.46182250976562,2.5013919184857514e-06
990,608.2840576171875,37.26686477661133,20.6195068359375,51.70359420776367,7.624924364790786e-06
990,384.75933837890625,144.31121826171875,22.20074462890625,52.23065185546875,2.8140584618085995e-06
1020,627.8842163085938,115.26667785644531,12.61578369140625,51.985931396484375,3.649095333457808e-06
1020,345.46514892578125,134.39044189453125,21.75323486328125,54.19976806640625,5.417386546469061e-06
1020,353.2351989746094,132.9432373046875,22.40374755859375,55.58734130859375,1.569127562106587e-06
1020,0.0,137.6643829345703,14.98807430267334,55.463958740234375,6.536109594890149e-06
1020,326.1771240234375,134.74168395996094,27.87042236328125,65.9434814453125,6.008522541378625e-05
1020,251.04812622070312,28.203643798828125,147.08367919921875,320.9803771972656,1.1681499927362893e-05
1020,416.8401184082031,142.55215454101562,21.78802490234375,50.765045166015625,2.8206575279909885e-06
1020,316.2410888671875,146.89892578125,21.5667724609375,52.188629150390625,3.3351054753438802e-06
1020,322.8561096191406,144.56011962890625,20.97296142578125,50.546356201171875,0.000526930671185255
1020,338.82147216796875,145.8845977783203,21.13226318359375,50.813995361328125,2.619531869640923e-06
1050,0.0,124.38796997070312,16.972827911376953,58.8509521484375,3.0129400329315104e-05
1050,288.3642272949219,135.7730712890625,21.86895751953125,54.272430419921875,9.552880510454997e-05
1050,1.8886480331420898,138.80990600585938,21.9080810546875,51.34222412109375,0.37669581174850464
1050,312.9800720214844,140.8494873046875,21.15191650390625,50.50360107421875,0.0012217351468279958
1050,363.0194396972656,137.26394653320312,21.20526123046875,51.09765625,1.6711810530978255e-05
1050,374.8576965332031,137.9909210205078,21.02728271484375,50.858673095703125,8.23678492452018e-05
1050,609.0855712890625,130.82261657714844,21.0487060546875,50.7940673828125,1.5211495338007808e-05
1050,617.5965576171875,130.70217895507812,22.4298095703125,53.104248046875,4.274106231605401e-06
1050,236.646240234375,64.20193481445312,146.5294189453125,313.87847900390625,2.791264932966442e-06
1050,320.93377685546875,139.5709686279297,21.684814453125,51.571441650390625,0.00020507922454271466
1050,328.95330810546875,141.097412109375,21.19232177734375,50.75994873046875,0.00013670108455698937
1050,335.3738708496094,138.57940673828125,21.64337158203125,51.921722412109375,1.2672121556533966e-05
1050,600.8007202148438,137.6438751220703,21.1376953125,51.218017578125,7.793188160576392e-06
1050,627.253173828125,137.8625946044922,13.246826171875,52.053497314453125,4.89349513372872e-05
1050,0.0,118.33438110351562,25.831939697265625,91.1239013671875,9.522715117782354e-06
1050,0.0,71.0535888671875,60.746856689453125,305.5058898925781,1.4003470823809039e-05
1050,0.0,146.26443481445312,16.325227737426758,55.228729248046875,6.986457447055727e-05
1050,623.0389404296875,139.0437469482422,17.4610595703125,76.45614624023438,9.65021172305569e-06
1050,587.333984375,142.74366760253906,53.166015625,244.04405212402344,9.518446859146934e-06
1050,521.1572265625,148.24090576171875,94.5897216796875,237.24517822265625,8.822007657727227e-06
1050,542.396484375,186.7013702392578,92.091064453125,237.3198699951172,5.575237992161419e-06
1050,614.9452514648438,267.8520812988281,25.55474853515625,109.647216796875,2.7540195333131123e-06
1050,560.10009765625,233.91232299804688,66.9344482421875,160.85882568359375,3.428829131735256e-06
1050,574.9967041015625,217.35812377929688,65.5032958984375,229.224365234375,9.264030813938007e-05
1050,596.7095336914062,239.8466796875,43.79046630859375,160.62115478515625,8.419908226642292e-06
1050,601.5811767578125,357.1944580078125,38.9188232421875,123.3055419921875,4.499247097555781e-06
1080,0.0,141.8098602294922,16.335790634155273,54.361968994140625,1.973634607566055e-05
1080,2.5510129928588867,149.22779846191406,21.472442626953125,50.558319091796875,0.0012444390449672937
1080,200.12071228027344,149.12631225585938,21.02996826171875,52.1309814453125,5.471493204822764e-05
1080,215.86959838867188,148.7856903076172,26.920135498046875,62.68963623046875,2.7113715987070464e-05
1080,224.9967803955078,151.8856658935547,22.1519775390625,52.905792236328125,0.0027021884452551603
1080,282.28631591796875,152.1589813232422,22.20111083984375,52.094512939453125,0.1088271513581276
1080,591.734130859375,145.74005126953125,21.6832275390625,52.33172607421875,8.312884165206924e-05
1080,600.8912353515625,146.24673461914062,21.19140625,51.04412841796875,9.079046321858186e-06
1080,609.0654296875,146.68722534179688,20.7657470703125,51.404937744140625,1.0506064427318051e-06
1080,617.3868408203125,146.90516662597656,20.9356689453125,50.570831298828125,6.90347224008292e-06
1080,0.0,75.15530395507812,57.79220962524414,311.0299072265625,2.0460218365769833e-05
1080,4.736745834350586,147.21302795410156,27.921977996826172,66.97174072265625,1.4920314242772292e-05
1080,150.21597290039062,70.39199829101562,138.85586547851562,310.00421142578125,1.1292069757473655e-05
1080,228.71884155273438,151.98348999023438,27.185638427734375,63.54058837890625,3.990582627011463e-05
1080,293.0338134765625,151.96217346191406,22.87030029296875,53.0975341796875,1.7481306713307276e-05
1080,584.6431274414062,151.58157348632812,21.377197265625,51.51776123046875,9.13475378183648e-05
1080,627.2271728515625,154.36004638671875,13.2728271484375,50.660980224609375,2.297624814673327e-05
1080,277.0003967285156,158.23147583007812,21.0296630859375,50.657073974609375,2.4123652110574767e-05
1080,194.28042602539062,156.77235412597656,22.488067626953125,53.407501220703125,2.965046633107704e-06
1080,590.3728637695312,232.36813354492188,50.12713623046875,239.73748779296875,4.336993697506841e-06
1080,599.4158935546875,358.8375244140625,41.0841064453125,121.6624755859375,8.740258635953069e-06
1110,627.7154541015625,139.8760528564453,12.7845458984375,51.851898193359375,3.3740892831701785e-05
1110,216.36825561523438,156.83050537109375,21.67681884765625,50.9652099609375,9.810745723370928e-06
1110,238.08340454101562,159.95306396484375,21.411285400390625,51.986663818359375,0.0002778775233309716
1110,559.0120849609375,146.07791137695312,23.294677734375,55.6231689453125,5.4931628255872056e-05
1110,592.8040161132812,144.9000701904297,21.3824462890625,51.187713623046875,5.465767117129872e-06
1110,600.1446533203125,144.34060668945312,21.2723388671875,51.783172607421875,5.561229500017362e-06
1110,553.279296875,153.08888244628906,21.4158935546875,50.978790283203125,1.90195205505006e-05
1110,567.9072875976562,153.2606201171875,21.59912109375,51.126800537109375,2.1184139768593013e-05
1110,614.1853637695312,143.28855895996094,26.31463623046875,74.03790283203125,5.270443125482416e-06
1110,625.582275390625,151.86553955078125,14.917724609375,59.33111572265625,9.098025475395843e-05
1110,145.88623046875,122.26011657714844,129.17312622070312,278.6885986328125,7.1634899541095365e-06
1110,225.6514434814453,160.27761840820312,22.472808837890625,52.9637451171875,4.463341974769719e-05
1110,209.06716918945312,159.44699096679688,25.589324951171875,60.559417724609375,0.9999580383300781
1110,204.00430297851562,168.58030700683594,22.19244384765625,51.857696533203125,7.11596339897369e-06
1110,626.96142578125,175.4707489013672,13.53857421875,50.724639892578125,4.424161033966811e-06
1110,0.0,339.74798583984375,58.8901252746582,140.75201416015625,6.165704689919949e-06
1110,610.88134765625,404.5227966308594,29.61865234375,75.97720336914062,8.566949873056728e-06
1110,599.702880859375,362.7618408203125,40.797119140625,117.7381591796875,1.311629603151232e-05
1110,580.2399291992188,313.697265625,60.26007080078125,166.802734375,2.975067900479189e-06
1140,233.55014038085938,159.9346923828125,22.21539306640625,53.208343505859375,0.003783692140132189
1140,273.5186462402344,154.2086181640625,25.30487060546875,60.14404296875,1.6628982848487794e-05
1140,285.7993469238281,162.68588256835938,22.7080078125,53.32977294921875,8.310861630889121e-06
1140,618.1536865234375,156.1162109375,22.3463134765625,54.283782958984375,9.250388757209294e-06
1140,158.56845092773438,75.60017395019531,146.32708740234375,297.5906982421875,8.028720912989229e-06
1140,520.6326904296875,163.3413848876953,23.7236328125,55.906707763671875,6.199182280397508e-06
1140,528.60693359375,162.8686065673828,23.9390869140625,56.716400146484375,5.782763037132099e-05
1140,535.781005859375,159.54542541503906,24.228759765625,56.274322509765625,7.360734161920846e-05
1140,543.8291015625,160.5599822998047,23.5347900390625,55.279022216796875,0.00012187160609755665
1140,552.9234619140625,161.79598999023438,21.161865234375,50.883087158203125,8.342290129803587e-06
1140,560.3694458007812,160.50772094726562,21.22119140625,50.82098388671875,5.357883310352918e-06
1140,209.38119506835938,172.3245391845703,20.51214599609375,50.699615478515625,1.1204228940187022e-06
1140,265.3026123046875,166.79425048828125,21.5789794921875,51.401123046875,8.18489643279463e-05
1140,280.3326721191406,169.08407592773438,21.568359375,50.64691162109375,0.016273636370897293
1140,272.9507751464844,152.71713256835938,38.20147705078125,81.83505249023438,8.60805926095054e-07
1140,207.81793212890625,94.94499206542969,138.90625,288.991943359375,1.0107159141625743e-05
1140,609.090087890625,169.0857391357422,23.6236572265625,54.935577392578125,6.762443263141904e-06
1140,626.3438110351562,164.91024780273438,14.15618896484375,56.537567138671875,3.990849290858023e-05
1140,0.0,178.2308807373047,16.933250427246094,50.767059326171875,7.175392238423228e-05
1140,0.0,93.56352233886719,64.17552185058594,318.95806884765625,6.85200393490959e-06
1140,192.3726348876953,177.51089477539062,21.292999267578125,50.6304931640625,0.9997819066047668
1140,185.543701171875,160.3248291015625,35.533905029296875,81.39361572265625,3.3038111723726615e-05
1140,129.9991455078125,110.47921752929688,129.21310424804688,281.3097839355469,9.549061360303313e-06
1140,227.61782836914062,169.38897705078125,21.463653564453125,52.086151123046875,1.0647647286532447e-05
1140,240.23580932617188,168.9082794189453,21.0015869140625,52.0615234375,1.6254596630460583e-05
1140,198.03973388671875,176.67344665527344,22.962310791015625,57.39892578125,9.002644219435751e-05
1170,602.0464477539062,166.54922485351562,25.48095703125,60.15618896484375,1.2761501238855999e-05
1170,613.967529296875,167.07864379882812,25.37353515625,59.800811767578125,8.23644131742185e-06
1170,626.6622314453125,166.1979522705078,13.8377685546875,51.82763671875,5.908762432227377e-06
1170,0.0,170.490478515625,14.762565612792969,52.3270263671875,2.5587580694264034e-06
1170,156.8520965576172,177.0430908203125,23.688385009765625,55.581756591796875,2.954931369458791e-05
1170,336.18634033203125,167.65447998046875,24.15380859375,55.391448974609375,0.0027864284347742796
1170,360.4320068359375,169.0330047607422,23.5362548828125,55.71307373046875,5.594358754024142e-06
1170,392.953857421875,171.12091064453125,20.95196533203125,50.543853759765625,2.5540048227412626e-05
1170,608.4630126953125,179.05287170410156,22.3287353515625,52.9898681640625,0.000626994064077735
1170,344.75701904296875,174.05435180664062,20.60162353515625,50.64532470703125,1.3648585763803567e-06
1170,600.4124755859375,162.25502014160156,37.6956787109375,85.44796752929688,4.173970410192851e-06
1170,151.66830444335938,184.07119750976562,21.683197021484375,51.1826171875,0.9960182309150696
1170,145.52960205078125,167.71221923828125,36.724609375,81.544189453125,3.266851126682013e-05
1170,85.45773315429688,113.8868408203125,137.53298950195312,283.97845458984375,3.0321432404889492e-06
1170,536.182373046875,104.70187377929688,104.317626953125,291.8857116699219,7.287873813766055e-06
1170,626.8429565429688,186.5109405517578,13.65704345703125,50.961334228515625,9.000155114335939e-05
1170,615.0681762695312,188.53599548339844,21.91259765625,53.318328857421875,0.00010424294305266812
1170,147.29164123535156,192.50015258789062,20.540985107421875,50.528961181640625,0.00026435250765644014
1200,101.98130798339844,168.59483337402344,31.0904541015625,74.28421020507812,0.0005846415879204869
1200,100.52376556396484,182.3268585205078,22.106124877929688,52.58270263671875,1.664821320446208e-05
1200,351.7320556640625,176.95709228515625,23.39501953125,54.092681884765625,1.3539229257730767e-05
1200,360.0079040527344,175.82215881347656,23.22039794921875,55.0419921875,1.6825848433654755e-05
1200,368.1003112792969,175.2759246826172,23.4273681640625,54.5924072265625,2.190114901168272e-05
1200,106.99068450927734,188.4485321044922,21.956214904785156,52.319488525390625,0.9902322292327881
1200,40.70637512207031,107.94087219238281,133.6705780029297,303.47900390625,2.9614491268148413e-06
1200,115.73128509521484,185.4150390625,22.98516082763672,54.2188720703125,0.000283449306152761
1200,184.43841552734375,184.33651733398438,21.138458251953125,51.3717041015625,2.608137219795026e-05
1200,609.4273681640625,189.37841796875,21.9111328125,52.011932373046875,1.2924846259920741e-06
1200,616.72705078125,187.7372283935547,23.755859375,53.538360595703125,7.913381523394492e-07
1200,627.2696533203125,190.92576599121094,13.2303466796875,56.818450927734375,1.728323331917636e-05
1230,442.544921875,181.78369140625,21.610107421875,50.823577880859375,4.36021109635476e-05
1230,627.9795532226562,173.76194763183594,12.52044677734375,50.689422607421875,5.941377366980305e-06
1230,0.0,178.89988708496094,13.152242660522461,51.487335205078125,8.518517461197916e-06
1230,435.80120849609375,184.1954345703125,20.95465087890625,50.7628173828125,9.485707778367214e-06
1230,454.56488037109375,186.06944274902344,20.85467529296875,50.633880615234375,1.0337569619878195e-05
1230,0.0,159.75790405273438,21.963253021240234,99.43374633789062,9.459176908421796e-06
1230,136.96170043945312,183.526123046875,22.574981689453125,53.24609375,6.528782978421077e-05
1230,169.54908752441406,183.8251495361328,22.112579345703125,52.23175048828125,2.574393192844582e-06
1230,233.19552612304688,183.82647705078125,22.866546630859375,53.49249267578125,3.6950568755855784e-05
1230,626.5257568359375,187.0356903076172,13.9742431640625,56.4727783203125,2.1313035176717676e-05
1230,0.0,190.90811157226562,15.95113754272461,58.30731201171875,8.819780487101525e-05
1230,8.453600883483887,194.5004119873047,21.138351440429688,51.213226318359375,7.392960105789825e-05
1230,16.19949722290039,194.59317016601562,21.10124969482422,51.054046630859375,4.807842924492434e-05
1230,24.68914794921875,193.46014404296875,20.987754821777344,51.557281494140625,1.0207074410573114e-05
1230,144.7691650390625,190.85015869140625,21.157684326171875,50.8179931640625,1.3435806067718659e-06
1230,153.07142639160156,189.05245971679688,21.1597900390625,51.693572998046875,2.9246564281493193e-06
1230,209.03053283691406,189.7407684326172,20.760772705078125,50.796783447265625,1.2230663742229808e-05
1230,224.88748168945312,186.8769073486328,24.695648193359375,57.575958251953125,1.884061930468306e-05
1230,238.0860595703125,186.77696228027344,25.3231201171875,59.782623291015625,1.9225773939979263e-05
1230,562.0792846679688,189.72549438476562,21.5777587890625,51.17047119140625,6.964772182982415e-05
1230,449.02532958984375,191.9027557373047,21.25537109375,50.6810302734375,6.06372304901015e-05
1260,627.4065551757812,177.9297332763672,13.09344482421875,51.503662109375,9.140431757259648e-06
1260,449.37579345703125,185.2967071533203,22.81378173828125,53.2581787109375,8.520808478351682e-06
1260,138.9051055908203,190.27679443359375,21.42913818359375,51.234100341796875,6.959168240427971e-05
1260,88.40645599365234,196.01858520507812,23.748825073242188,57.56439208984375,1.1290272595942952e-05
1260,95.96737670898438,197.92041015625,23.523681640625,57.066650390625,2.1699301214539446e-05
1290,362.5807800292969,173.1767578125,21.55865478515625,51.07281494140625,1.4197100881574443e-06
1290,441.9817810058594,182.9387664794922,22.22540283203125,51.635833740234375,0.000156604393851012
1290,627.8633422851562,170.73541259765625,12.63665771484375,51.13519287109375,5.071306532045128e-06
1290,1.4442033767700195,189.017578125,22.519397735595703,55.07061767578125,0.002070134039968252
1290,107.95365142822266,190.8528289794922,21.789161682128906,50.804779052734375,0.4360854923725128
1290,336.8984069824219,180.7034912109375,22.0435791015625,51.190216064453125,8.423899998888373e-05
1290,224.46197509765625,182.000244140625,23.125213623046875,55.12030029296875,2.3444692487828434e-05
1290,232.24765014648438,180.48269653320312,22.1090087890625,52.63726806640625,5.038333620177582e-05
1290,312.516357421875,183.57785034179688,23.39447021484375,57.04742431640625,1.1355094102327712e-05
1290,320.1355895996094,182.87173461914062,23.26068115234375,56.08905029296875,3.0140898161334917e-05
1290,328.9378356933594,182.89639282226562,22.93487548828125,53.76055908203125,1.860703014244791e-05
1290,344.6033630371094,185.49667358398438,21.55419921875,52.64239501953125,1.4820217302258243e-06
1290,354.4955749511719,183.77511596679688,21.8343505859375,52.49945068359375,2.8874674171674997e-06
1290,368.0019836425781,180.290771484375,21.86077880859375,51.60809326171875,5.600172244157875e-06
1290,371.5478515625,113.35501098632812,143.51507568359375,288.68603515625,3.858842774207005e-06
1290,0.0,124.85369873046875,61.759437561035156,306.0887451171875,6.525820481328992e-06
1290,104.58600616455078,177.287841796875,37.262413024902344,83.5001220703125,1.2589644029503688e-05
1290,40.250640869140625,122.88375854492188,137.98533630371094,289.06011962890625,7.1347794801113196e-06
1290,116.50706481933594,192.74578857421875,21.026931762695312,50.7763671875,0.43782269954681396
1290,437.04656982421875,190.1591339111328,21.741455078125,51.920013427734375,1.0172121619689278e-05
1290,4.993711471557617,193.50604248046875,27.596965789794922,64.44418334960938,1.928133497131057e-05
1290,448.8316955566406,187.68104553222656,22.553955078125,54.132537841796875,6.589536496903747e-05
1290,455.8464660644531,190.46084594726562,22.53070068359375,54.13067626953125,1.1927160812774673e-05
1290,0.0,200.28884887695312,16.902145385742188,52.735931396484375,5.992454589431873e-06
1320,265.6080017089844,178.66586303710938,20.88836669921875,50.522216796875,2.2178101062308997e-05
1320,288.1590881347656,177.67189025878906,22.829833984375,52.49505615234375,1.5081307537911925e-05
1320,272.1886291503906,183.75584411621094,23.91058349609375,56.6025390625,1.5072380847414024e-05
1320,280.85614013671875,183.30116271972656,21.46356201171875,51.35772705078125,3.901581294485368e-05
1320,328.4452209472656,184.2955780029297,22.9154052734375,54.970062255859375,5.330612475518137e-05
1320,423.7707824707031,185.10671997070312,23.23931884765625,53.909912109375,2.4334285626537167e-05
1320,320.3561096191406,189.91604614257812,23.75830078125,54.521453857421875,1.5479532521567307e-05
1320,334.9644470214844,188.3616180419922,23.9459228515625,55.108154296875,5.772459644504124e-06
1320,83.57350158691406,196.57119750976562,21.199386596679688,51.508636474609375,1.2606789823621511e-05
1350,432.68878173828125,168.19952392578125,20.9447021484375,51.823699951171875,5.967777724436019e-06
1350,167.33360290527344,174.964111328125,23.513214111328125,56.0784912109375,7.3830055953294504e-06
1350,174.9473114013672,175.85980224609375,23.20379638671875,55.94390869140625,4.682064627559157e-06
1350,272.63140869140625,176.76014709472656,22.8131103515625,54.594696044921875,5.311124823492719e-06
1350,289.6247253417969,180.83090209960938,21.93218994140625,52.04437255859375,2.301067615917418e-05
1350,281.1315002441406,183.2810516357422,22.64654541015625,54.969970703125,8.915531907405239e-06
1350,296.9783935546875,186.36151123046875,22.17425537109375,53.143310546875,5.233828687778441e-06
1350,304.5818786621094,186.28799438476562,22.5565185546875,53.40069580078125,2.110861532855779e-05
1350,311.9307861328125,186.80921936035156,22.5389404296875,52.8953857421875,2.3762747787259286e-06
1350,617.394775390625,201.86959838867188,21.103515625,51.403564453125,3.5457676403893856e-06
1350,627.3955078125,203.10430908203125,13.1044921875,51.596923828125,1.4191499758453574e-05
1380,623.4735717773438,181.2115936279297,17.02642822265625,74.99319458007812,3.870503860525787e-06
1380,627.8351440429688,203.56356811523438,12.66485595703125,50.6055908203125,7.876709423726425e-05
1380,628.0454711914062,223.1814422607422,12.45452880859375,51.34205627441406,6.524488526338246e-06
1410,272.2669677734375,159.28964233398438,21.47918701171875,51.308441162109375,1.772282485035248e-05
1410,287.1665954589844,157.5716094970703,26.40875244140625,59.506591796875,3.3618143788771704e-06
1410,311.1908264160156,158.98675537109375,22.4097900390625,54.78515625,1.4594720596505795e-05
1410,627.0709838867188,162.0553741455078,13.42901611328125,52.75848388671875,6.846438736829441e-06
1410,257.7996520996094,166.27391052246094,20.98052978515625,51.2364501953125,2.5245569759135833e-06
1410,262.9707336425781,164.34315490722656,25.97216796875,59.23870849609375,1.0166040738113225e-05
1410,279.33880615234375,160.60299682617188,26.52587890625,60.95037841796875,5.574541773967212e-06
1410,302.819580078125,163.16542053222656,26.58087158203125,60.95587158203125,6.01753845330677e-06
1410,6.842876434326172,187.80538940429688,21.700580596923828,52.712066650390625,0.00023831549333408475
1410,294.81646728515625,146.09617614746094,37.5997314453125,93.24581909179688,1.4830098962193006e-06
1410,309.1560974121094,169.3712158203125,27.69488525390625,63.091156005859375,6.585478695342317e-05
1410,0.0,102.888916015625,45.50114059448242,236.01882934570312,1.477024761697976e-05
1410,596.4515991210938,95.91217803955078,44.04840087890625,243.79254150390625,1.738531318551395e-05
1410,0.0,193.75804138183594,17.54150390625,51.05474853515625,0.059520214796066284
1410,0.0,174.90365600585938,23.949113845825195,85.807861328125,7.196123988251202e-06
1410,0.0,131.70570373535156,61.12096405029297,300.82427978515625,2.0985336959711276e-05
1440,224.47561645507812,167.55892944335938,23.55670166015625,54.853668212890625,1.009263451123843e-05
1440,232.4069061279297,173.14669799804688,20.971710205078125,51.53424072265625,1.4980323612689972e-05
1440,627.4017944335938,181.703125,13.09820556640625,50.82635498046875,4.24751742684748e-05
1440,104.91846466064453,184.62777709960938,21.039596557617188,51.170654296875,8.48974596010521e-05
1440,113.47061157226562,184.21588134765625,21.134323120117188,52.42816162109375,2.4156846848200075e-05
1440,121.79541778564453,184.78334045410156,20.858543395996094,51.7760009765625,2.3534321371698752e-05
1440,129.51426696777344,185.33709716796875,21.37158203125,51.718292236328125,2.767896330624353e-05
1440,136.81414794921875,186.0821533203125,21.7637939453125,52.73333740234375,2.1536907297559083e-05
1440,144.51446533203125,186.39955139160156,21.404449462890625,52.634857177734375,1.0048629519587848e-05
1440,617.5594482421875,186.8227996826172,22.5052490234375,53.361236572265625,1.651960519666318e-05
1440,627.0398559570312,195.8131103515625,13.46014404296875,58.20697021484375,4.560451998258941e-06
1470,0.0,176.70388793945312,14.947360038757324,54.13922119140625,4.18970330429147e-06
1500,616.5254516601562,180.55072021484375,23.4315185546875,54.441864013671875,5.708931439585285e-06
1500,0.0,189.87164306640625,15.862542152404785,51.1920166015625,8.053748751990497e-05
1500,627.0265502929688,185.9578094482422,13.47344970703125,56.9119873046875,1.4230789020075463e-05
1500,0.0,109.45791625976562,64.87798309326172,318.09625244140625,6.038618266757112e-06
1530,0.0,183.424560546875,63.647621154785156,214.86578369140625,0.7519127726554871
1530,0.0,164.82919311523438,51.03416442871094,160.72164916992188,0.048714473843574524
1530,0.0,167.47674560546875,34.44474411010742,111.60125732421875,0.000411045562941581
1530,626.9315185546875,185.69424438476562,13.5684814453125,50.99591064453125,0.0002734714944381267
1530,0.0,231.56903076171875,42.01408386230469,179.8470458984375,0.0009331754990853369
1530,9.333765029907227,171.88397216796875,34.939918518066406,84.35757446289062,7.411403930746019e-05
1530,0.0,260.07672119140625,59.45559310913086,220.42327880859375,0.00013300945283845067
1530,21.716419219970703,176.23805236816406,24.49571990966797,61.78326416015625,0.00019101832003798336
1530,0.0,183.23501586914062,22.092405319213867,72.05233764648438,0.00027437752578407526
1530,0.0,318.3976745605469,37.044857025146484,160.3905029296875,7.917956099845469e-05
1530,9.138416290283203,169.6603240966797,71.89836120605469,169.1359405517578,1.563779187563341e-05
1530,16.115249633789062,185.11126708984375,23.478046417236328,56.4588623046875,0.000269119453150779
1530,616.8682250976562,179.29481506347656,23.63177490234375,54.44610595703125,8.039982640184462e-05
1530,17.20137596130371,168.3828125,22.92386817932129,54.46051025390625,0.00011514970537973568
1530,7.631933212280273,179.3662567138672,24.971683502197266,58.416168212890625,2.567142109910492e-05
1530,0.0,139.9152069091797,25.562740325927734,108.65109252929688,2.1704518076148815e-05
1530,449.3520812988281,184.44618225097656,20.98114013671875,50.837615966796875,7.714317689533345e-06
1530,14.171189308166504,199.21461486816406,28.50948715209961,75.79887390136719,5.691616388503462e-05
1530,0.0,204.69525146484375,26.448680877685547,95.10073852539062,2.4335560738109052e-05
1530,0.0,232.38279724121094,29.236454010009766,101.72862243652344,1.2510676242527552e-05
1530,6.967435836791992,228.17913818359375,47.049232482910156,111.432373046875,6.387637313309824e-06
1530,609.6434326171875,185.35092163085938,23.4356689453125,53.7672119140625,1.035833247442497e-05
1530,21.608016967773438,189.4639434814453,28.56946563720703,72.76945495605469,3.5219258279539645e-05
1530,0.0,174.98275756835938,15.918181419372559,56.2606201171875,2.0437985313037643e-06
1530,13.567679405212402,239.45037841796875,30.53689193725586,78.31622314453125,8.723668543098029e-07
1530,0.0,146.8173065185547,91.30252838134766,328.07415771484375,4.9579612095840275e-06
1530,0.0,205.5065460205078,17.15936851501465,58.27745056152344,4.865456958214054e-06
1530,6.354127883911133,252.69236755371094,29.730833053588867,75.05238342285156,3.7059205624245806e-06
1530,0.0,403.2273864746094,36.51136016845703,77.27261352539062,1.003815032163402e-05
1530,617.5894165039062,197.4882049560547,21.28759765625,50.77435302734375,3.3240773973375326e-06
1560,124.90848541259766,147.37954711914062,138.57864379882812,333.1204528808594,0.999366819858551
1560,386.6513977050781,182.28021240234375,22.4774169921875,53.289520263671875,0.9967034459114075
1560,6.779960632324219,118.11085510253906,165.16439819335938,362.38916015625,0.9942130446434021
1560,69.13968658447266,96.44624328613281,151.689453125,367.8843994140625,0.8028947114944458
1560,162.58355712890625,114.45497131347656,106.84002685546875,264.2567138671875,0.20192845165729523
1560,139.2139434814453,102.3596420288086,98.29611206054688,239.55670166015625,0.20051704347133636
1590,389.08941650390625,132.45616149902344,141.39544677734375,347.9947509765625,0.9999884366989136
1590,250.0706787109375,155.5362548828125,156.24029541015625,324.9637451171875,0.9999796152114868
1590,358.93798828125,100.96699523925781,134.87353515625,326.4459228515625,0.1899770200252533
1590,346.60162353515625,135.25811767578125,99.5250244140625,240.9320068359375,0.9986531734466553
1590,298.04766845703125,106.6240234375,137.5848388671875,334.278564453125,0.14314430952072144
1590,218.99224853515625,95.49880981445312,145.70361328125,348.87896728515625,0.015135844238102436
1590,405.42169189453125,125.73931121826172,101.5594482421875,245.314697265625,0.033955492079257965
1620,497.06414794921875,151.5000762939453,143.43585205078125,328.99993896484375,0.9998158812522888
1620,393.3399658203125,181.57760620117188,23.6602783203125,56.223602294921875,0.9998326301574707
1620,558.6271362304688,142.41400146484375,81.87286376953125,243.988525390625,0.07189906388521194
1620,549.1062622070312,239.98336791992188,91.39373779296875,240.51663208007812,0.0007786756614223123
1620,388.16546630859375,188.06703186035156,21.67645263671875,51.3173828125,0.019221847876906395
1620,463.8453369140625,115.43699645996094,137.648681640625,331.116455078125,0.006783853285014629
1620,586.2936401367188,130.93960571289062,54.20635986328125,158.02130126953125,0.004275846760720015
1620,509.60650634765625,253.43133544921875,102.8653564453125,227.06866455078125,0.004845524672418833
1650,249.44076538085938,183.30374145507812,21.66259765625,51.1993408203125,3.752191332750954e-05
1650,616.552978515625,180.66709899902344,23.2564697265625,54.293426513671875,6.184897756611463e-06
1650,243.1143341064453,188.30612182617188,22.039413452148438,52.521209716796875,2.72573197435122e-06
1650,393.55010986328125,181.77877807617188,23.355224609375,55.7991943359375,0.9998714923858643
1650,387.8308410644531,171.38059997558594,33.779541015625,77.32656860351562,0.000123900143080391
1650,335.9872741699219,138.14776611328125,127.54632568359375,279.1571044921875,6.454617505369242e-06
1650,404.8475341796875,183.52859497070312,22.5018310546875,53.70684814453125,6.296155788731994e-06
1650,627.0462036132812,184.4479217529297,13.45379638671875,56.633270263671875,8.8946844698512e-06
1650,255.76681518554688,193.46017456054688,21.84417724609375,51.440582275390625,1.9510546280798735e-06
1650,386.4961242675781,186.30470275878906,24.18841552734375,57.81231689453125,4.079591599293053e-05
1680,626.9000854492188,174.04510498046875,13.59991455078125,51.3060302734375,6.676817520201439e-06
1680,393.5484619140625,180.68984985351562,23.3453369140625,55.401458740234375,0.9997887015342712
1680,610.7609252929688,183.44505310058594,21.70263671875,52.266021728515625,1.5890333088464104e-05
1680,388.09649658203125,170.1945343017578,33.5533447265625,77.5272216796875,8.154148235917091e-05
1680,334.02630615234375,141.02610778808594,126.030517578125,277.41912841796875,7.43329383112723e-06
1680,405.049072265625,182.2746124267578,22.397705078125,53.51171875,4.259950583218597e-05
1680,441.39056396484375,187.98805236816406,21.8157958984375,51.368377685546875,2.3178125047707e-05
1680,448.464599609375,188.30665588378906,22.49859619140625,51.7244873046875,2.4250883143395185e-05
1680,456.5870056152344,188.76177978515625,22.03948974609375,52.005523681640625,4.7123553486017045e-06
1680,617.8685302734375,189.53314208984375,21.6868896484375,50.749237060546875,3.319437746540643e-05
1680,388.1647644042969,186.71401977539062,21.7601318359375,51.55450439453125,0.033345043659210205
1680,249.47933959960938,196.521240234375,21.8487548828125,51.480621337890625,1.6245850247287308e-06
1680,626.7919921875,197.3278045654297,13.7080078125,55.594696044921875,6.806883175158873e-05
1710,228.20388793945312,179.083740234375,22.999725341796875,54.44366455078125,6.316434883046895e-05
1710,233.4720001220703,189.49197387695312,21.51019287109375,50.929840087890625,0.003469106275588274
1710,393.6188659667969,182.29913330078125,22.31268310546875,53.561492919921875,0.7231748700141907
1710,387.72412109375,172.80548095703125,34.42498779296875,76.78280639648438,3.677879794850014e-05
1710,406.815185546875,183.90023803710938,21.443603515625,51.64288330078125,1.3126532394380774e-05
1710,447.8226013183594,188.41653442382812,22.13372802734375,51.074127197265625,9.542956104269251e-05
1710,455.9637756347656,188.88177490234375,22.13818359375,51.31005859375,7.952533451316413e-06
1710,626.9238891601562,186.21087646484375,13.57611083984375,57.487884521484375,5.063845037511783e-06
1710,241.18765258789062,191.25904846191406,21.791412353515625,51.36505126953125,0.0003780146944336593
1710,441.12371826171875,191.34686279296875,22.1685791015625,51.6671142578125,2.921099803643301e-05
1710,247.8661651611328,194.08575439453125,22.731979370117188,52.7027587890625,6.689787824143423e-06
1710,387.4961853027344,190.42550659179688,21.220947265625,51.88409423828125,2.2884143618284725e-05
1710,400.2513122558594,189.6609344482422,21.14727783203125,51.274993896484375,3.944420313928276e-05
1740,385.5805969238281,172.65310668945312,25.69598388671875,61.552734375,0.00010212606139248237
1740,399.9406433105469,178.58206176757812,22.0057373046875,51.910858154296875,0.007850954309105873
1740,217.53848266601562,178.02725219726562,23.715179443359375,55.904022216796875,2.8660531825153157e-05
1740,627.5822143554688,181.55113220214844,12.91778564453125,51.265960693359375,5.014233465772122e-05
1740,225.0377960205078,188.45924377441406,21.9559326171875,51.68731689453125,0.00039417599327862263
1740,379.9520263671875,185.74041748046875,21.072509765625,51.126495361328125,7.025311333563877e-06
1740,392.1289367675781,180.5545654296875,25.09466552734375,59.854034423828125,0.9996016621589661
1740,334.4143981933594,147.337646484375,124.75146484375,276.208740234375,2.2012277440808248e-06
1740,406.4728698730469,183.42715454101562,21.39862060546875,50.785858154296875,0.0014912744518369436
1740,441.56085205078125,189.5066375732422,22.03765869140625,51.7315673828125,8.871141471900046e-05
1740,458.07781982421875,190.28109741210938,21.6229248046875,50.500823974609375,0.0004166406288277358
1740,521.84130859375,183.48756408691406,21.6529541015625,51.117156982421875,4.707890911959112e-05
1740,527.7061767578125,184.0017852783203,23.553466796875,55.312286376953125,0.00028026869404129684
1740,618.1708984375,186.69757080078125,22.3291015625,55.24310302734375,3.2563600598223275e-06
1740,232.29844665527344,192.3740234375,22.172332763671875,52.77008056640625,1.197983783640666e-05
1740,354.59783935546875,191.61761474609375,21.22528076171875,50.73272705078125,1.2112614058423787e-06
1740,450.3860168457031,194.22914123535156,21.9185791015625,50.9310302734375,1.7749192920746282e-05
1740,461.1606750488281,185.22348022460938,27.42901611328125,65.8544921875,3.040308456547791e-06
1740,536.0135498046875,188.25672912597656,20.9188232421875,50.6751708984375,6.743611447745934e-05
1740,626.7119140625,195.5292205810547,13.7880859375,56.264190673828125,0.00022856812574900687
1740,240.01173400878906,195.354248046875,22.487014770507812,52.023223876953125,6.440143351937877e-06
1740,623.4724731445312,202.5596923828125,17.02752685546875,75.5067138671875,1.1810588148364332e-05
1770,385.0489501953125,171.14593505859375,27.0419921875,64.58322143554688,0.0003803918953053653
1770,224.82505798339844,178.10232543945312,24.6768798828125,59.12030029296875,3.557348009053385e-06
1770,400.1041564941406,178.5514373779297,22.18231201171875,51.82568359375,0.0014934386126697063
1770,220.11911010742188,191.8558807373047,22.115081787109375,52.428680419921875,0.00019154869369231164
1770,391.8917236328125,181.93728637695312,25.58282470703125,60.8653564453125,0.9998165965080261
1770,334.9519348144531,153.17555236816406,125.10089111328125,281.0633544921875,1.897566676234419e-06
1770,405.95330810546875,184.86013793945312,22.03143310546875,51.94775390625,0.00016649124154355377
1770,447.3581237792969,187.20054626464844,24.10009765625,55.291534423828125,2.400743142061401e-05
1770,381.45751953125,164.13818359375,44.9716796875,101.7811279296875,1.368188350170385e-06
1770,440.9986572265625,194.10606384277344,23.05364990234375,53.29095458984375,5.234467607806437e-06
1770,455.43011474609375,191.6794891357422,23.1864013671875,54.108245849609375,3.778555083044921e-06
1770,232.84130859375,197.36354064941406,21.568267822265625,50.7320556640625,0.002494529588147998
1770,246.74661254882812,196.20587158203125,23.21746826171875,54.65777587890625,6.403904080798384e-06
1770,226.31301879882812,199.27786254882812,21.095550537109375,50.97607421875,0.00020952997147105634
1770,239.9453887939453,201.48486328125,21.337905883789062,51.031646728515625,0.00014733494026586413
1770,386.1132507324219,194.80520629882812,22.6041259765625,55.8072509765625,6.983168987062527e-06
1770,398.23590087890625,193.19473266601562,23.40313720703125,57.1751708984375,6.23448204351007e-06
1770,601.19677734375,364.6567687988281,39.30322265625,115.84323120117188,6.171964287204901e-06
1800,209.3112335205078,183.38925170898438,23.120391845703125,56.0185546875,1.5180204400166986e-06
1800,399.9061279296875,182.11822509765625,21.79241943359375,51.904388427734375,0.03968631848692894
1800,406.90631103515625,183.65504455566406,21.99212646484375,52.831756591796875,0.0007814758573658764
1800,194.28338623046875,196.85557556152344,22.96942138671875,53.766845703125,1.0866165212064516e-05
1800,201.55050659179688,198.26800537109375,22.602264404296875,53.55047607421875,1.251191679330077e-05
1800,220.85263061523438,185.74465942382812,28.04339599609375,67.39987182617188,5.250220783636905e-05
1800,393.2132263183594,171.14877319335938,33.671875,80.4918212890625,1.8842416466213763e-05
1800,416.0943908691406,190.25390625,20.76751708984375,50.839263916015625,0.00027573801344260573
1800,423.15740966796875,191.5802764892578,24.10107421875,55.203887939453125,2.2108122720965184e-05
1800,448.30230712890625,195.63856506347656,21.803955078125,50.972991943359375,3.495388227747753e-05
1800,627.2263793945312,194.00540161132812,13.27362060546875,51.416107177734375,1.8458427803125232e-05
1800,209.73252868652344,202.22210693359375,21.5499267578125,51.213165283203125,4.134178379899822e-05
1800,218.81875610351562,196.86074829101562,21.637176513671875,50.8504638671875,0.0010811774991452694
1800,392.9871520996094,187.26644897460938,23.56610107421875,56.858154296875,0.00019112070731353015
1830,392.8990173339844,183.89573669433594,23.40130615234375,54.893585205078125,3.0061670258874074e-05
1830,200.35581970214844,194.42822265625,21.656829833984375,52.150726318359375,2.3256025087903254e-06
1830,241.62074279785156,191.71197509765625,21.760910034179688,51.13238525390625,2.9506265946110943e-06
1830,292.2585144042969,193.9750213623047,21.8154296875,52.141510009765625,0.9818137884140015
1830,284.6544189453125,180.72390747070312,34.050048828125,75.37551879882812,0.00019627170695457608
1830,229.91427612304688,146.52239990234375,130.569091796875,278.098388671875,7.33672322894563e-06
1830,300.8393859863281,192.3318328857422,21.8975830078125,52.965301513671875,0.0001538971991976723
1830,440.7117919921875,194.59640502929688,22.5238037109375,53.44158935546875,1.7819731510826387e-05
1830,447.9183349609375,192.79574584960938,22.66070556640625,53.87109375,1.2218028132338077e-05
1830,208.42747497558594,197.91796875,21.181060791015625,50.93536376953125,3.2640928111504763e-06
1830,627.3333740234375,201.33865356445312,13.1666259765625,52.0369873046875,7.786798960296437e-06
1830,284.30078125,199.89407348632812,21.32000732421875,52.590728759765625,9.336697075923439e-06
