30,0.0,120.8348388671875,15.035696983337402,54.488739013671875,0.00021885927708353847
30,0.0,58.108055114746094,46.07733154296875,232.89739990234375,6.070196377550019e-06
30,0.0,104.31474304199219,21.822540283203125,93.70077514648438,4.136301868129522e-06
30,0.0,138.5269775390625,15.400776863098145,59.964813232421875,2.629155005706707e-06
60,1.8634309768676758,135.98402404785156,23.547557830810547,55.322479248046875,6.821581337135285e-06
60,13.81103229522705,137.36685180664062,22.379379272460938,53.967926025390625,4.011626970168436e-06
60,0.0,145.9110870361328,14.096710205078125,51.5523681640625,3.071039463975467e-05
60,0.0,120.84481048583984,22.026365280151367,97.6154556274414,1.8189992943007383e-06
60,8.258275985717773,144.19488525390625,21.766490936279297,50.76361083984375,0.00014434847980737686
90,570.8906860351562,150.41139221191406,21.68115234375,51.2447509765625,4.365539098216686e-06
90,627.4417114257812,144.0187225341797,13.05828857421875,55.85406494140625,4.395215455588186e-06
120,627.0144653320312,161.0553741455078,13.48553466796875,52.64208984375,7.585468665638473e-06
120,602.50244140625,362.05218505859375,37.99755859375,118.44781494140625,4.568365056911716e-06
150,627.4666748046875,156.17312622070312,13.0333251953125,51.719879150390625,6.963837222428992e-06
150,627.1334838867188,175.64187622070312,13.36651611328125,57.0728759765625,2.3880154913058504e-05
210,8.861186027526855,156.46749877929688,21.05807876586914,50.5712890625,9.508771654509474e-07
210,47.13052749633789,156.89707946777344,23.95529556274414,54.3994140625,5.135447281645611e-06
210,55.994083404541016,157.65869140625,21.299396514892578,51.15582275390625,1.6246227460214868e-05
210,0.0,159.5520782470703,15.146221160888672,55.32763671875,9.047738785739057e-06
210,627.6939697265625,186.42941284179688,12.8060302734375,50.642486572265625,8.030359822441824e-06
240,464.5599670410156,167.2512969970703,21.64605712890625,50.6978759765625,4.41464435425587e-05
240,626.5853271484375,167.8942108154297,13.9146728515625,58.268829345703125,4.545064712146996e-06
270,424.98468017578125,168.244873046875,22.55120849609375,53.036102294921875,3.8733064684493e-06
300,0.0,167.8192138671875,15.20884895324707,57.377838134765625,8.744302249397151e-06
300,26.668325424194336,170.9333953857422,21.280649185180664,51.18621826171875,1.7304257653449895e-06
300,0.0,144.23577880859375,23.570913314819336,103.637939453125,1.4469825373453205e-06
300,519.7747802734375,173.37013244628906,23.313232421875,56.424285888671875,1.719576516734378e-06
300,529.5389404296875,176.4791259765625,20.966796875,50.505279541015625,4.867276402364951e-06
300,536.823486328125,175.3103485107422,21.883056640625,51.715301513671875,3.743927663890645e-05
300,544.7149658203125,176.15374755859375,21.8914794921875,51.858001708984375,0.000186088916962035
300,551.5328369140625,182.6501007080078,23.749267578125,56.160888671875,8.108786460070405e-06
300,559.7482299804688,185.1185302734375,22.9224853515625,54.710418701171875,2.1119556095072767e-06
300,567.791259765625,186.92361450195312,22.6380615234375,53.702606201171875,7.113812444003997e-06
330,627.939208984375,107.03981018066406,12.560791015625,50.750244140625,8.21219782665139e-06
330,561.868896484375,182.3619842529297,22.052490234375,52.043426513671875,1.550225647406478e-06
390,0.0,154.15577697753906,16.474864959716797,58.737274169921875,5.032105946156662e-06
390,0.0,139.48277282714844,23.976106643676758,105.85150146484375,5.550590685743373e-06
420,618.8275146484375,125.52741241455078,20.76904296875,51.26439666748047,1.6138534192577936e-05
420,627.4298706054688,129.73696899414062,13.07012939453125,53.098724365234375,0.00012682928354479373
420,614.9359741210938,100.84465789794922,25.56402587890625,123.31790924072266,2.509085106794373e-06
420,367.5188293457031,141.8621826171875,26.4752197265625,64.2537841796875,5.712082565878518e-05
420,294.86968994140625,74.37043762207031,140.51116943359375,292.689208984375,6.465972091973526e-06
420,623.0707397460938,131.90948486328125,17.42926025390625,77.61605834960938,3.799609839916229e-05
420,193.4695587158203,160.57302856445312,20.63330078125,50.524078369140625,5.738801519328263e-06
420,199.6696014404297,158.98715209960938,24.005279541015625,56.929229736328125,3.8539812521776184e-05
420,207.735595703125,158.61297607421875,23.758575439453125,55.863189697265625,4.42723830929026e-06
420,216.13189697265625,158.16986083984375,20.623809814453125,50.70196533203125,1.6239483784374897e-06
420,363.1230773925781,150.77696228027344,21.67962646484375,53.736236572265625,9.54893721427652e-07
450,376.885986328125,136.3732147216797,21.41046142578125,54.910919189453125,1.124136815633392e-05
450,364.1080627441406,146.5181427001953,22.2418212890625,53.587921142578125,1.1707798876159359e-05
450,371.81298828125,145.28952026367188,21.779296875,51.601470947265625,0.0048490711487829685
450,0.0,141.7373046875,91.342041015625,220.34616088867188,1.005709509627195e-05
450,11.552114486694336,145.65188598632812,64.43955993652344,153.07110595703125,2.678927330634906e-06
450,20.925643920898438,205.32662963867188,45.255027770996094,118.3037109375,4.088775767741026e-06
480,0.0,138.15603637695312,15.01583480834961,55.2783203125,2.5966317025449825e-06
480,627.9946899414062,139.55841064453125,12.50531005859375,51.328765869140625,1.2554539353004657e-05
510,605.8346557617188,32.35923385620117,21.7777099609375,52.125919342041016,0.2322528064250946
510,600.8329467773438,19.39350128173828,33.611328125,76.41073608398438,1.614141365280375e-05
510,613.1756591796875,31.15535545349121,21.7891845703125,51.84398651123047,0.00023340119514614344
510,627.1028442382812,27.342247009277344,13.39715576171875,51.54078674316406,1.2558731214085128e-05
510,598.8482666015625,29.54073715209961,21.48486328125,51.90750503540039,9.0869534687954e-06
510,528.5447387695312,104.18026733398438,21.1280517578125,50.88946533203125,7.984610419953242e-06
540,601.1404418945312,88.93878936767578,21.4278564453125,52.17064666748047,0.00012174871517345309
540,607.4296264648438,83.76250457763672,22.598388671875,54.07007598876953,2.1404859580798075e-05
540,615.9412841796875,82.125732421875,23.5633544921875,54.70703125,5.502093699760735e-06
540,627.0082397460938,83.13162231445312,13.49176025390625,51.25831604003906,3.178914630552754e-05
540,594.6361083984375,97.2493667602539,22.17431640625,53.98668670654297,3.953156010538805e-06
540,441.6944885253906,130.228759765625,20.78558349609375,50.740875244140625,3.814396768575534e-05
570,627.1715087890625,128.1558837890625,13.3284912109375,51.4542236328125,0.00011756218009395525
570,619.3795776367188,112.8900146484375,21.12042236328125,95.88168334960938,6.039067557139788e-06
570,16.018226623535156,139.65744018554688,23.575637817382812,56.068572998046875,2.675255927897524e-06
570,462.7177734375,150.47872924804688,20.97821044921875,50.585693359375,0.08736179023981094
570,568.4656372070312,148.24990844726562,22.621337890625,52.135894775390625,8.727389285922982e-06
570,627.3043212890625,144.39886474609375,13.1956787109375,53.3818359375,9.559083082422148e-06
570,452.8059997558594,153.17164611816406,21.16534423828125,51.43292236328125,9.316528303315863e-05
570,381.8448181152344,81.41490173339844,140.15689086914062,293.3677978515625,1.7944901628652588e-05
570,456.69268798828125,156.66806030273438,24.22503662109375,58.36956787109375,3.300680691609159e-05
600,626.973388671875,113.45820617675781,13.526611328125,56.825592041015625,1.3729977581533603e-05
600,1.0419130325317383,145.83642578125,22.42426300048828,52.146881103515625,1.8136528524337336e-05
600,627.5576171875,136.50277709960938,12.9423828125,51.29888916015625,6.701735401293263e-06
600,0.0,86.32340240478516,45.67304611206055,221.28073120117188,1.388286727888044e-05
600,0.0,156.4752197265625,15.81260871887207,56.522857666015625,5.818341378471814e-05
600,0.0,116.29090881347656,29.66828155517578,125.50143432617188,3.329954415676184e-05
600,6.61892032623291,155.3484344482422,27.300148010253906,65.7197265625,0.009909912943840027
600,32.76634216308594,153.3913116455078,22.296302795410156,52.86822509765625,3.0399110983125865e-05
600,504.90802001953125,155.38609313964844,21.544189453125,51.441375732421875,0.001523849437944591
600,513.5963745117188,158.35498046875,21.4835205078125,50.825164794921875,0.0003709321317728609
600,16.146379470825195,162.30934143066406,21.738248825073242,51.889190673828125,0.006771582644432783
600,498.17474365234375,160.98333740234375,22.77496337890625,55.81317138671875,7.895750968600623e-06
600,519.57958984375,163.4306640625,21.1336669921875,51.041015625,2.9348851967370138e-05
600,0.0,162.30276489257812,26.280044555664062,66.43161010742188,0.0009337891824543476
600,20.86185073852539,162.2700653076172,25.531005859375,60.5711669921875,5.012588371755555e-05
600,0.0,175.46356201171875,15.41563606262207,56.040283203125,2.9418008125503547e-05
630,554.158935546875,149.25668334960938,21.4600830078125,50.79302978515625,4.34845333074918e-06
630,562.1799926757812,150.48611450195312,21.5509033203125,50.650146484375,1.9127512132399715e-05
630,570.919189453125,153.49490356445312,21.5765380859375,51.329864501953125,1.8256090697832406e-05
630,577.1381225585938,157.3041229248047,21.48095703125,51.48773193359375,0.00017476832726970315
630,0.0,155.19097900390625,18.157623291015625,61.647491455078125,1.7574917364981957e-05
630,14.465337753295898,159.04962158203125,23.97160530090332,54.622283935546875,8.686516230227426e-05
630,5.4738006591796875,158.0105438232422,27.61004638671875,65.2840576171875,0.00015289992734324187
630,498.8896789550781,76.86698913574219,141.61032104492188,301.8123779296875,3.1351883080787957e-06
630,21.999252319335938,160.78790283203125,24.728622436523438,58.98345947265625,2.33495416068763e-06
630,0.0,164.77708435058594,25.62114143371582,66.8917236328125,9.569592657499015e-05
630,0.0,178.45791625976562,15.502290725708008,55.820159912109375,9.255436452804133e-06
630,0.0,114.444091796875,47.31040954589844,211.39031982421875,1.364539366477402e-05
630,0.0,147.0403289794922,36.44683837890625,98.32113647460938,1.7895412383950315e-05
630,600.43603515625,360.5789489746094,40.06396484375,119.92105102539062,3.967969860241283e-06
660,627.6724243164062,169.27169799804688,12.82757568359375,55.711090087890625,6.261820090003312e-06
690,496.04913330078125,158.9401397705078,24.706787109375,58.6893310546875,3.491863390081562e-05
690,500.9356384277344,144.09075927734375,38.726898193359375,94.98574829101562,1.7302343167102663e-06
690,626.7420043945312,153.86639404296875,13.75799560546875,55.944122314453125,3.721984103322029e-05
690,367.6233215332031,155.16249084472656,28.44378662109375,67.5264892578125,5.081458311906317e-06
690,290.1937255859375,66.26681518554688,145.07305908203125,309.08258056640625,4.129632543481421e-06
690,382.7367248535156,158.85293579101562,21.02630615234375,50.856292724609375,0.0006607427494600415
690,489.79876708984375,164.01095581054688,22.303955078125,52.89886474609375,1.3742187547904905e-05
690,491.3632507324219,150.96682739257812,35.370269775390625,85.29910278320312,1.9397266441956162e-05
690,508.81719970703125,162.9713134765625,26.76611328125,61.734039306640625,1.5832611097721383e-05
690,501.9010009765625,168.535888671875,25.8499755859375,61.0147705078125,0.0006051962845958769
690,0.0,193.5246124267578,15.234609603881836,54.802032470703125,7.990553422132507e-05
690,498.20391845703125,182.75860595703125,21.556884765625,53.061004638671875,3.261986194047495e-06
690,511.7261047363281,182.40078735351562,21.278533935546875,52.178741455078125,3.188386017427547e-06
690,0.0,176.0670928955078,22.72039222717285,97.01469421386719,2.95725226351351e-06
690,7.040814399719238,202.92474365234375,23.26146697998047,56.25518798828125,5.89640103498823e-06
690,0.2851991653442383,205.10870361328125,21.649059295654297,51.12164306640625,3.966055373894051e-06
690,0.0,213.06695556640625,13.998725891113281,53.80865478515625,5.7918364291253965e-06
720,438.9306945800781,154.02476501464844,27.836669921875,67.55795288085938,1.1786306458816398e-05
720,0.0,176.8028106689453,13.208980560302734,50.601715087890625,7.436200576194096e-06
720,0.0,195.0681915283203,14.508374214172363,55.737335205078125,0.0006113079725764692
720,0.0,173.23867797851562,21.182952880859375,93.4891357421875,2.616061465232633e-05
720,0.0,129.54437255859375,46.755516052246094,227.06378173828125,1.1694168051690212e-06
750,385.49267578125,161.44158935546875,22.2569580078125,55.0450439453125,3.2696152629796416e-05
750,304.7105712890625,83.46405029296875,150.76593017578125,292.2161865234375,5.122524271428119e-06
750,400.46209716796875,164.29837036132812,28.132568359375,68.15225219726562,3.036061343664187e-06
750,0.0,183.55918884277344,15.77560043334961,57.27825927734375,8.572041224397253e-06
750,0.0,162.5470733642578,22.488237380981445,101.85203552246094,6.571604444616241e-06
780,391.91302490234375,166.42233276367188,21.60797119140625,52.328125,0.979806661605835
780,410.8337097167969,167.192138671875,21.9527587890625,51.8365478515625,0.08981674164533615
780,323.4281311035156,91.94044494628906,141.285400390625,290.844482421875,7.583356818940956e-06
780,402.0391540527344,168.617919921875,20.92401123046875,51.23724365234375,0.00029408413683995605
780,375.2667236328125,94.94844818115234,109.8604736328125,249.271484375,3.6896281017106958e-06
780,419.9921569824219,166.90591430664062,21.419921875,51.21002197265625,2.1019891391915735e-06
780,472.06683349609375,177.19375610351562,23.409912109375,54.801910400390625,3.298195281331573e-07
780,0.0,221.1895751953125,14.846098899841309,58.009490966796875,9.126035820372635e-07
810,401.2528991699219,169.08181762695312,21.0977783203125,52.255218505859375,0.21926802396774292
810,417.8114929199219,167.73138427734375,22.0880126953125,52.335968017578125,0.0004427235689945519
810,627.1869506835938,160.17578125,13.31304931640625,56.191741943359375,2.2678343157167546e-05
810,289.1187438964844,165.55517578125,21.30755615234375,50.92828369140625,1.0494234629732091e-05
810,408.0759582519531,166.88914489746094,26.2274169921875,63.87799072265625,3.13542150252033e-05
810,351.0995178222656,92.81454467773438,139.1810302734375,284.0439758300781,6.9073776103323326e-06
810,416.62945556640625,157.6075897216797,35.9676513671875,81.87030029296875,5.002086709282594e-06
810,511.1365051269531,155.5515899658203,48.335296630859375,115.32283020019531,3.437098428094032e-07
810,527.4880981445312,173.38250732421875,23.48583984375,55.78924560546875,0.003040938638150692
810,424.8101806640625,171.28810119628906,21.2637939453125,50.89385986328125,0.9989129304885864
810,515.6204223632812,178.9714813232422,22.4158935546875,53.90802001953125,7.29201360627485e-07
810,542.6329345703125,178.39553833007812,21.96484375,53.0191650390625,5.226160055826767e-07
810,431.0281677246094,175.29867553710938,21.6317138671875,51.76226806640625,0.0021319473162293434
810,522.95166015625,172.9479217529297,32.926513671875,80.069580078125,0.007181449793279171
810,536.5460205078125,176.59872436523438,31.72607421875,75.39328002929688,8.999017154565081e-06
810,512.8152465820312,176.29705810546875,32.62890625,76.08270263671875,1.0443229257361963e-05
840,440.4194641113281,166.6986083984375,22.164794921875,51.22314453125,0.019183475524187088
840,601.8623046875,169.76473999023438,22.667724609375,54.579193115234375,6.411341018974781e-06
840,592.6649780273438,148.04518127441406,44.3721923828125,108.60443115234375,6.177181603561621e-06
840,403.7286682128906,170.6155242919922,21.78961181640625,51.86822509765625,0.9911981225013733
840,395.0323791503906,153.9393310546875,34.97845458984375,78.391845703125,1.9046710804104805e-05
840,418.40850830078125,170.3615264892578,21.751708984375,51.948394775390625,0.9963600039482117
840,419.4855041503906,154.65208435058594,34.57073974609375,81.5108642578125,3.957527951570228e-06
840,411.52520751953125,132.72723388671875,50.47406005859375,112.83187866210938,1.1297534001641907e-06
840,370.21258544921875,93.95729064941406,129.17218017578125,295.14459228515625,5.5745840654708445e-06
840,431.9395751953125,155.40570068359375,34.57159423828125,81.24786376953125,7.890376582508907e-05
840,610.03076171875,173.321533203125,28.1424560546875,68.25689697265625,0.0010185391874983907
840,341.4848327636719,148.85537719726562,126.87957763671875,263.263916015625,3.216575350961648e-06
840,425.04473876953125,168.74757385253906,23.7919921875,56.540802001953125,0.8309727907180786
840,432.5628662109375,169.64939880371094,24.40753173828125,57.95159912109375,0.9999802112579346
840,445.7278747558594,168.9697265625,23.40716552734375,56.483673095703125,1.3384968042373657e-05
840,598.336181640625,171.40432739257812,31.44921875,75.1361083984375,0.9999960660934448
840,623.6890869140625,173.635498046875,16.8109130859375,62.224700927734375,1.1473274753370788e-05
840,396.52362060546875,175.9486083984375,20.98248291015625,52.011016845703125,0.00011025123967556283
840,595.2487182617188,179.7203369140625,25.0323486328125,57.014404296875,1.16552382678492e-05
840,546.316650390625,157.04615783691406,94.183349609375,276.57464599609375,2.7789405976363923e-06
870,428.8116455078125,142.43670654296875,45.7410888671875,106.580078125,6.62910497339908e-06
870,460.18878173828125,158.05801391601562,25.43206787109375,61.599700927734375,3.7085649182699854e-06
870,404.1739807128906,166.6280517578125,21.67620849609375,50.623291015625,0.0011448614532127976
870,366.5157470703125,101.29999542236328,93.79693603515625,233.48272705078125,1.6710375348338857e-05
870,451.59326171875,145.56858825683594,35.440185546875,90.54458618164062,1.7882998690765817e-06
870,409.36181640625,163.5508270263672,27.39227294921875,65.55209350585938,0.9999009370803833
870,396.4469909667969,140.9020233154297,46.65399169921875,97.6041259765625,1.4516927876684349e-05
870,347.16864013671875,134.66184997558594,125.48681640625,277.6383056640625,9.232657248503529e-06
870,420.8617248535156,164.41009521484375,27.76849365234375,66.55856323242188,0.06497899442911148
870,432.0694885253906,163.7014617919922,28.8983154296875,68.81222534179688,0.03663483262062073
870,441.427490234375,167.1568603515625,23.88018798828125,56.072021484375,0.0018448488553985953
870,403.7967224121094,118.64286804199219,84.43743896484375,210.01600646972656,4.461101980268722e-06
870,391.09814453125,137.27992248535156,121.33465576171875,298.74810791015625,3.3178762350871693e-06
870,453.35333251953125,166.05804443359375,25.83172607421875,57.432464599609375,0.00014232528337743133
870,152.5896453857422,177.91229248046875,21.79608154296875,52.832061767578125,1.0634312275215052e-05
870,443.1158142089844,161.64419555664062,31.75885009765625,76.62918090820312,0.9999942779541016
870,628.0242309570312,178.59873962402344,12.47576904296875,50.64794921875,1.5153017557167914e-05
870,145.21421813964844,181.88934326171875,20.970733642578125,50.9368896484375,1.5803283531568013e-05
900,627.80712890625,129.99867248535156,12.69287109375,51.6806640625,7.865035513532348e-06
900,559.7024536132812,147.6482696533203,21.709228515625,50.890625,7.991026359377429e-05
900,9.597139358520508,161.59059143066406,21.113136291503906,52.269134521484375,3.668663703138009e-05
900,34.23954772949219,163.87059020996094,21.319747924804688,50.7406005859375,9.448693162994459e-05
900,450.4852294921875,157.59120178222656,30.9542236328125,76.52072143554688,0.00018561893375590444
900,464.9889831542969,162.1905059814453,22.703125,55.528045654296875,5.746703095610428e-07
900,496.9056091308594,161.71502685546875,25.708282470703125,62.743408203125,9.758964552020188e-06
900,468.9718933105469,135.80357360839844,83.53219604492188,191.48255920410156,2.4047581064223778e-06
900,511.5943603515625,159.52593994140625,22.443359375,52.362030029296875,3.717676463566022e-06
900,0.0,164.69313049316406,14.09587287902832,53.252532958984375,6.570781260961667e-05
900,0.0,76.51339721679688,62.070526123046875,314.0385437011719,5.047726517659612e-06
900,2.275083541870117,165.90142822265625,21.03078269958496,51.011962890625,1.2384278306853957e-05
900,427.3969421386719,163.9661865234375,25.0174560546875,57.68011474609375,5.772806616732851e-05
900,432.1201171875,159.80557250976562,29.4925537109375,70.99114990234375,0.08151721954345703
900,406.3057861328125,116.12975311279297,73.90960693359375,182.689208984375,1.1019948033208493e-05
900,441.4450988769531,161.68460083007812,23.513427734375,57.009979248046875,0.00045918923569843173
900,475.9892883300781,164.94442749023438,21.8782958984375,51.015106201171875,3.828537228400819e-05
900,488.2862548828125,165.78285217285156,22.387939453125,53.49517822265625,4.363130938145332e-05
900,505.47650146484375,164.8445587158203,22.5128173828125,53.748077392578125,3.7643874293280533e-06
900,509.03094482421875,159.30361938476562,33.5504150390625,79.09912109375,0.001045391196385026
900,524.8058471679688,161.45428466796875,25.62548828125,59.217071533203125,9.62435365181591e-07
900,15.933182716369629,168.98756408691406,21.020545959472656,50.592315673828125,1.2443079867807683e-05
900,27.393081665039062,167.63653564453125,21.980369567871094,51.621124267578125,4.55839972346439e-06
900,40.46510314941406,166.53811645507812,21.56005859375,50.989044189453125,0.0004270816862117499
900,47.682403564453125,165.77410888671875,22.51062774658203,53.854034423828125,3.7221689126454294e-05
900,435.5057067871094,153.41378784179688,38.37384033203125,92.02743530273438,0.9999988079071045
900,460.75433349609375,159.0299530029297,33.54351806640625,81.00650024414062,0.0001132710967794992
900,481.3330383300781,166.94552612304688,23.21600341796875,57.34210205078125,0.0022936600726097822
900,476.9549255371094,158.9741973876953,34.41546630859375,83.24346923828125,0.9914106130599976
900,446.36572265625,168.98681640625,25.05322265625,58.275421142578125,9.086001227842644e-06
900,496.72882080078125,158.20025634765625,38.8597412109375,93.65206909179688,0.9999998807907104
900,0.0,182.71153259277344,12.956033706665039,50.518829345703125,1.1813607670774218e-05
900,479.5870361328125,152.77178955078125,47.32958984375,113.19821166992188,9.70298788161017e-05
930,493.64117431640625,146.80023193359375,56.4129638671875,136.11141967773438,0.9999997615814209
930,539.5278930664062,155.32286071777344,49.2718505859375,118.38554382324219,0.9999998807907104
930,611.8117065429688,159.87368774414062,28.68829345703125,78.37506103515625,0.0006472837994806468
930,6.666182518005371,158.4295654296875,22.44213104248047,53.714202880859375,0.0036766151897609234
930,502.16839599609375,149.46051025390625,67.4010009765625,175.99951171875,0.0015740015078336
930,488.30535888671875,143.71588134765625,43.784423828125,103.89828491210938,0.0005869451561011374
930,556.4170532226562,155.66290283203125,46.39697265625,113.10195922851562,0.0007633959176018834
930,527.8324584960938,125.23851776123047,69.5322265625,168.8599853515625,0.0001673424121690914
930,470.36346435546875,124.16989135742188,80.240966796875,195.10354614257812,0.0003582880017347634
930,622.8890380859375,155.072998046875,17.6109619140625,62.56939697265625,0.00012715236516669393
930,486.50579833984375,156.9153594970703,29.45623779296875,71.66351318359375,3.707686482812278e-05
930,548.3233032226562,156.11492919921875,33.51708984375,83.26052856445312,0.033011723309755325
930,507.36151123046875,162.2120361328125,35.2689208984375,87.6514892578125,0.006892881356179714
930,512.8507080078125,154.57630920410156,46.0428466796875,108.12754821777344,0.010170307010412216
930,1.6713991165161133,169.15023803710938,20.935157775878906,51.64105224609375,0.00010199847019976005
930,0.0,163.51708984375,14.619812965393066,50.888824462890625,0.00013630485045723617
930,610.7495727539062,159.57366943359375,22.0025634765625,53.262542724609375,4.4242195144761354e-05
930,474.9941101074219,154.47042846679688,48.923370361328125,111.47384643554688,3.995697261416353e-05
930,497.6899108886719,161.3196563720703,22.600921630859375,55.48077392578125,0.00020176416728645563
930,528.55810546875,159.57186889648438,43.26806640625,105.23577880859375,5.301558485371061e-05
930,509.864990234375,187.45858764648438,42.083984375,98.68399047851562,1.5352672562585212e-05
930,483.2419738769531,161.19273376464844,21.681396484375,53.311798095703125,2.1588375602732413e-06
930,477.46368408203125,144.16061401367188,100.3677978515625,244.45416259765625,5.25415271113161e-06
930,13.406925201416016,163.65615844726562,24.11172866821289,56.86279296875,1.7125805243267678e-05
930,603.386474609375,146.96023559570312,37.113525390625,121.568359375,4.076993354829028e-05
930,571.1069946289062,153.8500213623047,41.1983642578125,97.76058959960938,1.756997335178312e-05
930,505.01922607421875,160.58470153808594,24.1170654296875,59.7449951171875,4.34911489719525e-05
930,488.5013122558594,180.8891143798828,43.638824462890625,104.38163757324219,2.290552174599725e-06
930,539.4874267578125,196.21041870117188,36.1934814453125,77.87384033203125,3.226286935387179e-05
930,624.696044921875,175.46336364746094,15.803955078125,60.800384521484375,1.6995192709146068e-05
930,511.29876708984375,149.47482299804688,108.028076171875,254.25262451171875,2.958454160761903e-06
930,601.1132202148438,163.499267578125,26.2069091796875,62.032318115234375,6.514366305054864e-06
930,474.53887939453125,155.4996337890625,20.9410400390625,52.6661376953125,2.7372796012059553e-06
930,562.40185546875,161.26536560058594,31.2171630859375,79.93991088867188,2.2630099920206703e-05
930,592.926513671875,119.66344451904297,47.573486328125,218.81344604492188,1.632495150261093e-05
930,605.8746948242188,176.95884704589844,29.200927734375,69.05770874023438,7.6135233939567115e-06
930,544.334228515625,176.0098876953125,27.884521484375,70.23233032226562,2.863732106561656e-06
930,0.0,141.67721557617188,19.77000617980957,74.5157470703125,4.674475803767564e-06
930,580.6686401367188,163.59156799316406,27.6195068359375,64.042236328125,1.4704154409628245e-06
930,465.86474609375,155.80548095703125,23.65692138671875,56.768310546875,1.0506965963941184e-06
960,8.36062240600586,187.33016967773438,21.259033203125,51.410247802734375,1.7912407201947644e-06
960,627.87939453125,185.08111572265625,12.62060546875,57.31365966796875,4.706894287664909e-06
1020,428.3558044433594,139.6780242919922,27.12530517578125,64.31082153320312,0.2217848151922226
1020,438.3037109375,145.6343536376953,22.2774658203125,50.610260009765625,2.0534540453809313e-05
1020,423.22613525390625,129.23236083984375,44.0557861328125,102.91058349609375,3.555163857527077e-06
1020,417.5638427734375,155.51754760742188,20.9267578125,51.4903564453125,1.7283495026276796e-06
1020,168.12217712402344,169.81948852539062,21.713836669921875,50.98626708984375,4.158197043580003e-06
1020,425.2437744140625,154.02386474609375,23.08489990234375,58.350921630859375,2.5291740257671336e-06
1020,0.0,177.9306182861328,17.410682678222656,52.691986083984375,0.00035160782863385975
1020,0.0,158.60215759277344,23.665437698364258,89.11410522460938,5.0589073907758575e-06
1020,0.0,107.69668579101562,61.790748596191406,310.9989013671875,8.507014172209892e-06
1020,6.354276657104492,177.26580810546875,21.739459991455078,52.31256103515625,1.9406536011956632e-05
1020,160.9705352783203,176.2496795654297,22.44580078125,53.55859375,7.018657197477296e-05
1020,151.6711883544922,180.95587158203125,24.682403564453125,58.616241455078125,6.300546374404803e-06
1020,0.0,191.97178649902344,15.274853706359863,58.773651123046875,2.6309205622965237e-06
1050,567.9085693359375,151.7824249267578,22.6202392578125,53.4129638671875,0.0001171437615994364
1050,560.982666015625,154.41217041015625,21.4339599609375,51.2274169921875,2.8689570171991363e-05
1080,628.0863037109375,170.63491821289062,12.4136962890625,50.74859619140625,7.149000794015592e-06
1110,48.29743957519531,160.81285095214844,21.502944946289062,50.566436767578125,9.752387086336967e-06
1140,295.3973083496094,152.96543884277344,28.19268798828125,68.8865966796875,4.4046064431313425e-06
1140,552.1107788085938,166.15362548828125,22.0343017578125,53.354034423828125,8.294787221529987e-06
1140,547.072998046875,159.84645080566406,32.622314453125,76.84915161132812,2.5400297545274952e-06
1140,545.7214965820312,173.6361083984375,21.109619140625,51.423004150390625,1.1767482646973804e-05
1140,0.0,129.07415771484375,52.48335266113281,227.58111572265625,3.560816821845947e-06
1170,319.56964111328125,149.579345703125,20.8702392578125,50.985809326171875,2.8260583349037915e-05
1170,0.0,176.5950927734375,13.688838958740234,53.1497802734375,2.7364706056687282e-06
1200,594.2996826171875,0.0,46.2003173828125,220.54441833496094,1.1524880392244086e-05
1200,334.3942565917969,149.1103515625,21.3555908203125,51.439056396484375,0.6723480820655823
1200,342.68212890625,148.66119384765625,20.9986572265625,51.35406494140625,3.217514677089639e-05
1230,345.9544982910156,145.91351318359375,21.5904541015625,51.131011962890625,0.005689479876309633
1230,352.5247497558594,143.89239501953125,21.75811767578125,52.02410888671875,0.0007585291168652475
1230,360.08197021484375,145.64532470703125,21.26519775390625,51.297698974609375,0.0006139701581560075
1230,367.0029602050781,145.45668029785156,22.1854248046875,53.08148193359375,9.188947842631023e-06
1260,359.2109069824219,140.66053771972656,24.30963134765625,56.75006103515625,6.683560059173033e-05
1260,627.7843627929688,131.36795043945312,12.71563720703125,50.545806884765625,3.416161916902638e-06
1260,353.0068664550781,147.7998046875,21.75885009765625,51.3782958984375,0.0010630828328430653
1260,367.90863037109375,147.06666564941406,21.25286865234375,51.123016357421875,1.4973810721130576e-05
1260,0.0,146.31069946289062,12.92115592956543,51.05364990234375,5.022483492211904e-06
1260,432.8433532714844,158.23934936523438,22.44873046875,52.51641845703125,1.1489413736853749e-05
1290,345.4892578125,140.77183532714844,23.85345458984375,56.455902099609375,1.5009995877335314e-05
1290,362.1918640136719,143.2637176513672,22.4759521484375,52.250732421875,0.0006119005265645683
1290,374.8616943359375,140.46920776367188,21.664306640625,52.152099609375,8.98678717931034e-06
1290,354.43408203125,145.9890899658203,21.36614990234375,51.347320556640625,9.40036989049986e-05
1290,0.0,150.24107360839844,15.420321464538574,58.9716796875,6.779478098906111e-06
1290,0.0,127.52458190917969,22.378480911254883,101.04776000976562,9.34779836825328e-06
1290,366.4527282714844,140.163818359375,26.59002685546875,64.2611083984375,8.228707883972675e-06
1290,0.0,177.28587341308594,13.229328155517578,50.664581298828125,9.408076039107982e-06
1320,360.902099609375,144.11415100097656,22.99652099609375,54.156280517578125,0.00017801462672650814
1320,450.4950256347656,125.33733367919922,32.4735107421875,74.97013092041016,7.958329661050811e-06
1320,461.8760681152344,130.12362670898438,26.68731689453125,61.991943359375,6.818966994615039e-06
1320,345.0417175292969,150.37249755859375,22.16766357421875,53.077239990234375,0.007954239845275879
1320,353.572509765625,148.1494140625,22.493408203125,52.666290283203125,0.0047935605980455875
1320,344.99554443359375,131.0846405029297,34.77911376953125,81.51239013671875,4.108977009309456e-06
1320,272.41473388671875,75.76387023925781,142.635498046875,289.29931640625,4.8778106247482356e-06
1320,367.56103515625,151.18991088867188,22.1494140625,52.556121826171875,0.00010475912131369114
1320,0.0,171.1333770751953,13.903252601623535,50.71746826171875,8.747146239329595e-06
1320,7.8672285079956055,172.09719848632812,21.789146423339844,53.450714111328125,4.307623839849839e-06
1320,0.9801759719848633,177.51287841796875,23.16921615600586,54.77569580078125,5.279644028632902e-06
1320,601.7703247070312,361.45343017578125,38.72967529296875,119.04656982421875,4.293155143386684e-06
1350,344.1947937011719,151.3202362060547,21.92767333984375,52.088226318359375,0.03992684185504913
1350,360.99786376953125,149.69851684570312,22.13330078125,51.754791259765625,0.00011209410149604082
1350,352.62957763671875,152.02859497070312,21.4580078125,50.712005615234375,0.0006474839756265283
1350,336.7663269042969,137.54019165039062,37.854248046875,83.53939819335938,5.174224952497752e-06
1350,277.1634826660156,67.25505065917969,139.71136474609375,293.43408203125,5.733353191317292e-06
1350,367.5780029296875,153.102294921875,21.78363037109375,51.535186767578125,9.910536391544156e-06
1350,0.0,178.57269287109375,14.031661033630371,51.02520751953125,6.971625225560274e-06
1350,7.121349334716797,177.38308715820312,22.968936920166016,55.346160888671875,2.635317514432245e-06
1350,0.0,183.06353759765625,23.322742462158203,57.148468017578125,3.6120381992077455e-06
1380,344.06219482421875,148.98558044433594,23.87628173828125,56.96612548828125,5.185930785955861e-05
1380,361.71240234375,149.913818359375,22.287109375,51.701416015625,5.584198879660107e-05
1380,627.0725708007812,138.6470489501953,13.42742919921875,51.1268310546875,4.489555976761039e-06
1380,354.027099609375,153.9108428955078,21.280029296875,50.623138427734375,6.462562851083931e-06
1380,495.0934753417969,166.87786865234375,23.745330810546875,56.60845947265625,6.97083814884536e-05
1380,0.0,180.42230224609375,22.036354064941406,53.72784423828125,7.830114554963075e-06
1380,504.5581970214844,174.98248291015625,20.707061767578125,50.665618896484375,1.2263951248314697e-05
1380,6.833067893981934,182.2481689453125,23.544086456298828,55.9840087890625,1.703429120425426e-06
1380,0.0,191.1161346435547,14.13593578338623,51.38067626953125,1.3449839570967015e-05
1410,0.0,186.61721801757812,14.406421661376953,50.583282470703125,7.453886610164773e-06
1410,6.691326141357422,185.09207153320312,22.737079620361328,55.322845458984375,2.0358381789264968e-06
1410,0.0,191.59828186035156,22.627193450927734,55.597198486328125,4.829343652090756e-06
1440,345.4122619628906,157.17138671875,22.3782958984375,53.119110107421875,0.00821788888424635
1440,352.8109130859375,155.97805786132812,22.71624755859375,53.599884033203125,0.00025677986559458077
1440,360.2095642089844,157.75315856933594,21.90240478515625,52.064605712890625,0.00019256246741861105
1440,248.1142578125,168.802490234375,22.46929931640625,54.065887451171875,7.070223091432126e-06
1440,340.6933288574219,163.92625427246094,20.90301513671875,50.82470703125,0.0010502067161723971
1440,367.89654541015625,161.8815155029297,21.82879638671875,52.144439697265625,1.0921736247837543e-05
1440,0.0,185.17349243164062,14.208431243896484,51.59735107421875,2.0649302314268425e-05
1440,0.0,163.10980224609375,21.800241470336914,95.49435424804688,3.2717939575377386e-06
1470,336.7979736328125,158.82423400878906,22.92193603515625,55.113494873046875,0.0005147257470525801
1470,343.9419250488281,156.96470642089844,23.3372802734375,54.312530517578125,0.00019775080727413297
1470,353.1644592285156,158.70724487304688,22.35906982421875,52.550262451171875,0.0001441281638108194
1470,367.6111755371094,157.12152099609375,21.6480712890625,51.564056396484375,1.606317346158903e-05
1470,592.3543701171875,155.63165283203125,21.64453125,53.41632080078125,2.7808362119685626e-06
1470,263.1475524902344,76.29847717285156,146.25518798828125,300.0526123046875,4.092345534445485e-06
1470,392.3815612792969,165.57366943359375,22.11907958984375,52.318939208984375,2.91249634756241e-05
1470,360.10113525390625,163.25730895996094,21.591064453125,50.631011962890625,0.00023552533821202815
1470,587.6353149414062,157.98654174804688,31.62890625,75.43923950195312,6.080184448364889e-06
1500,361.0476379394531,157.670166015625,22.8111572265625,51.98480224609375,4.082957821083255e-05
1500,330.0586242675781,167.28045654296875,22.360595703125,52.4932861328125,0.10016794502735138
1500,354.2873229980469,165.2992401123047,21.0953369140625,50.865966796875,3.923483018297702e-05
1500,0.0,169.10980224609375,16.090049743652344,51.715301513671875,9.154757208307274e-06
1500,257.8166809082031,92.69563293457031,145.828857421875,299.0859375,8.008991244423669e-06
1500,342.9683532714844,166.96713256835938,21.75787353515625,51.985076904296875,1.7010028386721388e-05
1500,335.90765380859375,173.98033142089844,21.57086181640625,51.940155029296875,0.0008427314460277557
1530,626.7249145507812,55.967933654785156,13.77508544921875,51.66023254394531,3.751854819711298e-05
1530,617.448486328125,62.824302673339844,21.550048828125,51.54808044433594,0.00017049456073436886
1530,625.8948364257812,72.13102722167969,14.60516357421875,52.075927734375,0.0002296419843332842
1530,617.7027587890625,76.9278564453125,22.7972412109375,57.51130676269531,1.0148884939553682e-05
1530,626.9937133789062,97.24507904052734,13.50628662109375,51.577491760253906,2.916011908382643e-06
1530,2.3926095962524414,160.95669555664062,21.301265716552734,51.049652099609375,4.1890443753800355e-06
1530,343.6029357910156,164.74456787109375,21.49078369140625,51.16851806640625,0.0007837460143491626
1530,469.2669372558594,67.48121643066406,94.70742797851562,221.2991180419922,2.7770871383836493e-05
1530,337.51953125,169.95570373535156,21.39019775390625,50.568572998046875,0.006412701681256294
1530,0.0,167.7792205810547,14.882674217224121,52.83343505859375,4.505554898059927e-05
1530,351.51092529296875,168.50564575195312,22.1400146484375,52.1082763671875,9.305590356234461e-05
1530,482.4435729980469,170.8728485107422,20.7900390625,52.709228515625,4.4546172262016626e-07
1530,486.8584289550781,150.759033203125,43.980316162109375,100.45431518554688,7.93175604485441e-06
1530,481.06036376953125,106.26236724853516,63.2769775390625,153.50021362304688,0.0009067017817869782
1530,475.77618408203125,160.96429443359375,38.9959716796875,92.4072265625,6.994232535362244e-06
1530,468.22747802734375,131.28985595703125,58.1151123046875,136.30560302734375,7.704619929427281e-05
1530,501.0640563964844,135.23196411132812,51.026458740234375,121.92706298828125,2.7580368623603135e-05
1530,452.3752136230469,99.82843780517578,85.08047485351562,217.73233032226562,7.382850526482798e-06
1560,0.0,131.8397979736328,14.871910095214844,51.285186767578125,1.1240897038078401e-05
1560,594.8387451171875,35.788047790527344,45.6612548828125,246.5726318359375,8.17541604192229e-06
1560,0.0,146.8525390625,17.35323715209961,51.785736083984375,0.01735151745378971
1560,0.0,133.25473022460938,23.865461349487305,83.33984375,9.083616896532476e-05
1560,4.960150718688965,151.23452758789062,23.561702728271484,56.784881591796875,2.3861077352194116e-05
1560,345.0779113769531,164.5889434814453,21.654541015625,51.589263916015625,0.020310062915086746
1560,345.8991394042969,146.56814575195312,34.044677734375,81.11053466796875,6.414215749828145e-05
1560,352.3982238769531,163.38327026367188,21.13592529296875,50.505523681640625,0.0018063884926959872
1560,362.2367858886719,163.58668518066406,21.16845703125,50.775421142578125,0.026059042662382126
1560,0.0,164.7147216796875,14.492989540100098,53.18780517578125,6.932012183824554e-05
1560,0.0,129.98973083496094,31.035816192626953,131.6587677001953,4.427085968927713e-06
1560,376.0548400878906,166.99368286132812,21.17755126953125,51.9466552734375,1.740393963700626e-05
1560,0.0,160.98016357421875,20.392921447753906,82.8616943359375,8.28105112304911e-06
1560,364.0843200683594,159.84034729003906,27.7900390625,67.54318237304688,0.0018914946122094989
1560,0.0,114.61664581298828,54.0499267578125,225.3631591796875,1.8129299860447645e-05
1560,338.97430419921875,174.21688842773438,20.61761474609375,50.928497314453125,1.4151522009342443e-05
1560,410.06353759765625,174.51390075683594,21.833740234375,51.101715087890625,0.0010682771680876613
1590,461.8683776855469,79.00025939941406,85.16799926757812,201.6448211669922,5.266588050290011e-05
1590,447.3802795410156,52.74690246582031,121.56649780273438,282.697265625,1.6867537851794623e-05
1590,376.0769958496094,159.62982177734375,21.63507080078125,51.98614501953125,4.1121435060631484e-05
1590,382.89862060546875,156.653564453125,22.35137939453125,53.64495849609375,1.7415958382116514e-06
1590,447.4548645019531,155.88291931152344,22.0782470703125,52.40594482421875,9.780626896827016e-06
1590,473.27191162109375,110.47959899902344,58.18499755859375,141.85528564453125,0.0006619264022447169
1590,415.2970275878906,159.95957946777344,21.679443359375,50.967041015625,2.592959390312899e-06
1590,441.2837219238281,158.94825744628906,21.8162841796875,52.763763427734375,2.6422245355206542e-05
1590,484.80816650390625,145.26095581054688,40.8905029296875,94.97265625,0.00012360619439277798
1590,509.6018371582031,156.7373046875,27.750030517578125,66.29067993164062,1.2762292499246541e-05
1590,520.94921875,161.7576904296875,21.3323974609375,50.5999755859375,2.2377093955583405e-06
1590,408.289794921875,165.40719604492188,22.466796875,52.774810791015625,0.000333726144162938
1590,466.2597351074219,167.00440979003906,20.7310791015625,51.28118896484375,1.9449500996415736e-06
1590,464.8768005371094,134.4603271484375,43.08819580078125,108.53323364257812,8.269229510915466e-06
1590,499.13519287109375,160.657958984375,31.8680419921875,74.90377807617188,3.632177322288044e-05
1590,495.24481201171875,133.54737854003906,45.2171630859375,107.9107666015625,9.80102049652487e-06
1620,463.2943420410156,167.69879150390625,23.52044677734375,54.474151611328125,1.1488361451483797e-05
1650,617.6509399414062,147.85755920410156,21.2342529296875,51.270599365234375,1.4346038369694725e-05
1650,608.3118286132812,151.02304077148438,23.7008056640625,57.02996826171875,6.273322651395574e-05
1650,627.6049194335938,154.3671417236328,12.89508056640625,50.561370849609375,0.00013421112089417875
1650,619.2672119140625,129.85885620117188,21.2327880859375,94.84878540039062,3.3984558740485227e-06
1680,529.1929931640625,149.00146484375,21.365478515625,53.67889404296875,1.9085503026872175e-06
1680,627.1409301757812,178.200439453125,13.35906982421875,50.87139892578125,1.1427671779529192e-05
1710,610.1375122070312,152.72999572753906,24.5224609375,58.8994140625,9.51792117120931e-06
1710,618.7432861328125,130.29905700683594,21.7567138671875,96.52093505859375,9.380625670019072e-06
1710,602.9408569335938,158.75233459472656,22.6937255859375,53.077606201171875,2.0639477952499874e-05
1710,625.5130004882812,159.21168518066406,14.98699951171875,52.827880859375,0.00014028360601514578
1710,616.4873657226562,167.03182983398438,22.319091796875,52.5753173828125,0.024908529594540596
1710,588.1453857421875,92.44629669189453,52.3546142578125,237.58929443359375,8.566394171793945e-06
1710,551.1001586914062,85.79632568359375,89.39984130859375,286.965087890625,4.140919372730423e-06
1710,611.923828125,175.2923126220703,22.802490234375,54.880462646484375,5.093500931252493e-06
1710,622.708740234375,170.09707641601562,17.791259765625,69.97314453125,1.2662819244724233e-05
1740,496.2670593261719,141.7330322265625,23.205291748046875,54.40789794921875,0.007442002184689045
1740,315.1291809082031,151.82345581054688,21.470947265625,52.09942626953125,4.251409791322658e-06
1740,321.6585388183594,154.70919799804688,21.42877197265625,52.311737060546875,1.4353880942508113e-05
1740,490.273681640625,146.79129028320312,21.66229248046875,51.372344970703125,0.017177706584334373
1740,482.5787353515625,133.06666564941406,36.8509521484375,82.21078491210938,2.3745146791043226e-06
1740,504.2567443847656,148.95213317871094,21.232757568359375,50.535980224609375,0.0003961057518608868
1740,627.427978515625,146.1534881591797,13.072021484375,53.053192138671875,0.00024697347544133663
1740,618.9868774414062,128.1103057861328,21.51312255859375,91.28292846679688,3.073539801334846e-06
1740,565.2677001953125,49.42582702636719,75.2322998046875,308.6767578125,9.149694960797206e-06
1740,484.0710144042969,150.38368225097656,21.46734619140625,50.839141845703125,0.010341447778046131
1740,512.3759155273438,153.86253356933594,21.3919677734375,50.996917724609375,2.8480415039666696e-06
1740,0.0,167.2142333984375,15.5519437789917,57.44903564453125,9.997508641390596e-06
1740,328.08441162109375,162.63751220703125,20.81158447265625,50.504180908203125,2.4999085326271597e-06
1740,626.5303955078125,164.97634887695312,13.9696044921875,50.9541015625,4.683895895141177e-06
1770,338.8292541503906,152.6145782470703,22.2296142578125,54.50311279296875,1.0797491086123046e-05
1770,352.7236633300781,155.9926300048828,22.04339599609375,52.361175537109375,0.0004626359441317618
1770,547.4390869140625,150.53707885742188,21.944091796875,52.749603271484375,8.438991790171713e-05
1770,554.76708984375,150.38015747070312,21.8621826171875,52.626617431640625,0.00021266986732371151
1770,593.1167602539062,148.394775390625,21.8482666015625,51.949615478515625,4.1603601857787e-05
1770,627.50830078125,147.79469299316406,12.99169921875,50.857421875,6.177836621645838e-05
1770,617.5175170898438,153.42642211914062,22.9642333984375,54.624053955078125,4.88487694383366e-06
1770,271.82904052734375,76.18330383300781,149.0721435546875,296.31915283203125,4.967260792909656e-06
1770,361.3587341308594,160.850830078125,20.729736328125,50.551025390625,4.954264295520261e-05
1770,367.5999755859375,161.5347900390625,21.42742919921875,51.38812255859375,1.1894685485458467e-05
1770,560.6231079101562,156.4379119873047,21.5670166015625,50.913299560546875,1.6657582818879746e-05
1770,347.96710205078125,165.90335083007812,21.06939697265625,51.4595947265625,0.00011671237734844908
1800,627.0538940429688,144.173583984375,13.44610595703125,57.99139404296875,1.0571911843726411e-05
1800,371.81951904296875,161.55694580078125,21.62835693359375,52.5955810546875,1.5973511153788422e-06
1800,378.2885437011719,165.63006591796875,21.28692626953125,51.55889892578125,0.030842548236250877
1800,0.0,169.99720764160156,14.892133712768555,55.26397705078125,3.283819069110905e-06
1800,301.0215148925781,89.22900390625,149.42535400390625,299.351318359375,8.34790898807114e-06
1800,381.7710876464844,164.93701171875,27.4462890625,65.63845825195312,4.595330756274052e-05
1800,390.36724853515625,168.7283172607422,20.728515625,50.572784423828125,1.5152941159612965e-06
1800,627.3322143554688,170.0281982421875,13.16778564453125,51.062164306640625,3.153389798171702e-06
1830,20.212230682373047,160.1416473388672,21.057247161865234,51.0540771484375,1.5719082512077875e-05
1830,26.25788688659668,163.1194305419922,21.19944953918457,50.964630126953125,0.09144879877567291
1830,33.42137908935547,163.5794219970703,20.79798126220703,50.6361083984375,0.0003638163034338504
1830,0.0,162.3968963623047,13.704984664916992,53.502044677734375,1.2483431419241242e-05
1830,416.0577697753906,150.2930908203125,36.80108642578125,82.56814575195312,7.89374826126732e-06
1830,407.6322326660156,124.5466079711914,51.39678955078125,120.38436126708984,4.46437888967921e-06
1830,0.0,80.08981323242188,99.44879150390625,301.9833068847656,4.037942744616885e-06
1830,411.4855041503906,167.31781005859375,20.61602783203125,50.74951171875,1.1621742487477604e-05
1830,356.8174743652344,119.34060668945312,137.64764404296875,275.93231201171875,4.4206641177879646e-05
1830,422.13616943359375,166.71241760253906,21.9713134765625,51.754608154296875,0.9995447993278503
1830,429.75408935546875,169.1509246826172,21.12908935546875,50.564208984375,3.775028744712472e-05
1860,427.2484130859375,163.19076538085938,20.7607421875,50.694244384765625,8.81859250512207e-06
1860,433.21368408203125,166.87173461914062,20.66290283203125,51.135162353515625,7.602783443871886e-05
1860,467.3563537597656,163.2506103515625,19.812255859375,50.89453125,1.0580515663605183e-05
1860,459.0354919433594,170.65066528320312,23.795654296875,57.72467041015625,6.654605840594741e-06
1860,472.48681640625,167.64968872070312,22.79559326171875,55.49755859375,9.333157504443079e-05
1860,447.8403625488281,169.87057495117188,23.173095703125,54.79791259765625,1.291000717174029e-05
1860,419.0002136230469,129.18109130859375,121.73526000976562,278.5916748046875,3.1633262551622465e-06
1860,462.91448974609375,165.93678283691406,32.676025390625,77.79440307617188,0.9990432858467102
1860,455.8883056640625,155.2615966796875,48.20050048828125,114.23187255859375,1.8693006040848559e-06
