30,0.0,128.4513702392578,14.673879623413086,52.835357666015625,3.2228545023826882e-06
30,395.0270690917969,147.54681396484375,21.85504150390625,51.532745361328125,0.00014853848551865667
30,391.8935241699219,163.18592834472656,20.89923095703125,51.26055908203125,3.4467234399926383e-06
90,0.0,123.17137145996094,14.69775104522705,54.25006103515625,2.5648457722127205e-06
90,129.8194122314453,184.00865173339844,20.960693359375,51.086395263671875,2.408002956144628e-06
90,137.33253479003906,181.6680145263672,20.8773193359375,51.857147216796875,1.3850329878550838e-06
120,287.56707763671875,100.73274230957031,22.26416015625,54.53129577636719,9.082103133550845e-06
180,288.0970458984375,101.81149291992188,21.647705078125,53.839752197265625,7.52486766941729e-06
180,143.552490234375,176.70693969726562,24.146820068359375,56.180755615234375,3.882482531025744e-07
180,129.89334106445312,183.58668518066406,21.09576416015625,51.413330078125,2.791786755551584e-06
180,137.41693115234375,181.9467010498047,20.94354248046875,51.536407470703125,5.762042292190017e-06
210,287.9839172363281,101.66789245605469,21.62994384765625,53.263336181640625,3.531186166583211e-06
210,360.6534423828125,125.05606842041016,22.23712158203125,55.079505920410156,4.916086254524998e-06
240,288.23046875,102.38717651367188,21.494873046875,53.291534423828125,4.916423677059356e-06
240,401.3851013183594,139.3495635986328,21.884765625,52.882415771484375,6.148628926894162e-06
240,129.719482421875,183.916015625,21.032562255859375,51.146484375,3.166694796163938e-06
240,137.26605224609375,182.0187530517578,20.838348388671875,51.338226318359375,4.237048415234312e-06
330,393.7832336425781,144.18487548828125,21.0115966796875,50.73248291015625,7.817280129529536e-05
360,400.44287109375,139.61805725097656,21.8775634765625,53.099456787109375,5.734990190831013e-05
360,324.4873046875,50.3531494140625,146.86688232421875,305.0818176269531,8.90592946234392e-06
360,405.7997741699219,147.02206420898438,22.0946044921875,52.949920654296875,2.9863190320611466e-06
360,395.6973876953125,156.18836975097656,20.55804443359375,51.1903076171875,3.3638893910392653e-06
360,129.88868713378906,184.41746520996094,20.79217529296875,50.506134033203125,2.450497049721889e-06
360,137.18832397460938,182.43630981445312,20.904815673828125,51.257965087890625,3.604625817388296e-06
390,288.20611572265625,101.41492462158203,21.7005615234375,54.31114959716797,8.415533557126764e-06
390,401.6595764160156,141.78359985351562,22.25079345703125,52.959381103515625,2.6968555175699294e-05
390,129.84921264648438,184.41978454589844,21.028900146484375,51.179962158203125,3.2680300137144513e-06
420,405.8443908691406,130.078857421875,24.88922119140625,57.327423095703125,5.427793075796217e-05
420,401.4327087402344,139.65061950683594,21.994384765625,51.6715087890625,2.7557021894608624e-05
480,288.3084411621094,100.91238403320312,21.8446044921875,54.30665588378906,3.5515581657818984e-06
480,129.7726287841797,184.37486267089844,20.976348876953125,50.783782958984375,3.1755164400237845e-06
480,137.1260223388672,182.05813598632812,20.737884521484375,51.10546875,3.4294835131731816e-06
510,129.97872924804688,183.93553161621094,20.950958251953125,50.8970947265625,8.835731023282278e-06
510,137.28463745117188,181.82127380371094,20.79547119140625,51.302032470703125,4.107394488528371e-06
540,0.0,128.05291748046875,15.159165382385254,53.98420715332031,3.4268318813701626e-06
540,128.3427734375,184.6603546142578,24.15362548828125,55.1397705078125,1.961094540092745e-06
540,137.6248779296875,182.00863647460938,20.7137451171875,51.19134521484375,5.519447313417913e-06
570,151.49481201171875,160.8586883544922,23.628692626953125,55.603179931640625,1.617328848624311e-06
570,137.36280822753906,176.9644317626953,21.154296875,50.983642578125,5.177274942980148e-06
570,144.28094482421875,174.8474578857422,21.221832275390625,51.442413330078125,1.9287083432573127e-06
600,129.91839599609375,184.46713256835938,20.896697998046875,50.777984619140625,3.5597033729573013e-06
600,137.34576416015625,182.19363403320312,20.77435302734375,51.38153076171875,4.091119990334846e-06
660,407.5500793457031,136.67892456054688,23.97418212890625,54.785064697265625,1.513013899057114e-06
690,403.73187255859375,115.51170349121094,29.48944091796875,68.63137817382812,0.00038024832610972226
690,413.8441467285156,119.21074676513672,22.74139404296875,52.683006286621094,2.67435098066926e-05
690,395.10791015625,127.87933349609375,23.11846923828125,54.81201171875,3.07200025417842e-05
690,399.98712158203125,130.24411010742188,26.00115966796875,61.871673583984375,0.3141119182109833
690,410.0571594238281,119.13800048828125,32.17669677734375,79.48275756835938,3.531433321768418e-05
690,394.78515625,124.42127990722656,37.532958984375,87.52127075195312,1.0101916814164724e-05
690,129.9230194091797,184.58705139160156,21.00225830078125,50.854736328125,4.423254267749144e-06
690,137.28839111328125,182.5074920654297,20.644622802734375,50.927032470703125,7.557366643595742e-06
720,399.9760437011719,140.46343994140625,22.2423095703125,51.85345458984375,0.00010423022467875853
720,135.64016723632812,184.7413330078125,23.65887451171875,55.0380859375,1.633829924685415e-05
720,143.6259307861328,183.4750518798828,23.818206787109375,56.16619873046875,1.642132247070549e-06
720,127.20391845703125,190.24923706054688,25.08721923828125,58.2193603515625,1.2657329762078007e-06
750,594.9207763671875,0.0,45.5792236328125,125.58139038085938,6.024663434800459e-06
750,376.17913818359375,153.359619140625,23.8321533203125,55.060089111328125,3.290863560323487e-06
750,400.51971435546875,149.4176788330078,22.1419677734375,50.958770751953125,7.888660911703482e-05
750,395.3818054199219,154.88726806640625,20.8770751953125,51.39605712890625,1.09666257230856e-06
750,135.63629150390625,178.09144592285156,23.478729248046875,55.53485107421875,1.8205369087809231e-06
750,129.22396850585938,183.78778076171875,21.040985107421875,50.535308837890625,1.7166703401017003e-05
750,594.1397094726562,162.35671997070312,46.36029052734375,248.7506103515625,6.840591140644392e-06
810,369.205322265625,118.34194946289062,21.71478271484375,52.296783447265625,0.0003853520902339369
810,292.94775390625,31.069244384765625,149.5045166015625,306.78778076171875,2.6630550564732403e-06
810,384.0469970703125,122.3340835571289,23.35546875,55.49657440185547,9.295118616137188e-06
810,392.369140625,124.598388671875,21.23040771484375,50.542633056640625,0.000128672705614008
810,389.1603088378906,116.80206298828125,30.919921875,71.3349609375,2.2338872440741397e-05
810,375.01080322265625,126.64280700683594,21.03326416015625,50.9862060546875,6.0968839534325525e-05
810,399.6769714355469,127.56292724609375,20.94879150390625,51.329864501953125,5.524043899640674e-06
810,0.0,138.46913146972656,15.82687759399414,56.932220458984375,1.8949588138639228e-06
810,362.0260314941406,127.19803619384766,23.2177734375,56.459129333496094,3.6919431295245886e-05
810,366.7321472167969,131.09536743164062,26.6143798828125,63.847747802734375,4.4931839511264116e-06
810,54.532005310058594,208.9774169921875,24.79998779296875,59.255584716796875,4.492695097724209e-06
810,41.76692199707031,202.15054321289062,32.67333984375,78.98443603515625,2.571147206253954e-06
840,364.0538024902344,114.11072540283203,21.45367431640625,50.782508850097656,0.0026460785884410143
840,374.3502197265625,114.01943969726562,21.83746337890625,52.515228271484375,0.00040581857319921255
840,293.4044189453125,39.88865661621094,141.080810546875,289.9072265625,3.28873625221604e-06
840,369.0809631347656,121.21927642822266,21.02587890625,50.51726531982422,0.00027351974858902395
840,364.498046875,120.61746978759766,29.60357666015625,72.21025848388672,4.3675172491930425e-06
840,121.33438873291016,178.97369384765625,21.217552185058594,50.92852783203125,1.0646804184943903e-05
840,128.3720245361328,177.77590942382812,23.529449462890625,54.28619384765625,7.262889084813651e-06
840,103.56187438964844,184.69873046875,23.785369873046875,54.940826416015625,4.442947101779282e-06
840,111.66754150390625,185.43814086914062,23.87042236328125,54.40814208984375,1.188468377222307e-05
870,369.34405517578125,104.9361572265625,22.27081298828125,52.6051025390625,0.06074899062514305
870,382.552001953125,106.507568359375,22.0992431640625,52.176910400390625,0.0013581170933321118
870,375.8614196777344,109.77628326416016,21.45526123046875,51.19507598876953,0.8880577087402344
870,374.72686767578125,91.42431640625,35.76812744140625,83.19970703125,5.346286343410611e-06
870,363.44195556640625,96.27018737792969,35.531982421875,80.80654907226562,8.351269570994191e-06
870,355.372314453125,76.3237533569336,52.23651123046875,116.16410064697266,4.286370085537783e-07
870,304.630126953125,62.46205139160156,132.430908203125,278.7996826171875,9.866506843536627e-06
870,389.20587158203125,111.19285583496094,23.1134033203125,55.9794921875,6.740172830177471e-05
870,455.601806640625,119.01081085205078,21.94610595703125,53.10118865966797,4.0974951843963936e-05
870,450.8538513183594,110.00202941894531,31.64544677734375,75.03219604492188,1.3015193871979136e-05
870,364.7454528808594,113.97016143798828,22.677978515625,54.749305725097656,0.00014838034985587
870,423.5812072753906,134.18850708007812,22.1484375,52.72674560546875,4.26825754402671e-05
870,448.64337158203125,131.4100341796875,22.91339111328125,53.470184326171875,0.00044376507867127657
900,377.0343933105469,106.68550109863281,21.28778076171875,50.9652099609375,0.23302432894706726
900,383.6221008300781,105.01702880859375,21.66839599609375,51.68115234375,0.0003523947671055794
900,391.2733459472656,103.10307312011719,21.76104736328125,52.622222900390625,0.00020358007168397307
900,304.776123046875,30.400436401367188,137.0174560546875,298.76776123046875,7.501415439037373e-06
900,361.5682373046875,64.51335144042969,54.14154052734375,123.6595458984375,1.3961474678580998e-06
900,363.1886291503906,112.11300659179688,21.6015625,52.30023193359375,9.099476301344112e-06
900,425.8507385253906,120.418212890625,24.71990966796875,58.775787353515625,7.165484930737875e-06
900,461.7806091308594,122.83319091796875,22.169189453125,52.6888427734375,1.045644239638932e-05
900,456.55438232421875,130.90968322753906,22.2591552734375,52.596343994140625,0.0005388713325373828
900,371.0067138671875,110.21244812011719,30.11822509765625,73.0257568359375,1.047288878908148e-05
900,432.03851318359375,133.10198974609375,21.79840087890625,51.559539794921875,0.0006116731092333794
900,451.2087097167969,136.58457946777344,20.4234619140625,50.5848388671875,1.2177430335214012e-06
930,399.68341064453125,100.62638092041016,21.5782470703125,51.65581512451172,0.9235457181930542
930,415.6866455078125,97.69215393066406,21.18548583984375,51.771697998046875,2.3851567675592378e-05
930,327.6928405761719,25.643630981445312,137.29681396484375,299.41656494140625,1.0936839316855185e-05
930,388.25225830078125,103.79507446289062,21.5592041015625,52.239990234375,7.193406418082304e-06
930,387.35101318359375,85.64054107666016,35.62957763671875,79.8005599975586,3.542796548572369e-06
930,406.64752197265625,102.4366683959961,21.28533935546875,52.115211486816406,9.94204674498178e-05
930,426.22198486328125,104.27860260009766,23.2060546875,54.96477508544922,1.9247403542976826e-05
930,432.55419921875,119.375732421875,20.8021240234375,50.5985107421875,0.0001772010582499206
930,393.96966552734375,108.88200378417969,22.17742919921875,53.86761474609375,4.550626908894628e-05
930,488.6949768066406,128.6249542236328,21.5255126953125,51.46343994140625,8.6081411154737e-07
960,394.7518615722656,91.55883026123047,22.70831298828125,55.043678283691406,2.024082095886115e-05
960,392.64923095703125,82.43266296386719,37.49481201171875,82.87339782714844,4.750655534735415e-06
960,331.2239074707031,14.936737060546875,141.1922607421875,301.5671081542969,1.215795873577008e-05
960,409.3067932128906,100.01825714111328,21.08099365234375,50.53461456298828,0.001032256637699902
960,424.2099914550781,100.65790557861328,21.82366943359375,52.16022491455078,0.00038531754398718476
960,416.6671142578125,101.29670715332031,21.68304443359375,52.11761474609375,0.0006359071703627706
960,432.9031066894531,105.12098693847656,23.197265625,55.631927490234375,0.00040116903255693614
960,400.23974609375,102.3165283203125,22.36859130859375,53.22967529296875,0.2276911437511444
960,438.5140075683594,119.6978530883789,21.04095458984375,51.14818572998047,0.00012877865810878575
960,503.14093017578125,131.94229125976562,21.7581787109375,52.05059814453125,1.2150749171269126e-05
990,394.9006652832031,100.10582733154297,21.72998046875,51.19251251220703,1.2234571840963326e-05
990,416.9466857910156,102.00843811035156,21.2904052734375,50.771392822265625,4.53003121947404e-06
990,400.5190124511719,106.81591033935547,21.32171630859375,51.323097229003906,0.00015741883544251323
990,407.748779296875,104.77359771728516,22.32269287109375,52.468894958496094,4.7106306737987325e-05
990,513.274658203125,130.01284790039062,22.3240966796875,54.95611572265625,7.677812391193584e-06
990,0.0,145.35325622558594,15.477361679077148,56.86041259765625,3.6673729482572526e-05
990,0.0,95.02564239501953,49.334251403808594,223.81265258789062,4.455417183635291e-06
990,0.0,134.73988342285156,23.21230697631836,102.26336669921875,7.467134309990797e-06
990,0.0,166.21780395507812,17.137720108032227,60.563507080078125,4.428935881151119e-06
1020,627.0421752929688,112.18934631347656,13.45782470703125,57.169158935546875,6.224168828339316e-06
1020,535.5797729492188,134.9263153076172,20.6517333984375,50.532745361328125,0.004912484437227249
1020,453.197509765625,76.86837768554688,150.151611328125,283.8498229980469,8.10859364719363e-06
1020,0.0,154.59600830078125,14.093361854553223,50.871856689453125,1.9521379726938903e-05
1020,0.0,92.07431030273438,48.41448211669922,227.00701904296875,8.606773008068558e-06
1020,526.8074340820312,139.2044677734375,27.6246337890625,64.0198974609375,1.191901560559927e-06
1020,0.0,152.19915771484375,18.849878311157227,76.937744140625,4.334615823609056e-06
1020,0.0,113.6124496459961,29.554338455200195,141.44049072265625,5.164084541320335e-06
1020,6.130352973937988,160.73304748535156,26.26986312866211,60.390472412109375,4.157039711571997e-06
1020,0.0,169.01504516601562,23.949676513671875,105.58950805664062,3.683289605760365e-06
1050,597.5244140625,0.0,42.9755859375,125.37247467041016,2.8725917218253016e-06
1050,49.379661560058594,91.86670684814453,21.987693786621094,52.72637176513672,2.1343892512959428e-05
1050,420.27655029296875,101.94279479980469,28.89031982421875,65.8564453125,1.5054724826768506e-05
1050,417.6136169433594,110.1515884399414,21.4796142578125,51.49687957763672,0.0002700568293221295
1050,432.63446044921875,109.95198059082031,21.7213134765625,52.870025634765625,2.8817132260883227e-05
1050,627.5032348632812,107.4312744140625,12.99676513671875,51.114105224609375,4.984705356037011e-06
1050,580.4067993164062,138.89389038085938,21.5865478515625,51.21710205078125,0.9177269339561462
1050,627.5711059570312,129.17657470703125,12.92889404296875,51.472991943359375,3.341463298056624e-06
1050,571.9268798828125,125.22000122070312,34.804443359375,76.782958984375,1.7901085129778949e-06
1050,513.553466796875,53.18865966796875,126.946533203125,306.6965637207031,3.76491152564995e-06
1050,588.3291015625,139.5457000732422,21.0235595703125,50.94049072265625,0.1101124957203865
1050,572.631103515625,144.02371215820312,21.6461181640625,52.52178955078125,1.4333511444419855e-06
1050,103.68585968017578,182.80596923828125,24.14013671875,56.009002685546875,1.6391595636378042e-05
1050,95.0690689086914,187.1558380126953,25.981109619140625,59.48785400390625,1.1556401659618132e-05
1080,401.8698425292969,37.13560485839844,151.02822875976562,311.49810791015625,1.8340830138185993e-05
1080,484.80987548828125,128.20591735839844,21.63818359375,52.74774169921875,6.267570279305801e-05
1080,625.4893798828125,130.89743041992188,15.0106201171875,57.96240234375,3.512646571834921e-06
1080,592.1630859375,43.37290954589844,48.3369140625,236.5215606689453,1.0065759852295741e-05
1080,616.6364135742188,140.2264862060547,22.7801513671875,54.226470947265625,5.340580173651688e-05
1080,611.0053100585938,90.70901489257812,29.49468994140625,138.40060424804688,1.895327500278654e-06
1080,479.6702880859375,136.5608673095703,22.49078369140625,52.611236572265625,0.0008924399153329432
1080,610.4885864257812,150.0113525390625,23.909912109375,56.071258544921875,1.1082423043262679e-05
1080,626.6851806640625,152.3788299560547,13.8148193359375,51.580657958984375,2.967537693621125e-05
1110,439.1250915527344,110.70916748046875,21.98736572265625,53.44903564453125,0.000403279293095693
1110,425.8029479980469,117.865234375,21.22601318359375,50.833160400390625,0.0004658274701796472
1110,432.9866943359375,115.15464782714844,21.24298095703125,50.89874267578125,0.0002470248145982623
1110,501.1626281738281,135.39761352539062,22.200103759765625,52.743133544921875,0.00036919378908351064
1110,0.0,119.27511596679688,22.03121566772461,97.17788696289062,8.86013458512025e-06
1110,494.10540771484375,138.60922241210938,21.61016845703125,51.399871826171875,0.9142574071884155
1110,487.34564208984375,122.36474609375,38.2398681640625,85.77914428710938,8.746103958401363e-06
1110,480.9230041503906,90.79838562011719,54.831573486328125,128.36215209960938,5.008626430935692e-06
1110,423.97430419921875,57.47749328613281,144.3441162109375,300.434326171875,1.3721325558435638e-05
1110,0.0,155.9087677001953,13.297619819641113,50.825653076171875,0.00237099127843976
1110,0.0,157.0118408203125,18.09904670715332,73.99725341796875,0.00025297392858192325
1110,7.241950035095215,163.97097778320312,21.56606674194336,51.7744140625,3.111989644821733e-05
1110,2.488093376159668,159.3634490966797,31.472896575927734,74.69882202148438,6.5617787186056376e-06
1110,0.0,136.07620239257812,26.294742584228516,120.195068359375,3.336113877594471e-06
1110,0.0,186.82318115234375,16.45092010498047,60.802154541015625,1.2195384897495387e-06
1140,440.114013671875,111.33161926269531,21.54412841796875,50.683074951171875,5.5827667893026955e-06
1140,447.361083984375,117.19931030273438,21.783447265625,53.295501708984375,2.7246293029747903e-05
1140,473.3009338378906,123.51473236083984,22.29833984375,53.41034698486328,1.0829491657204926e-05
1140,434.6629943847656,122.07501220703125,22.065185546875,51.51690673828125,0.0055102515034377575
1140,479.8653869628906,129.3584442138672,21.0181884765625,51.271636962890625,1.2247424820088781e-05
1140,514.3928833007812,133.16824340820312,21.9161376953125,52.533905029296875,8.791956133791246e-06
1140,525.6653442382812,130.97775268554688,24.3812255859375,59.44500732421875,1.3601426871900912e-05
1140,520.054443359375,142.66433715820312,21.6268310546875,51.44281005859375,0.9995056390762329
1140,511.6548156738281,122.99679565429688,37.348602294921875,83.91091918945312,5.279463039187249e-06
1140,453.16802978515625,80.66682434082031,138.6494140625,280.05609130859375,7.659135007997975e-06
1140,627.9876708984375,145.8102569580078,12.5123291015625,50.819854736328125,6.378171747201122e-06
1140,7.703539848327637,155.11862182617188,22.736770629882812,54.73345947265625,5.795670858788071e-06
1140,15.036215782165527,155.98452758789062,22.705036163330078,52.985015869140625,8.928985153033864e-06
1140,0.41479969024658203,159.61752319335938,24.045913696289062,56.986480712890625,2.425723096166621e-06
1140,514.9262084960938,150.15126037597656,20.99560546875,51.398712158203125,4.53654638477019e-06
1170,595.19140625,0.0,45.30859375,128.80435180664062,3.0000178412592504e-06
1170,482.1645812988281,130.60003662109375,23.78643798828125,56.80499267578125,1.4852425010758452e-05
1170,493.9026794433594,132.88919067382812,23.568145751953125,55.08697509765625,4.1551618778612465e-05
1170,534.0284423828125,119.12759399414062,36.1492919921875,86.94143676757812,0.00012101651373086497
1170,546.9425659179688,129.5178680419922,22.06005859375,53.515472412109375,8.481799159199e-05
1170,440.6629638671875,126.47090148925781,23.451904296875,55.716278076171875,0.844113826751709
1170,434.93377685546875,114.27599334716797,34.89801025390625,80.6506118774414,0.0014080816181376576
1170,381.8496398925781,74.10385131835938,129.34967041015625,276.659423828125,8.480372343910858e-06
1170,455.4816589355469,128.9506072998047,21.28778076171875,52.980194091796875,2.5962181098293513e-05
1170,474.63995361328125,132.01870727539062,21.78814697265625,51.983306884765625,6.730248969688546e-06
1170,616.366943359375,130.79632568359375,24.11181640625,56.33026123046875,8.217657523346134e-06
1170,417.34918212890625,134.86619567871094,22.55755615234375,52.717071533203125,7.2788170655258e-06
1170,425.1442565917969,132.393310546875,22.9775390625,56.16583251953125,1.6124881767609622e-06
1170,488.96417236328125,141.10633850097656,22.3236083984375,52.27239990234375,0.01703675463795662
1170,480.1365661621094,122.58026123046875,37.748199462890625,83.75051879882812,1.314690052822698e-06
1170,446.275146484375,66.38968658447266,105.03643798828125,247.55679321289062,6.027324161550496e-06
1170,530.8799438476562,139.2649688720703,20.701904296875,51.0069580078125,2.5824783733696677e-06
1170,540.3873901367188,142.05763244628906,22.5362548828125,52.427337646484375,7.503003143938258e-05
1170,553.4187622070312,133.35484313964844,27.120361328125,62.527435302734375,3.7850790249649435e-05
1170,627.4794311523438,137.92904663085938,13.02056884765625,52.18182373046875,9.97186634776881e-06
1170,434.97137451171875,133.41488647460938,22.43572998046875,54.23529052734375,2.8022966944263317e-05
1170,447.8005065917969,134.02413940429688,22.55865478515625,53.384674072265625,0.00017604981258045882
1170,544.9517211914062,139.52386474609375,26.674072265625,63.38848876953125,0.9680192470550537
1170,489.1967468261719,105.48664855957031,124.60031127929688,276.09991455078125,5.243070972937858e-06
1170,0.0,160.2852783203125,15.463706970214844,56.71112060546875,1.8808734239428304e-05
1170,601.8238525390625,362.284423828125,38.6761474609375,118.215576171875,4.886209353571758e-06
1200,442.0154724121094,129.0919647216797,23.95794677734375,57.459503173828125,1.5638985132682137e-05
1200,454.56878662109375,133.98951721191406,22.84271240234375,54.69488525390625,7.126919808797538e-05
1200,466.2731018066406,135.31961059570312,21.1923828125,51.70428466796875,6.180693617352517e-06
1200,497.2359619140625,137.357666015625,22.9420166015625,54.5765380859375,1.4293625554273603e-06
1200,447.94964599609375,139.60873413085938,22.5377197265625,53.583038330078125,0.0008522466523572803
1200,504.446533203125,145.71701049804688,21.826904296875,52.335662841796875,1.5553001503576525e-05
1200,580.3431396484375,136.32522583007812,37.9034423828125,93.34652709960938,0.00019220952526666224
1200,572.3531494140625,159.89431762695312,26.1002197265625,61.64404296875,2.4739999844314298e-06
1200,582.641357421875,160.03933715820312,26.828857421875,63.943450927734375,0.9997937083244324
1200,595.2259521484375,159.9610595703125,25.7279052734375,60.924530029296875,3.981437112088315e-05
1200,615.8724365234375,159.8500213623047,24.6275634765625,57.479827880859375,5.1596048251667526e-06
1200,627.3970947265625,162.33563232421875,13.1029052734375,51.183929443359375,2.6191837605438195e-05
1200,0.0,168.788818359375,16.245708465576172,59.3541259765625,1.7487527657067403e-05
1200,0.0,145.52706909179688,21.698984146118164,99.83975219726562,3.2054072107712273e-06
1200,8.07242488861084,170.0191192626953,23.14972686767578,55.1248779296875,1.0554649634286761e-06
1200,527.8726806640625,139.33297729492188,112.6273193359375,271.42974853515625,9.78447133093141e-06
1200,602.0471801757812,363.08306884765625,38.45281982421875,117.41693115234375,6.812070296291495e-06
1230,441.8985290527344,132.99005126953125,23.78851318359375,55.2822265625,3.117371306871064e-06
1230,448.9551696777344,140.57101440429688,21.7896728515625,51.68560791015625,1.840945151343476e-05
1230,627.6686401367188,155.49502563476562,12.83135986328125,50.656951904296875,5.8133127822657116e-06
1230,177.1687774658203,161.61489868164062,21.048614501953125,50.541534423828125,2.6594461814966053e-06
1260,626.9202880859375,141.24203491210938,13.5797119140625,52.64678955078125,2.9899181299697375e-06
1260,74.16915130615234,160.85162353515625,21.268402099609375,53.08148193359375,8.241296200139914e-06
1260,392.6846923828125,156.17584228515625,20.9212646484375,50.50274658203125,1.2023663657600991e-05
1260,618.3209838867188,156.05908203125,21.100830078125,51.1298828125,8.242389412771445e-06
1260,168.10733032226562,158.9180908203125,23.60400390625,56.919830322265625,1.9271658402431058e-06
1260,627.2384033203125,162.7465057373047,13.2615966796875,50.716644287109375,0.00010733869567047805
1260,618.1214599609375,138.6407470703125,22.3785400390625,96.26187133789062,1.0838697562576272e-05
1260,591.1531982421875,78.2986068725586,49.3468017578125,238.61764526367188,1.0070300504594343e-06
1260,77.88543701171875,169.55291748046875,22.530548095703125,54.005401611328125,1.6801554011180997e-05
1260,388.19354248046875,159.94940185546875,29.2630615234375,67.20004272460938,6.823219678153691e-07
1260,71.65988159179688,177.71578979492188,24.355804443359375,55.539642333984375,6.644434324698523e-05
1260,627.3363037109375,177.056884765625,13.1636962890625,60.265411376953125,2.3933162083267234e-06
1260,62.97821807861328,184.5875701904297,26.621917724609375,59.876312255859375,2.6130519472644664e-06
1260,78.97682189941406,184.17654418945312,25.05615234375,57.9849853515625,3.4713189052126836e-06
1290,192.76759338378906,150.96058654785156,21.61773681640625,51.23699951171875,5.87189015277545e-06
1290,511.31134033203125,149.5514678955078,22.544921875,52.712677001953125,3.914371700375341e-05
1290,1.8303031921386719,162.5723876953125,22.00803565979004,52.2354736328125,1.1979278497165069e-05
1290,502.44268798828125,145.88259887695312,27.906982421875,64.99578857421875,3.805518417721032e-06
1290,0.0,166.58181762695312,15.695929527282715,55.69287109375,3.4989120649697725e-06
1290,7.9749250411987305,168.2132110595703,21.93655776977539,52.54791259765625,9.204120942740701e-06
1320,617.7079467773438,52.76506042480469,20.8128662109375,50.596282958984375,2.428150992273004e-06
1320,627.20947265625,51.1851806640625,13.29052734375,52.138397216796875,9.285089618060738e-06
1320,618.8220825195312,25.991405487060547,21.67791748046875,101.38838195800781,3.7282602534105536e-06
1320,610.4342651367188,57.65251541137695,20.6402587890625,50.84652328491211,7.55279979784973e-05
1320,623.7550048828125,121.0712661743164,16.7449951171875,75.68904876708984,1.0014724466600455e-05
1320,400.0692443847656,143.59986877441406,22.23419189453125,53.389678955078125,2.903399945353158e-06
1320,388.34356689453125,146.72610473632812,22.0498046875,52.5316162109375,1.4875312217554892e-06
1320,627.2227172851562,148.3895721435547,13.27728271484375,50.721954345703125,0.00010328484495403245
1320,160.7307586669922,155.99560546875,22.28106689453125,53.04541015625,5.499056896951515e-06
1320,169.65097045898438,155.83944702148438,21.193756103515625,51.5548095703125,4.7272992560465354e-06
1320,178.74383544921875,155.74327087402344,20.9383544921875,51.163177490234375,6.8598228608607315e-06
1320,216.0840606689453,149.7893524169922,21.623382568359375,50.716827392578125,2.3612103177583776e-05
1320,394.94952392578125,153.4497528076172,21.77294921875,51.80377197265625,8.713811257621273e-05
1320,619.0714111328125,151.9175567626953,21.4285888671875,55.718505859375,5.349331331672147e-06
1320,0.0,160.1648406982422,15.355693817138672,55.467529296875,5.874853286513826e-06
1320,185.0233612060547,158.0714569091797,21.12152099609375,51.324371337890625,2.2732037905370817e-06
1320,211.05010986328125,155.46255493164062,22.10504150390625,53.988433837890625,6.156955350888893e-06
1320,399.0874938964844,161.45834350585938,23.3216552734375,55.900299072265625,5.543459792534122e-06
1320,627.0537109375,166.95802307128906,13.4462890625,51.83465576171875,1.2749396773870103e-05
1320,601.2982788085938,363.6930847167969,39.20172119140625,116.80691528320312,4.888334842689801e-06
1350,627.2338256835938,139.8070068359375,13.26617431640625,50.782501220703125,9.699120710138232e-06
1350,10.061498641967773,156.662109375,23.04637336730957,55.61859130859375,3.690761332109105e-06
1350,209.6053009033203,158.04673767089844,20.93621826171875,50.8262939453125,6.1269897742022295e-06
1350,424.6062927246094,154.55490112304688,22.02020263671875,52.6070556640625,3.472546814009547e-05
1350,433.8805847167969,152.5970001220703,21.80181884765625,51.52374267578125,3.983701390097849e-06
1350,440.896240234375,151.16090393066406,21.5992431640625,52.3043212890625,4.457389422896085e-06
1350,4.493865966796875,163.72581481933594,21.200748443603516,50.588836669921875,1.5400976280943723e-06
1350,168.56593322753906,163.36802673339844,22.307281494140625,53.910888671875,1.1635675036814064e-06
1350,177.001708984375,163.24969482421875,22.0562744140625,52.779876708984375,2.730151891228161e-06
1350,185.1573944091797,162.77928161621094,21.642852783203125,50.7342529296875,3.347488018334843e-05
1350,193.2501678466797,162.30548095703125,21.267669677734375,51.166259765625,1.552043431729544e-05
1350,202.94451904296875,163.39205932617188,21.14471435546875,51.479888916015625,3.574000174921821e-06
1350,476.0884704589844,155.68006896972656,21.04071044921875,51.829681396484375,1.2217492439958733e-05
1380,0.0,145.09451293945312,15.953598976135254,56.10943603515625,6.787687652831664e-06
1380,615.490966796875,145.17282104492188,25.009033203125,68.15420532226562,9.384162922287942e-07
1380,625.7731323242188,149.09315490722656,14.72686767578125,54.29638671875,8.161421283148229e-05
1380,1.1502084732055664,154.65542602539062,22.205432891845703,52.96630859375,1.7822858353611082e-05
1380,459.1930847167969,161.84483337402344,21.640869140625,51.37347412109375,1.1541202184162103e-05
1380,0.0,164.18557739257812,15.336518287658691,56.466094970703125,3.656613216662663e-06
1380,185.2890167236328,170.68130493164062,21.9722900390625,51.943328857421875,5.867797767677985e-07
1380,192.61431884765625,168.6671142578125,21.62506103515625,51.5711669921875,5.96057088841917e-06
1380,0.0,345.74188232421875,57.93488693237305,134.75811767578125,3.463128678049543e-06
1380,601.2568359375,361.87823486328125,39.2431640625,118.62176513671875,4.12245526604238e-06
1410,595.1671142578125,0.0,45.3328857421875,122.22962188720703,3.367028284628759e-06
1410,593.0166015625,118.59983825683594,34.9482421875,83.05752563476562,0.00018520701269153506
1410,605.101318359375,133.9995880126953,26.827880859375,63.042327880859375,1.340351445833221e-05
1410,622.0477905273438,126.02532958984375,18.45220947265625,77.07546997070312,3.5849272990162717e-06
1410,600.1569213867188,144.15625,24.158447265625,58.238067626953125,0.0004784621123690158
1410,616.60693359375,146.4924774169922,20.9603271484375,51.13568115234375,1.0102407941303682e-05
1410,627.2005004882812,146.967041015625,13.29949951171875,51.192230224609375,2.1111274691065773e-05
1410,481.4186096191406,151.64743041992188,23.38916015625,55.77203369140625,7.040490163490176e-05
1410,490.7557678222656,152.458984375,22.588531494140625,52.735382080078125,1.2215674360049888e-05
1410,0.0,161.2392578125,16.816892623901367,54.366455078125,4.3022992031183094e-05
1410,39.987640380859375,168.96023559570312,22.11371612548828,52.13177490234375,1.8085835108649917e-05
1410,474.25579833984375,159.35763549804688,21.152099609375,50.806182861328125,5.354895256459713e-05
1410,497.7463073730469,157.26681518554688,22.159759521484375,52.447509765625,0.00015231117140501738
1410,534.5757446289062,151.09844970703125,27.215087890625,66.82852172851562,8.952459756983444e-05
1410,523.5700073242188,114.79194641113281,55.8935546875,132.39633178710938,7.949332939460874e-06
1410,461.6530456542969,82.03271484375,145.29800415039062,295.0028991699219,1.075827003660379e-05
1410,184.4578094482422,169.66709899902344,22.7781982421875,54.14111328125,3.7707220599259017e-06
1410,192.36183166503906,171.2345428466797,23.12982177734375,54.268585205078125,1.0111101801157929e-05
1410,200.00685119628906,170.06961059570312,22.746551513671875,53.219085693359375,3.1475460673391353e-06
1410,208.7375946044922,168.80467224121094,22.41473388671875,52.551116943359375,1.6403653717134148e-05
1410,216.4204559326172,168.4388885498047,21.947845458984375,51.2012939453125,4.945966338709695e-06
1410,532.263671875,164.22097778320312,21.3917236328125,51.02557373046875,0.00011661404278129339
1410,490.2978820800781,171.13365173339844,21.29364013671875,51.653106689453125,1.2054736941990996e-07
1410,493.0778503417969,161.1333465576172,30.498504638671875,71.04745483398438,3.8744670405321813e-07
1410,504.5422668457031,171.9049530029297,20.736297607421875,50.595245361328125,2.259328539366834e-06
1410,0.0,139.06781005859375,30.460947036743164,145.36630249023438,2.9771738354611443e-06
1410,0.0,115.41199493408203,53.16450500488281,225.55615234375,9.512113138043787e-06
1440,539.861083984375,155.40426635742188,22.385498046875,51.9560546875,0.0002352665615035221
1440,626.9558715820312,149.56509399414062,13.54412841796875,50.53045654296875,3.0664101359434426e-05
1440,618.3958129882812,153.54388427734375,22.10418701171875,53.801055908203125,8.418045581493061e-06
1440,0.0,151.17677307128906,19.4991397857666,75.7012939453125,4.572000307234703e-06
1440,233.0989227294922,161.32774353027344,22.84283447265625,54.121063232421875,2.925381750173983e-06
1440,532.2349853515625,144.01565551757812,35.315673828125,80.21682739257812,5.938924800830137e-07
1440,531.6566162109375,116.98208618164062,54.513671875,123.37295532226562,9.235398010787321e-07
1440,476.15093994140625,95.83537292480469,138.3499755859375,289.8416748046875,2.2507676476379856e-05
1440,548.7317504882812,159.89602661132812,21.0841064453125,50.82763671875,0.002347951754927635
1440,215.80943298339844,169.3504638671875,24.002471923828125,55.420166015625,1.8076584638038184e-06
1440,223.85256958007812,167.594482421875,23.818328857421875,55.86395263671875,1.931622364281793e-06
1440,0.0,177.7928466796875,13.093465805053711,50.555450439453125,2.9743587219854817e-06
1440,208.32843017578125,173.40921020507812,23.34808349609375,54.798614501953125,2.8111483061366016e-06
1440,539.5955810546875,163.96995544433594,32.5572509765625,77.3165283203125,6.747046654709266e-07
1470,626.5125122070312,141.32156372070312,13.98748779296875,53.197296142578125,7.297666797967395e-06
1470,546.0339965820312,157.7647247314453,22.0762939453125,54.15509033203125,4.5979693823028356e-05
1470,616.2401123046875,148.44190979003906,24.2598876953125,59.448699951171875,1.9204589989385568e-05
1470,262.4832763671875,151.00912475585938,23.9117431640625,55.067718505859375,2.0443234461708926e-05
1470,613.0152587890625,111.77352905273438,27.4847412109375,125.04989624023438,1.6934263840084895e-05
1470,255.17288208007812,158.64588928222656,22.88458251953125,53.81390380859375,5.442024485091679e-05
1470,548.8853149414062,159.90780639648438,27.64306640625,67.89984130859375,2.8541348910948727e-06
1470,626.408203125,160.804931640625,14.091796875,51.336639404296875,0.0001524035760667175
1470,231.88075256347656,166.3661346435547,24.178680419921875,57.083160400390625,7.807514521118719e-06
1470,248.22422790527344,165.89871215820312,23.523239135742188,55.113067626953125,3.1754851079313084e-05
1470,541.4019775390625,167.43460083007812,21.0260009765625,50.630706787109375,2.2942490431887563e-06
1470,470.115478515625,95.21038818359375,147.38916015625,293.89263916015625,4.1489773138891906e-05
1470,216.12789916992188,173.8519287109375,23.474884033203125,56.468963623046875,6.9203470047796145e-06
1470,223.72982788085938,176.05006408691406,23.60345458984375,55.571258544921875,2.491735131116002e-06
1470,240.37966918945312,171.76486206054688,24.78558349609375,56.621185302734375,1.1679161616484635e-05
1470,251.72259521484375,163.134521484375,29.92926025390625,72.46771240234375,1.5914340110612102e-05
1470,545.6548461914062,175.04283142089844,21.110107421875,52.97039794921875,9.68448966887081e-06
1470,610.973388671875,408.48211669921875,29.526611328125,72.01788330078125,3.195012368450989e-06
1470,601.181640625,361.3580017089844,39.318359375,119.14199829101562,4.696285486716079e-06
1500,255.26901245117188,156.7317352294922,22.21307373046875,52.93670654296875,7.346216989390086e-06
1500,553.7833862304688,167.97877502441406,21.2843017578125,50.97222900390625,0.011408519931137562
1500,608.5908203125,163.36929321289062,23.3233642578125,55.1011962890625,9.897530617308803e-06
1500,616.246826171875,160.89382934570312,24.253173828125,57.346893310546875,1.9057939425692894e-05
1500,627.1952514648438,163.30447387695312,13.30474853515625,51.131011962890625,0.00015345436986535788
1500,612.8903198242188,114.73880004882812,27.60968017578125,129.48358154296875,4.2196529648208525e-06
1500,248.96749877929688,167.10491943359375,23.811279296875,55.831512451171875,1.969836557691451e-05
1500,537.9298095703125,122.47569274902344,55.5810546875,122.37625122070312,3.024867964995792e-06
1500,483.3241271972656,102.44538879394531,139.63479614257812,293.30841064453125,1.5991032341844402e-05
1500,232.05044555664062,177.04388427734375,24.51068115234375,57.571685791015625,8.826811495055154e-07
1500,239.84666442871094,174.80763244628906,25.005722045898438,57.994720458984375,3.985544481110992e-06
1500,504.94744873046875,173.6017303466797,23.0379638671875,54.924835205078125,1.855360437730269e-06
1500,512.5108642578125,172.4412841796875,22.9609375,54.955902099609375,5.404688749877096e-07
1500,223.7483673095703,181.86729431152344,23.97528076171875,56.106658935546875,2.8046383704349864e-06
1500,254.4298095703125,179.38046264648438,23.84954833984375,55.5469970703125,9.90895841823658e-06
1500,547.52587890625,177.28244018554688,22.7669677734375,53.624725341796875,1.3563137144956272e-05
1500,558.0733032226562,173.5357666015625,22.2548828125,55.224700927734375,0.0003272125613875687
1500,627.28564453125,178.05242919921875,13.21435546875,58.009185791015625,3.915810339094605e-06
1500,548.111083984375,171.5533447265625,32.0838623046875,76.30569458007812,1.8474453327144147e-06
1530,625.7218017578125,76.18682098388672,14.7781982421875,59.33733367919922,2.3821244212740567e-06
1530,610.0042724609375,90.95606994628906,24.646484375,57.44047546386719,0.0012460047146305442
1530,617.584716796875,71.00492858886719,22.915283203125,95.70591735839844,1.6472079096274683e-06
1530,623.5381469726562,93.48770141601562,16.96185302734375,62.60247802734375,3.278955045971088e-05
1530,607.0586547851562,98.6224594116211,32.3118896484375,75.25714874267578,1.4870395716570783e-05
1530,621.0758056640625,104.19940185546875,19.4241943359375,82.860595703125,8.489896572427824e-06
1530,595.663330078125,57.153114318847656,44.836669921875,231.11093139648438,8.748846198614046e-07
1530,607.9247436523438,112.91338348388672,32.57525634765625,105.93097686767578,1.066124332282925e-05
1530,555.158203125,170.7758026123047,21.3353271484375,50.894317626953125,0.938937246799469
1530,617.5520629882812,165.00717163085938,21.7938232421875,51.23175048828125,4.2858082451857626e-05
1530,618.3228149414062,139.21697998046875,22.17718505859375,95.59329223632812,3.7466591038537445e-06
1530,123.70149230957031,172.42965698242188,22.57232666015625,53.68377685546875,2.958016011689324e-05
1530,537.1493530273438,128.57313537597656,55.0780029296875,115.45797729492188,1.137509229920397e-06
1530,488.630126953125,106.75990295410156,134.1253662109375,291.34405517578125,5.423537913884502e-06
1530,564.0142822265625,168.3242645263672,21.953857421875,53.925689697265625,1.0566993296379223e-05
1530,610.323486328125,169.80946350097656,22.727294921875,54.05718994140625,1.647325689191348e-06
1530,626.1610717773438,167.6276397705078,14.33892822265625,57.255767822265625,4.8180503654293716e-05
1530,547.50732421875,156.49862670898438,35.2879638671875,82.60018920898438,4.4729013097821735e-06
1530,129.01136779785156,186.0460205078125,21.6572265625,51.88153076171875,0.01088180486112833
1530,547.5669555664062,177.40138244628906,23.111328125,55.26190185546875,1.9779723515966907e-05
1530,134.7298126220703,193.79281616210938,20.89990234375,50.68560791015625,1.4870835912006442e-05
1530,122.33197784423828,192.28024291992188,22.397056579589844,55.28082275390625,1.0407714398752432e-05
1530,125.0510025024414,189.27816772460938,29.37329864501953,70.85443115234375,0.0007476538303308189
1560,597.43115234375,77.39688110351562,31.354248046875,71.16787719726562,3.420116991037503e-05
1560,608.3008422851562,87.07311248779297,22.0889892578125,53.826637268066406,9.467677955399267e-06
1560,614.7384033203125,84.29652404785156,25.7615966796875,63.413055419921875,3.7103127397131175e-06
1560,611.1319580078125,42.37981414794922,29.3680419921875,136.19827270507812,1.306857257077354e-06
1560,603.1988525390625,84.864013671875,34.3363037109375,78.43986511230469,0.00015960786549840122
1560,625.9878540039062,90.42991638183594,14.51214599609375,53.843963623046875,2.3356735709967325e-06
1560,622.6085205078125,99.85116577148438,17.8914794921875,67.57864379882812,3.0276352845248766e-05
1560,615.8925170898438,90.22667694091797,24.60748291015625,106.78397369384766,2.7597547159530222e-05
1560,598.985107421875,101.61448669433594,41.514892578125,114.6634521484375,0.00041238628909923136
1560,585.3298950195312,112.63179779052734,44.2845458984375,110.21540069580078,9.83150748652406e-05
1560,623.02490234375,131.49258422851562,17.47509765625,66.92523193359375,3.7835241073480574e-06
1560,591.3446044921875,61.46675109863281,49.1553955078125,221.61680603027344,6.261861926759593e-06
1560,0.0,145.17111206054688,14.261554718017578,56.1385498046875,1.7295171346631832e-05
1560,16.425382614135742,153.1602020263672,22.793832778930664,53.39544677734375,5.869079814146971e-06
1560,610.7450561523438,140.7181854248047,29.75494384765625,80.95535278320312,2.127319748979062e-05
1560,551.2922973632812,173.35650634765625,21.686279296875,51.107513427734375,0.9878118634223938
1560,600.3468627929688,162.015625,22.0938720703125,53.063995361328125,3.2766995445854263e-06
1560,626.1474609375,160.42564392089844,14.3525390625,52.0625,0.00011417745554354042
1560,610.6723022460938,165.86634826660156,20.9371337890625,51.373138427734375,1.3940858480054885e-05
1560,618.004150390625,165.85816955566406,21.092529296875,50.685516357421875,7.433423161273822e-05
1560,484.4339904785156,132.75445556640625,134.41671752929688,276.99029541015625,8.057753802859224e-06
1560,545.1641845703125,160.77783203125,35.707275390625,82.24664306640625,3.0077583232923644e-06
1560,559.27197265625,179.24940490722656,20.8560791015625,51.0233154296875,1.1552941032277886e-05
1560,626.649658203125,182.9815216064453,13.850341796875,50.931488037109375,7.2939028541441076e-06
1560,546.1049194335938,180.2085418701172,22.0286865234375,53.430877685546875,1.5144810276979115e-05
1560,120.3752670288086,197.89564514160156,24.58234405517578,56.35491943359375,2.7662304091791157e-06
1590,0.0,144.6702880859375,15.95063591003418,54.7413330078125,1.7659693185123615e-05
1590,111.19896697998047,163.0750732421875,21.81745147705078,52.36920166015625,1.9971139408880845e-05
1590,627.0150756835938,155.83229064941406,13.48492431640625,50.61102294921875,1.2510127817222383e-05
1590,617.3658447265625,159.3520050048828,22.69482421875,52.742523193359375,6.789688086428214e-06
1590,106.97145080566406,174.4075927734375,22.564544677734375,53.628509521484375,0.0007932357839308679
1590,544.1765747070312,174.55136108398438,21.33642578125,50.7757568359375,0.9999613761901855
1590,538.396240234375,161.11380004882812,34.7041015625,81.10067749023438,2.1540704437938984e-06
1590,484.0220031738281,123.53128051757812,129.20187377929688,270.6231689453125,7.0363612394430675e-06
1590,558.0699462890625,172.9593048095703,22.1800537109375,53.24853515625,1.3422009033092763e-05
1590,627.1153564453125,177.86282348632812,13.3846435546875,50.590179443359375,4.7079134674277157e-05
1590,622.718994140625,165.51956176757812,17.781005859375,75.71444702148438,1.4487136468233075e-05
1590,120.02832794189453,182.0076904296875,23.780967712402344,57.104278564453125,6.50166794002871e-06
1590,443.75982666015625,183.82313537597656,20.39129638671875,50.51385498046875,1.1177782653248869e-05
1590,449.3671875,185.0198974609375,22.78167724609375,53.336395263671875,1.6056097592809238e-05
1590,551.72900390625,177.57591247558594,21.702880859375,51.475250244140625,0.0006737001240253448
1590,110.95470428466797,185.14649963378906,25.92180633544922,61.608856201171875,2.9546756650233874e-06
1590,127.0574951171875,191.05471801757812,23.871673583984375,57.135009765625,2.196947434640606e-06
1590,538.6558837890625,179.2753448486328,21.6597900390625,52.6053466796875,0.0001487872505094856
1620,417.4176330566406,166.98721313476562,22.94708251953125,54.277099609375,5.5691591114737093e-05
1620,240.4187469482422,175.4287872314453,21.661727905273438,51.674041748046875,7.950819963298272e-06
1620,423.4505920410156,171.14306640625,23.1685791015625,55.6163330078125,4.449434527487028e-06
1620,627.2239379882812,178.13970947265625,13.27606201171875,50.642578125,1.2404124390741345e-05
1650,386.0173645019531,159.241943359375,23.044677734375,54.83154296875,6.636530997639056e-06
1650,18.913373947143555,167.21783447265625,23.61429786682129,55.807769775390625,0.016242649406194687
1650,530.7989501953125,168.2190399169922,25.5174560546875,60.72991943359375,6.014931568643078e-05
1650,9.479080200195312,170.43081665039062,23.212875366210938,57.150909423828125,1.8411383280181326e-05
1650,25.365436553955078,175.09742736816406,22.731887817382812,53.576995849609375,0.026027953252196312
1650,378.2533874511719,169.95228576660156,22.8463134765625,54.0296630859375,3.0074743335717358e-06
1650,392.1125183105469,171.56663513183594,21.52642822265625,51.98199462890625,0.00046185258543118834
1650,525.2525024414062,144.08421325683594,47.845947265625,102.2799072265625,1.3073535001240089e-06
1650,496.4941711425781,104.51885223388672,92.09878540039062,235.44534301757812,1.2999810678593349e-05
1650,548.1835327148438,171.6307373046875,23.1568603515625,55.050537109375,0.00016717638936825097
1650,0.0,178.5760498046875,13.902339935302734,51.547210693359375,1.9720508134923875e-05
1650,17.66062355041504,162.63604736328125,36.99285888671875,83.1605224609375,3.43474093824625e-05
1650,7.965782165527344,133.2502899169922,54.841094970703125,119.27224731445312,2.2583033114642603e-06
1650,0.0,97.98382568359375,91.4660873413086,302.7900085449219,2.3405889805871993e-05
1650,193.89559936523438,178.89720153808594,20.99407958984375,51.405609130859375,1.066286949935602e-05
1650,539.0364990234375,171.92054748535156,26.1043701171875,62.1058349609375,0.9997572302818298
1650,476.77435302734375,140.5611114501953,127.6016845703125,278.73907470703125,6.7325859163247515e-06
1650,0.02782440185546875,182.78176879882812,23.68793487548828,56.802764892578125,1.2560097275127191e-05
1650,31.28638458251953,184.10350036621094,22.01006317138672,52.506011962890625,0.08209151774644852
1650,198.0303955078125,184.07522583007812,25.3348388671875,58.449432373046875,0.0015672940062358975
1650,386.78253173828125,177.94345092773438,22.69183349609375,54.639617919921875,0.0008243489428423345
1650,0.0,145.90016174316406,30.1186580657959,135.6980438232422,1.1991199244221207e-05
1650,0.0,123.70059967041016,49.665218353271484,216.46478271484375,5.067641723144334e-06
1650,37.94559097290039,188.64013671875,22.706161499023438,55.103546142578125,0.0006149241817183793
1650,627.401123046875,191.76805114746094,13.098876953125,57.66180419921875,3.890539119311143e-06
1650,18.20438575744629,193.21005249023438,22.345083236694336,53.93768310546875,1.9523909941199236e-05
1650,23.65899085998535,188.5556182861328,25.625234603881836,61.53741455078125,0.0006513120024465024
1650,204.4149627685547,193.37847900390625,26.30810546875,60.86065673828125,2.8993466912652366e-05
1650,0.0,193.9560089111328,20.23365020751953,82.10032653808594,5.420388788479613e-06
1650,31.80486297607422,198.87071228027344,23.603919982910156,56.51739501953125,1.217889348481549e-05
1650,23.667482376098633,176.5777587890625,37.108665466308594,91.52035522460938,4.2159122131124604e-06
1650,249.49020385742188,281.85980224609375,21.87103271484375,51.37274169921875,0.00010624715650919825
1680,627.335205078125,49.451622009277344,13.164794921875,57.741058349609375,6.300949280557688e-06
1680,626.9048461914062,139.15823364257812,13.59515380859375,53.191009521484375,1.9377941953280242e-06
1680,617.6395263671875,154.74534606933594,20.8282470703125,50.653533935546875,4.977921435056487e-06
1680,622.6077270507812,144.65065002441406,17.89227294921875,75.389404296875,1.2742468243231997e-05
1680,627.22607421875,161.16725158691406,13.27392578125,51.26373291015625,2.0022154785692692e-05
1680,182.82376098632812,178.3061065673828,24.246795654296875,57.363494873046875,4.221817653160542e-05
1680,0.0,177.02931213378906,15.94560432434082,58.637542724609375,7.434697181452066e-06
1680,170.3862762451172,184.3142547607422,22.844879150390625,53.902374267578125,0.042240746319293976
1680,360.86956787109375,172.20401000976562,23.402587890625,56.306427001953125,5.707444870495237e-06
1680,540.5470581054688,172.69635009765625,26.0496826171875,62.091522216796875,4.754406836582348e-05
1680,532.3421020507812,152.92181396484375,45.452880859375,97.238525390625,5.243622922534996e-07
1680,549.5703125,171.37445068359375,26.0224609375,62.20086669921875,0.9999978542327881
1680,492.89520263671875,125.46885681152344,123.05908203125,282.11322021484375,2.879671228583902e-06
1680,567.3571166992188,174.93936157226562,21.9781494140625,52.981842041015625,1.6970033129837248e-06
1680,0.7514371871948242,186.47900390625,23.620738983154297,55.95159912109375,2.2134532628115267e-05
1680,190.68295288085938,186.2997589111328,22.511138916015625,53.539306640625,6.578307875315659e-06
1680,154.68228149414062,192.54202270507812,20.793212890625,50.883331298828125,3.18220099870814e-06
1680,163.68344116210938,190.3712158203125,21.399078369140625,51.878326416015625,3.500859747873619e-05
1680,176.92623901367188,189.62835693359375,22.482391357421875,53.182830810546875,0.015299382619559765
1680,556.9298706054688,177.1318359375,26.17041015625,60.779144287109375,0.00010310271318303421
1680,627.5517578125,194.6878204345703,12.9482421875,50.534332275390625,8.13069345895201e-06
1680,0.0,123.23351287841797,48.473453521728516,223.64682006835938,1.1464786439319141e-05
1680,5.967068672180176,197.36572265625,24.16443634033203,57.274383544921875,4.144594186072936e-06
1680,168.00003051757812,196.14764404296875,26.538330078125,61.879180908203125,7.364707926171832e-06
1680,182.66246032714844,196.36734008789062,25.1998291015625,59.655517578125,7.367489160969853e-06
1710,600.412353515625,51.93034744262695,21.618408203125,51.845394134521484,8.205347512557637e-06
1710,617.116455078125,51.76338195800781,21.7620849609375,53.1231689453125,2.7775135094998404e-05
1710,607.6053466796875,58.855812072753906,26.0406494140625,60.82279968261719,1.679652268649079e-05
1710,625.6325073242188,57.37787628173828,14.86749267578125,55.2960205078125,1.3427271369437221e-05
1710,622.316650390625,64.16580963134766,18.183349609375,74.26265716552734,2.954576484626159e-05
1710,613.6536254882812,34.63898468017578,26.84637451171875,125.88860321044922,2.216368784502265e-06
1710,627.1832885742188,83.22544860839844,13.31671142578125,51.28175354003906,2.9220665965112858e-05
1710,590.5770874023438,11.65997314453125,49.92291259765625,234.84915161132812,8.235561836045235e-06
1710,360.4712219238281,165.12135314941406,21.4761962890625,52.585906982421875,1.583687549100432e-06
1710,353.6735534667969,168.4119873046875,22.03253173828125,52.760833740234375,8.637270184408408e-06
1710,152.430419921875,182.83128356933594,22.45526123046875,53.731109619140625,1.5246423572534695e-05
1710,345.6164245605469,171.4379119873047,22.855224609375,55.897430419921875,2.117768417519983e-06
1710,564.4705810546875,177.1173095703125,22.5350341796875,54.58056640625,7.443423328368226e-06
1710,575.6674194335938,173.1016845703125,26.8065185546875,64.50421142578125,0.9999988079071045
1710,514.0527954101562,128.39288330078125,126.44720458984375,284.56353759765625,2.8448819193727104e-06
1710,569.7653198242188,154.09312438964844,45.706787109375,106.50804138183594,1.3203392654759227e-06
1710,588.9198608398438,176.21969604492188,24.6590576171875,58.8822021484375,0.010399791412055492
1710,599.1063842773438,176.68292236328125,21.657958984375,51.175567626953125,0.00024351014872081578
1710,607.1148681640625,177.15577697753906,21.2625732421875,51.533599853515625,1.248480020876741e-05
1710,627.2971801757812,178.81454467773438,13.20281982421875,50.91400146484375,1.8914719476015307e-05
1710,145.8250274658203,188.5189666748047,23.12939453125,54.26605224609375,2.641879291331861e-05
1710,169.7661895751953,185.34555053710938,21.525726318359375,51.9979248046875,0.00017327858950011432
1710,617.2203369140625,184.87118530273438,21.1533203125,50.786865234375,4.305036782170646e-06
1710,137.11563110351562,192.1485595703125,23.486236572265625,54.24224853515625,3.6534759146888973e-06
1710,161.09622192382812,189.47824096679688,22.9483642578125,55.213409423828125,4.488652393774828e-06
1710,568.4981689453125,180.45761108398438,26.3668212890625,64.63455200195312,8.532875654054806e-05
1710,610.6491088867188,406.71484375,29.85089111328125,73.78515625,2.5901367735059466e-06
1710,601.1243896484375,361.0711669921875,39.3756103515625,119.4288330078125,4.8961592256091535e-06
1740,626.6625366210938,42.03764343261719,13.83746337890625,52.755828857421875,1.222730497829616e-05
1740,610.33837890625,23.816173553466797,30.16162109375,120.97738647460938,1.3280705388751812e-05
1740,610.857421875,54.52143859863281,23.1378173828125,55.27891540527344,1.399625602971355e-06
1740,626.0773315429688,59.754737854003906,14.42266845703125,51.6866455078125,0.0002101397985825315
1740,617.8270263671875,52.28678512573242,22.6729736328125,80.926025390625,0.0008598791318945587
1740,593.6409912109375,28.020530700683594,46.8590087890625,210.68368530273438,0.0003739517414942384
1740,611.2053833007812,72.66413116455078,23.7906494140625,56.761741638183594,1.4019701666256879e-06
1740,607.8600463867188,69.01314544677734,32.63995361328125,112.09809112548828,0.0017666269559413195
1740,628.0823364257812,85.26261901855469,12.41766357421875,50.59832763671875,6.900398147990927e-06
1740,620.7254638671875,82.31411743164062,19.7745361328125,77.47682189941406,2.6689463084039744e-06
1740,602.7772216796875,104.51885986328125,37.7227783203125,116.7010498046875,4.6512536755471956e-07
1740,567.6809692382812,94.47806549072266,72.81903076171875,223.3623046875,6.430838766391389e-06
1740,329.53271484375,161.6098175048828,23.13104248046875,53.81292724609375,1.2780842553183902e-05
1740,603.0100708007812,171.04373168945312,21.03466796875,51.65936279296875,8.043946581892669e-05
1740,594.1488647460938,141.68597412109375,46.35113525390625,112.92144775390625,1.7304822904407047e-05
1740,336.9043884277344,168.1586456298828,22.52490234375,53.74951171875,2.319639861525502e-06
1740,624.3248291015625,172.64178466796875,16.1751708984375,56.660247802734375,0.00012026805779896677
1740,129.5349884033203,183.65977478027344,23.13409423828125,53.290985107421875,2.754035222096718e-06
1740,595.78955078125,175.5443572998047,26.502197265625,64.78594970703125,5.433235128293745e-05
1740,543.523193359375,134.09963989257812,96.976806640625,275.88543701171875,4.210182851238642e-06
1740,613.3501586914062,175.58932495117188,25.4539794921875,57.319091796875,6.921734166098759e-05
1740,136.12411499023438,189.94326782226562,23.496246337890625,55.818939208984375,9.30061360122636e-05
1740,166.37835693359375,185.10716247558594,21.58056640625,50.909820556640625,1.9531024008756503e-05
1740,603.4576416015625,171.7609100341797,30.037353515625,72.08602905273438,0.9999836683273315
1740,121.24103546142578,193.69244384765625,23.452415466308594,53.451385498046875,9.104485343414126e-07
1740,145.16162109375,193.53988647460938,21.628326416015625,51.552093505859375,0.00018432247452437878
1740,160.8677978515625,190.12042236328125,21.6650390625,51.05267333984375,0.0008047620649449527
1740,154.46298217773438,192.66871643066406,21.448699951171875,53.087554931640625,1.304807847191114e-05
1740,621.0785522460938,180.8266143798828,19.42144775390625,76.42680358886719,1.165443791251164e-05
1770,596.48974609375,0.0,44.01025390625,123.68583679199219,8.453575901512522e-07
1770,611.196044921875,37.271514892578125,29.303955078125,144.53880310058594,1.992041688936297e-06
1770,593.70263671875,3.465972900390625,46.79736328125,239.2540740966797,7.834394637029618e-06
1770,622.5460815429688,91.48040771484375,17.95391845703125,80.6837158203125,5.8971886573999655e-06
1770,615.759765625,95.77525329589844,24.740234375,108.17831420898438,2.138058334821835e-05
1770,328.831787109375,166.58673095703125,22.63909912109375,53.63958740234375,6.362953172356356e-06
1770,596.36279296875,78.68992614746094,44.13720703125,241.69642639160156,4.325811914895894e-06
1770,314.17364501953125,170.70481872558594,22.698974609375,53.988922119140625,4.395030828163726e-06
1770,321.7146301269531,169.9868927001953,22.45831298828125,54.368194580078125,5.829359724884853e-05
1770,335.69873046875,169.15733337402344,22.929931640625,54.321197509765625,1.349645799564314e-06
1770,627.447265625,174.09530639648438,13.052734375,51.106903076171875,4.816506589122582e-06
1770,122.17066955566406,191.2909393310547,22.108184814453125,51.883758544921875,2.1198648028075695e-05
1770,608.7869262695312,183.0091552734375,23.603271484375,55.29974365234375,1.9254646304034395e-06
1770,617.2647705078125,186.27352905273438,23.2352294921875,55.90643310546875,1.3319058780325577e-05
1770,96.95713806152344,193.72021484375,22.593399047851562,53.08074951171875,1.1261057579758926e-06
1770,104.765625,194.96002197265625,22.190475463867188,52.227752685546875,1.4092597666603979e-06
1770,113.95018005371094,194.68389892578125,22.14520263671875,52.495391845703125,1.202447856485378e-05
1770,135.71092224121094,192.61390686035156,23.081512451171875,55.719329833984375,1.0529141036386136e-05
1770,155.23793029785156,191.46875,21.579193115234375,51.0391845703125,0.00012425107706803828
1770,626.9950561523438,194.86404418945312,13.50494384765625,51.1839599609375,8.856754720909521e-05
1770,126.54012298583984,193.940673828125,24.745567321777344,58.98858642578125,0.0005416350904852152
1770,146.9791717529297,196.1287078857422,20.9793701171875,50.96197509765625,1.4706788533658255e-05
1770,628.2028198242188,210.69227600097656,12.29718017578125,59.06449890136719,9.570969268679619e-06
1800,595.6489868164062,0.0,44.85101318359375,121.25315856933594,7.51739094084769e-07
1800,306.2844543457031,170.95477294921875,22.53070068359375,52.5216064453125,2.951197984657483e-06
1800,328.58734130859375,173.64462280273438,23.07977294921875,53.11297607421875,1.7966085579246283e-05
1800,120.60377502441406,186.13153076171875,21.542144775390625,51.37506103515625,1.802661790861748e-05
1800,160.13034057617188,181.81884765625,21.486114501953125,51.83428955078125,5.574131864705123e-05
1800,312.690185546875,176.38331604003906,22.3641357421875,53.806793212890625,1.101597626984585e-05
1800,320.8938293457031,176.81314086914062,21.6651611328125,51.899566650390625,4.285522209102055e-06
1800,146.16183471679688,185.13685607910156,22.832275390625,55.590301513671875,2.8385424229782075e-05
1800,153.30911254882812,184.5318145751953,22.30413818359375,53.2474365234375,0.0022265266161412
1800,627.5040283203125,183.8008575439453,12.9959716796875,57.344146728515625,8.384427019336727e-06
1800,81.46428680419922,193.28887939453125,22.598068237304688,53.41436767578125,9.87080784398131e-06
1800,88.9317626953125,193.90240478515625,22.457717895507812,53.495086669921875,7.083235686877742e-07
1800,97.03340148925781,194.82000732421875,21.98443603515625,52.0498046875,1.2956513728568098e-06
1800,107.29318237304688,194.21205139160156,21.766555786132812,52.3880615234375,6.241868686629459e-05
1800,114.53043365478516,193.1070556640625,21.54328155517578,51.850555419921875,0.00030395996873266995
1800,128.06727600097656,191.99647521972656,21.27392578125,51.814239501953125,1.0889444638451096e-05
1800,137.3612823486328,189.4247283935547,21.451446533203125,52.698089599609375,2.0831469100812683e-06
1800,114.5667953491211,188.78182983398438,31.243675231933594,72.2841796875,5.8725898270495236e-05
1830,306.7481994628906,171.77496337890625,21.42657470703125,50.672882080078125,2.302754182892386e-06
1830,313.7785949707031,171.79080200195312,21.474853515625,50.987701416015625,2.6266154236509465e-05
1830,321.44354248046875,172.6134033203125,21.6656494140625,51.035003662109375,1.0624407877912745e-05
1830,626.228515625,170.7735595703125,14.271484375,58.7564697265625,5.551480171561707e-06
1830,328.34014892578125,177.5106201171875,22.156005859375,52.348114013671875,6.313827725534793e-06
1830,105.31587219238281,190.21592712402344,22.1361083984375,51.79132080078125,2.7550820959731936e-05
1830,137.3987579345703,189.14797973632812,22.611541748046875,53.698028564453125,3.84894178750983e-07
1830,144.75747680664062,187.4920196533203,22.62164306640625,53.5728759765625,1.4896635320837959e-06
1830,79.46957397460938,194.31716918945312,23.085830688476562,54.272857666015625,9.685699296824168e-06
1830,87.61263275146484,193.76348876953125,22.795318603515625,54.392303466796875,9.179692028737918e-07
1830,98.14019012451172,192.9835205078125,23.743804931640625,55.12615966796875,8.613564205006696e-06
1830,112.41064453125,193.97401428222656,21.516891479492188,51.638671875,6.892019428050844e-06
1830,129.40184020996094,192.6135711669922,20.718841552734375,51.3231201171875,5.469271400215803e-06
1830,520.6473999023438,187.2887420654297,21.8001708984375,51.402984619140625,6.551149908773368e-06
1830,627.2869873046875,193.1991729736328,13.2130126953125,50.587188720703125,1.4834322428214364e-05
1830,72.44343566894531,198.7734375,22.7615966796875,53.799224853515625,1.7011174122671946e-06
1830,105.59747314453125,189.1492462158203,31.530776977539062,73.28202819824219,1.7570626368978992e-05
1860,408.8774719238281,103.47628784179688,21.70953369140625,51.776885986328125,1.7706066500977613e-05
1860,80.05805206298828,190.17401123046875,22.400482177734375,52.95245361328125,1.9639244328573113e-06
1860,520.2095336914062,186.295166015625,21.5628662109375,50.616363525390625,4.801931027031969e-06
1860,73.35242462158203,192.72193908691406,22.055694580078125,52.191650390625,1.9393641196074896e-05
1860,514.2069702148438,191.05068969726562,22.2330322265625,51.814727783203125,3.4024087653961033e-06
1860,627.0430297851562,194.06759643554688,13.45697021484375,51.705596923828125,3.1500228942604735e-05
1860,39.265296936035156,201.1307373046875,23.106033325195312,54.096527099609375,3.0428439004026586e-06
1860,47.30889892578125,201.75506591796875,23.540191650390625,54.251800537109375,4.326496764406329e-06
