30,595.8544311523438,0.0,44.64556884765625,118.78142547607422,1.1021522823284613e-06
30,592.4232788085938,152.19442749023438,23.9515380859375,55.777130126953125,1.0451915841258597e-05
30,627.5361328125,153.08834838867188,12.9638671875,51.371795654296875,8.964795597421471e-06
30,410.5210876464844,169.77456665039062,22.5863037109375,52.174957275390625,2.6987229375663446e-06
30,626.4820556640625,168.8100128173828,14.0179443359375,53.492401123046875,3.351714440213982e-06
30,0.0,177.1988525390625,15.440858840942383,54.316925048828125,4.3750391341745853e-05
30,424.4430236816406,177.1311798095703,21.28924560546875,51.364349365234375,4.904168690700317e-06
30,430.7673645019531,176.05638122558594,23.84326171875,56.348846435546875,5.999579570925562e-06
30,438.9508056640625,176.50238037109375,23.4244384765625,55.4737548828125,2.0685015442722943e-06
30,415.9731140136719,179.01800537109375,22.96319580078125,54.530487060546875,0.00011708413512678817
60,626.6658935546875,155.04359436035156,13.8341064453125,53.41021728515625,4.652234565583058e-06
60,455.9602355957031,167.83221435546875,23.5501708984375,56.526275634765625,9.344196769234259e-06
60,487.0352783203125,160.0063934326172,24.84564208984375,57.412628173828125,2.572662879174459e-06
60,401.287841796875,167.70535278320312,21.498779296875,51.514862060546875,1.832635280152317e-05
60,408.53814697265625,166.8668212890625,22.20648193359375,53.93170166015625,2.136341208824888e-06
60,623.1090087890625,158.96067810058594,17.3909912109375,76.395751953125,7.210000148916151e-06
60,611.5382690429688,123.07398986816406,28.96173095703125,136.85581970214844,3.712227453434025e-06
60,595.5359497070312,87.89604187011719,44.96405029296875,238.1985626220703,1.101329780794913e-05
60,0.0,178.42544555664062,15.927562713623047,56.880767822265625,2.5689487301860936e-06
60,627.84375,176.72946166992188,12.65625,52.039154052734375,1.1294515388726722e-05
60,1.2956619262695312,187.97384643554688,22.094329833984375,52.426361083984375,5.386222983361222e-05
60,0.0,199.39193725585938,15.185212135314941,53.24346923828125,2.5203135010087863e-06
60,6.639927864074707,197.00823974609375,22.008560180664062,51.481842041015625,1.3393013205131865e-06
90,402.2904968261719,162.83212280273438,21.7451171875,51.80596923828125,4.950958555127727e-06
90,627.945556640625,162.05038452148438,12.554443359375,51.333160400390625,8.732318747206591e-06
90,0.0,176.00157165527344,13.443608283996582,51.469757080078125,7.886675120971631e-06
120,465.8482666015625,30.296483993530273,20.9449462890625,50.50444030761719,0.9988037347793579
120,457.6353759765625,19.726139068603516,35.44610595703125,78.29270935058594,2.202180439780932e-05
120,473.58038330078125,128.56320190429688,22.89678955078125,51.951080322265625,5.0097823987016454e-06
120,1.5375280380249023,154.668701171875,23.490520477294922,56.118408203125,8.781925316725392e-06
120,628.2411499023438,145.33279418945312,12.25885009765625,51.355743408203125,4.614349563780706e-06
120,0.0,162.9494171142578,16.28850555419922,52.10711669921875,2.7459696866571903e-05
120,0.0,79.27484130859375,58.69465637207031,313.5235900878906,2.998387344632647e-06
120,424.34417724609375,167.22723388671875,22.7379150390625,54.23944091796875,2.2394842744688503e-05
120,418.05255126953125,172.9279327392578,21.4407958984375,52.452545166015625,4.589150648826035e-06
120,429.65802001953125,170.27944946289062,25.1571044921875,58.657440185546875,3.0083749607001664e-06
150,0.0,140.43386840820312,15.098052024841309,58.007568359375,1.4318565035864594e-06
150,436.9078063964844,156.9365692138672,20.94683837890625,50.555938720703125,6.509894774353597e-06
150,438.9093322753906,151.34591674804688,28.26055908203125,68.02560424804688,2.6172742764174473e-06
150,360.0021667480469,58.21827697753906,149.5870361328125,320.12310791015625,6.034939815435791e-06
150,0.0,162.17013549804688,13.867477416992188,52.487060546875,0.0005800596554763615
150,0.0,139.0847625732422,22.08969497680664,97.11526489257812,4.943047770211706e-06
150,0.0,80.66877746582031,63.63518142700195,311.3822021484375,3.8810630940133706e-06
150,88.28715515136719,167.0345458984375,21.584747314453125,51.609588623046875,7.761509550618939e-06
150,448.5171813964844,163.63198852539062,20.73919677734375,50.68194580078125,4.064077984367032e-06
150,0.0,182.56141662597656,13.017732620239258,50.90106201171875,3.852599093079334e-06
180,431.81109619140625,148.5213165283203,20.5709228515625,51.0975341796875,5.4642973736918066e-06
180,458.55548095703125,148.2881622314453,21.02410888671875,51.05267333984375,7.122766419342952e-06
180,465.26239013671875,150.38693237304688,21.589599609375,52.572967529296875,0.00017993635265156627
180,488.37286376953125,150.31512451171875,21.16162109375,50.9718017578125,0.0038539390079677105
180,422.54107666015625,147.6247100830078,26.74932861328125,62.915191650390625,9.379787115904037e-07
180,447.844482421875,144.49789428710938,27.97998046875,68.0126953125,1.131886619987199e-06
180,380.31732177734375,45.44464111328125,147.441162109375,316.65228271484375,4.101108061149716e-06
180,550.8353271484375,155.52590942382812,22.1497802734375,52.158355712890625,3.4241500088683097e-06
180,0.0,58.08709716796875,118.40067291259766,306.3333740234375,4.6566333367081825e-06
180,537.1136474609375,162.5117950439453,20.9136962890625,50.53839111328125,5.93517288507428e-05
180,0.0,168.617919921875,15.695505142211914,56.38519287109375,1.1476043255242985e-05
180,8.871321678161621,169.1793975830078,22.218692779541016,53.463287353515625,3.342428681207821e-05
180,17.371070861816406,168.16317749023438,21.759647369384766,51.517730712890625,4.6300989197334275e-05
180,472.5052185058594,159.95669555664062,21.23876953125,52.697479248046875,8.17103500594385e-06
180,530.6561889648438,164.61788940429688,21.21435546875,51.684234619140625,7.931091204227414e-06
180,543.3430786132812,164.0355987548828,21.8099365234375,52.764312744140625,7.861063932068646e-05
180,619.7113647460938,146.9336395263672,20.78863525390625,98.89071655273438,4.764743607665878e-06
180,0.0,149.49444580078125,22.099451065063477,95.697998046875,3.3470541893620975e-06
180,25.950763702392578,172.52496337890625,20.701019287109375,50.810516357421875,3.1210390716296388e-06
180,33.203025817871094,170.28909301757812,22.775611877441406,55.65087890625,1.370460608995927e-06
180,626.4944458007812,183.71832275390625,14.00555419921875,57.943359375,1.6582882381044328e-05
210,601.4850463867188,139.42581176757812,22.2127685546875,53.634979248046875,1.5236481885949615e-05
210,603.9614868164062,135.94171142578125,30.1883544921875,71.97213745117188,4.9753376515582204e-05
210,456.8319091796875,150.14053344726562,21.86431884765625,52.934539794921875,3.142207060591318e-05
210,583.4717407226562,147.72581481933594,24.6585693359375,62.071136474609375,8.976328899734654e-06
210,505.960205078125,160.13055419921875,21.2564697265625,50.627960205078125,0.9987730383872986
210,571.4594116210938,154.20199584960938,22.095458984375,53.35174560546875,0.00021220561757218093
210,607.94677734375,152.17323303222656,21.3673095703125,51.31158447265625,0.007888023741543293
210,478.5777893066406,145.33865356445312,26.15008544921875,62.161224365234375,0.0008009166340343654
210,462.9318542480469,70.89846801757812,99.26260375976562,248.4329833984375,1.1495782018755563e-05
210,539.7774658203125,140.89752197265625,33.918212890625,75.88809204101562,2.6333269488532096e-05
210,578.837890625,161.1395721435547,21.428955078125,50.66845703125,0.9408929347991943
210,594.0584106445312,157.45541381835938,21.818115234375,51.4044189453125,8.064560825005174e-05
210,615.6239013671875,152.51589965820312,22.8919677734375,54.253692626953125,0.0027136465068906546
210,626.6151733398438,154.03851318359375,13.88482666015625,50.961212158203125,0.0024710088036954403
210,614.907470703125,113.96037292480469,25.592529296875,126.03298950195312,5.134605089551769e-06
210,589.5657348632812,73.88439178466797,50.93426513671875,243.93865966796875,1.034682099998463e-05
210,499.0286560058594,143.974853515625,35.761077880859375,80.76931762695312,1.726132268231595e-06
210,440.6625061035156,113.95343017578125,134.41891479492188,271.474609375,8.570357749704272e-06
210,517.5060424804688,155.67489624023438,21.815185546875,52.479278564453125,2.1343741991586285e-06
210,540.1860961914062,153.55697631835938,21.431640625,52.18975830078125,0.00021397363161668181
210,547.6575317382812,153.84645080566406,21.6949462890625,51.602386474609375,0.9854442477226257
210,560.180908203125,156.46128845214844,21.5185546875,51.54498291015625,1.2134050848544575e-05
210,569.5414428710938,142.81784057617188,36.9581298828125,82.8175048828125,4.551071924652206e-06
210,510.06805419921875,94.41619873046875,130.43194580078125,290.9915466308594,6.028209554642672e-06
210,34.27720642089844,166.62948608398438,21.644943237304688,53.467254638671875,4.786783392773941e-06
210,41.18552780151367,162.1704559326172,21.973289489746094,52.630340576171875,8.45352315081982e-06
210,602.08203125,157.95323181152344,22.98486328125,54.1922607421875,0.00021661262144334614
210,606.2057495117188,160.855224609375,26.6680908203125,62.045654296875,6.629699055338278e-05
210,623.0855102539062,160.1937713623047,17.41448974609375,77.70806884765625,6.223557284101844e-05
240,0.3213787078857422,81.22162628173828,21.008514404296875,50.52356719970703,2.6661717129172757e-05
240,0.0,93.70071411132812,14.182916641235352,52.0198974609375,8.463712219963782e-06
240,0.0,65.71893310546875,22.8918514251709,101.84002685546875,3.2784525956230937e-06
240,503.20147705078125,142.37669372558594,28.0733642578125,67.40145874023438,2.975084726131172e-06
240,565.2233276367188,128.97052001953125,38.3690185546875,94.17446899414062,2.5318502139271004e-07
240,512.0695190429688,151.18516540527344,21.08984375,50.582489013671875,0.42660999298095703
240,569.6771850585938,147.41806030273438,21.2933349609375,51.839569091796875,3.2104100682772696e-05
240,598.6907348632812,139.71954345703125,23.844970703125,54.81060791015625,7.573310540465172e-06
240,583.2628784179688,149.9031982421875,24.2060546875,57.33245849609375,7.40745454095304e-05
240,591.2276000976562,144.93429565429688,23.74072265625,54.322479248046875,0.000119344076665584
240,145.42832946777344,159.98318481445312,21.083038330078125,50.7213134765625,3.376636414031964e-06
240,500.42877197265625,152.25534057617188,21.072265625,51.478546142578125,2.4288145141326822e-05
240,433.36688232421875,86.60769653320312,140.78680419921875,288.73199462890625,4.678021014115075e-06
240,118.93744659423828,163.60044860839844,25.74390411376953,59.70892333984375,1.5369811308119097e-06
240,137.54290771484375,162.54981994628906,22.781768798828125,55.055816650390625,2.0452412172744516e-06
240,556.6880493164062,156.72271728515625,25.637451171875,62.36541748046875,7.580645615234971e-05
240,550.0863647460938,137.5118865966797,44.62744140625,92.44696044921875,4.935516244586324e-07
240,564.1813354492188,154.03712463378906,27.5506591796875,65.88314819335938,0.9999901056289673
240,511.1077880859375,115.81159973144531,123.323974609375,283.98883056640625,2.4952878447948024e-06
240,572.9539184570312,158.13674926757812,24.8055419921875,58.139007568359375,0.3657439053058624
270,8.588720321655273,111.07758331298828,21.397388458251953,51.22058868408203,2.935159727712744e-06
270,625.4257202148438,118.61703491210938,15.07427978515625,53.614990234375,1.844749931478873e-06
270,603.001708984375,131.0516815185547,23.27587890625,55.75115966796875,8.645198249723762e-05
270,599.4760131835938,116.44874572753906,33.152587890625,80.3101806640625,8.21173580334289e-06
270,611.9219970703125,127.05633544921875,27.6279296875,63.898193359375,0.004455074667930603
270,608.4189453125,140.15272521972656,23.4002685546875,55.396209716796875,0.38239046931266785
270,624.8738403320312,136.390380859375,15.62615966796875,54.16650390625,8.87961286935024e-05
270,551.2830810546875,102.7310791015625,89.2169189453125,264.6545104980469,8.224400517065078e-06
270,530.6146240234375,161.14248657226562,21.3909912109375,51.43798828125,4.357752004580107e-06
270,538.4459838867188,162.75006103515625,22.0902099609375,51.83782958984375,2.1553509213845246e-05
270,468.33319091796875,77.58323669433594,143.4708251953125,308.32598876953125,3.986050160165178e-06
270,550.2286376953125,163.67721557617188,20.873291015625,50.555572509765625,0.0067596882581710815
270,603.6152954101562,149.21560668945312,22.2177734375,54.718963623046875,1.0110667972185183e-05
270,614.053466796875,149.7394561767578,24.264404296875,56.91619873046875,3.928254500351613e-06
270,625.4960327148438,151.651123046875,15.00396728515625,59.8272705078125,3.474611048659426e-06
270,604.3811645507812,145.27435302734375,33.2137451171875,80.75180053710938,1.2767563021043316e-05
270,601.8905029296875,360.64373779296875,38.6094970703125,119.85626220703125,4.849974629905773e-06
300,610.54833984375,141.8710479736328,20.403076171875,50.502655029296875,4.182322300039232e-06
300,625.60205078125,137.92149353027344,14.89794921875,53.454559326171875,3.2515688417333877e-06
300,449.04095458984375,149.29263305664062,21.32305908203125,50.99359130859375,2.7723046969185816e-06
300,587.722412109375,151.26010131835938,20.6805419921875,51.12738037109375,1.3460734407999553e-05
300,520.01416015625,154.0902557373047,28.0894775390625,66.10748291015625,1.1366274748070282e-06
300,528.9031372070312,161.19761657714844,22.9910888671875,53.698211669921875,0.00017789652338251472
300,543.1879272460938,163.101318359375,22.8829345703125,54.18841552734375,4.1622770368121564e-05
300,608.619873046875,147.0562744140625,27.987060546875,66.86175537109375,0.9999771118164062
300,550.143310546875,136.04931640625,90.356689453125,273.222412109375,1.714071913738735e-06
300,602.7579956054688,134.7991943359375,37.74200439453125,99.03582763671875,1.6959800632321276e-05
300,621.240966796875,149.23387145996094,19.259033203125,61.491546630859375,0.0002534266095608473
300,536.9391479492188,167.03814697265625,21.878662109375,51.47625732421875,0.0008471228647977114
300,592.1490478515625,153.72308349609375,24.68505859375,58.9298095703125,9.540936298435554e-05
300,603.6689453125,154.14993286132812,24.152099609375,55.8709716796875,0.007075011730194092
300,625.205322265625,167.4979248046875,15.294677734375,56.7724609375,2.30374894272245e-06
300,593.3277587890625,102.00763702392578,47.1722412109375,231.05596923828125,3.391621021364699e-06
300,602.0059814453125,363.3719177246094,38.4940185546875,117.12808227539062,4.962970706401393e-06
330,520.6657104492188,0.0,103.2996826171875,213.46755981445312,4.32558908869396e-06
330,623.555908203125,106.03394317626953,16.944091796875,75.97325897216797,5.795991455670446e-06
330,627.6919555664062,131.93270874023438,12.80804443359375,51.30364990234375,3.5487613786244765e-05
330,536.9603271484375,137.8298797607422,24.891357421875,57.2708740234375,6.497632966784295e-06
330,203.35403442382812,151.94097900390625,21.4012451171875,50.73614501953125,4.838452696276363e-06
330,542.4214477539062,147.56820678710938,24.6036376953125,56.212921142578125,4.887989689450478e-06
330,627.6646118164062,151.95230102539062,12.83538818359375,51.42193603515625,9.299472367274575e-06
330,0.0,161.1564178466797,15.954020500183105,55.181610107421875,9.934790796251036e-06
330,0.0,135.96682739257812,22.406801223754883,96.48687744140625,1.4277603668233496e-06
330,8.983602523803711,162.78585815429688,21.684810638427734,51.705474853515625,4.3215462142143224e-07
330,601.638916015625,363.99566650390625,38.861083984375,116.50433349609375,4.344291937741218e-06
360,608.8820190429688,150.21888732910156,22.10791015625,52.299072265625,9.02284500625683e-06
360,0.0,159.78121948242188,16.33619499206543,53.046630859375,0.00022637241636402905
360,552.8305053710938,151.1663818359375,22.394775390625,53.05633544921875,8.8391789176967e-05
360,0.0,162.59820556640625,25.923633575439453,63.696044921875,2.520245652704034e-05
360,0.0,119.79898834228516,31.291501998901367,126.26146697998047,3.2373050089518074e-06
360,0.0,100.56819152832031,60.686187744140625,303.03887939453125,1.0813092558237258e-05
360,627.5571899414062,168.859619140625,12.94281005859375,51.34100341796875,2.1481178919202648e-05
360,0.0,179.10101318359375,14.922096252441406,51.09869384765625,1.3650701475853566e-05
360,602.35498046875,364.920654296875,38.14501953125,115.579345703125,6.600616870855447e-06
390,627.5287475585938,88.31242370605469,12.97125244140625,52.6165771484375,8.753771908232011e-06
390,622.4056396484375,110.6478271484375,18.0943603515625,78.27029418945312,8.038367013796233e-06
390,612.3482666015625,82.36740112304688,28.1517333984375,130.68930053710938,4.350900780991651e-06
390,593.3699340820312,56.61571502685547,47.13006591796875,233.60992431640625,2.755440846158308e-06
390,626.9224853515625,143.15464782714844,13.5775146484375,51.45379638671875,3.332663618493825e-05
390,393.6872253417969,157.46835327148438,21.924560546875,50.6744384765625,5.575895443143963e-07
390,497.35888671875,159.17315673828125,20.71685791015625,51.484954833984375,4.372505827632267e-06
390,504.7165222167969,160.64065551757812,20.869110107421875,51.218292236328125,6.066337618904072e-07
450,527.275146484375,152.44281005859375,40.6358642578125,100.06463623046875,7.892588655522559e-06
450,0.0,184.8428955078125,15.999265670776367,56.244781494140625,1.0479333468538243e-05
480,17.805587768554688,166.00753784179688,21.541584014892578,53.45562744140625,6.91164700583613e-07
480,627.6636962890625,157.19395446777344,12.8363037109375,50.885223388671875,1.3766348274657503e-05
480,623.7018432617188,144.66746520996094,16.79815673828125,77.30099487304688,3.609042551033781e-06
480,0.0,171.3278045654297,13.755744934082031,52.781402587890625,2.5148010536213405e-06
480,627.0635375976562,178.0314483642578,13.43646240234375,52.81976318359375,2.9336286388570443e-05
480,618.459228515625,162.80702209472656,22.040771484375,97.77442932128906,1.4544975783792324e-05
480,627.1324462890625,198.13702392578125,13.3675537109375,52.92529296875,2.3130141926230863e-05
510,626.5244750976562,151.24351501464844,13.97552490234375,51.86676025390625,1.0775520422612317e-05
510,614.6848754882812,154.07171630859375,25.81512451171875,67.98956298828125,6.341955668176524e-06
510,612.6740112304688,115.66091918945312,27.82598876953125,130.29800415039062,7.944331628095824e-06
510,569.6539306640625,62.56443786621094,70.8460693359375,317.06719970703125,6.839782599854516e-06
510,0.0,169.88238525390625,15.17782211303711,55.41668701171875,5.778490503871581e-06
510,432.7099609375,167.52175903320312,21.6314697265625,51.12908935546875,1.1954954288739827e-06
510,625.0639038085938,167.24998474121094,15.43609619140625,56.073272705078125,0.00027419967227615416
510,617.756591796875,179.337158203125,21.9180908203125,51.06280517578125,1.50759597090655e-05
510,626.4760131835938,186.42091369628906,14.02398681640625,61.85595703125,5.733287252951413e-06
510,619.3516235351562,163.01622009277344,21.14837646484375,97.82868957519531,1.8094315237249248e-06
540,0.0,160.1105194091797,15.277889251708984,54.853118896484375,8.600086403021123e-06
540,627.5203857421875,202.99195861816406,12.9796142578125,52.857391357421875,4.834043465962168e-06
570,529.6572875976562,157.56101989746094,22.75146484375,54.539947509765625,0.00022383469331543893
570,541.6129150390625,156.48770141601562,24.8697509765625,56.764373779296875,4.986045951227425e-06
570,0.0,169.21864318847656,15.164443969726562,55.031585693359375,4.908468781650299e-06
570,523.16064453125,162.56484985351562,22.9710693359375,55.075103759765625,2.5407105113117723e-06
570,627.849609375,178.4066925048828,12.650390625,51.760009765625,5.024586698709754e-06
600,596.1622314453125,0.0,44.3377685546875,128.04017639160156,3.3304331736871973e-06
600,593.324462890625,154.06582641601562,21.6993408203125,52.792236328125,2.039689888988505e-06
600,627.7483520507812,149.7919921875,12.75164794921875,50.756622314453125,2.7267427867627703e-05
600,320.00079345703125,158.2799835205078,21.94866943359375,51.709716796875,6.07580914220307e-05
600,627.3285522460938,166.813232421875,13.17144775390625,51.1627197265625,2.9010201615164988e-05
600,0.0,177.04518127441406,16.73775291442871,50.811859130859375,4.841203190153465e-05
600,0.0,94.48619079589844,60.10749816894531,310.49755859375,2.855495949916076e-06
630,0.0,151.1890869140625,14.226934432983398,51.218353271484375,9.881319783744402e-06
630,0.4731178283691406,151.1841278076172,26.030805587768555,61.426544189453125,7.163721602410078e-05
630,443.5134582519531,151.90562438964844,23.84613037109375,56.281982421875,6.482534899987513e-07
630,560.0736083984375,153.80075073242188,20.7540283203125,50.657806396484375,3.0778194286540383e-06
630,460.06646728515625,154.48289489746094,23.00567626953125,55.271759033203125,5.543491170101333e-06
630,8.18571949005127,165.66590881347656,21.62674331665039,51.216156005859375,0.03567417338490486
630,74.576171875,162.23361206054688,21.868408203125,52.11572265625,2.625028400871088e-06
630,452.3067626953125,160.3561248779297,21.135498046875,50.862945556640625,0.10151764005422592
630,444.3874206542969,145.4485626220703,34.9581298828125,78.21142578125,9.981960829463787e-06
630,386.05548095703125,100.91644287109375,132.99285888671875,283.34271240234375,7.962542440509424e-06
630,627.533203125,158.32369995117188,12.966796875,57.0550537109375,9.129820682574064e-06
630,0.0,166.22882080078125,15.874556541442871,56.11669921875,5.9237681853119284e-05
630,0.0,98.77157592773438,50.37767028808594,225.69415283203125,1.137743402068736e-05
630,2.1096439361572266,175.1551971435547,21.963191986083984,52.43609619140625,6.870835477457149e-06
630,601.4429931640625,363.1177673339844,39.0570068359375,117.38223266601562,5.181098458706401e-06
660,627.85009765625,131.62106323242188,12.64990234375,52.505523681640625,9.29709494812414e-06
660,457.3546142578125,148.10140991210938,22.867919921875,55.742340087890625,3.9936207940627355e-06
660,464.95477294921875,154.94024658203125,20.778564453125,50.84722900390625,1.5157030475165811e-06
660,474.8086853027344,153.7477264404297,21.138671875,50.55889892578125,6.162326826597564e-07
660,488.55377197265625,157.23974609375,21.09429931640625,50.576934814453125,0.00015137586160562932
660,591.149169921875,151.67495727539062,22.17138671875,52.805694580078125,0.00010244785516988486
660,25.069461822509766,158.3242950439453,22.35382080078125,53.40618896484375,1.7298256352660246e-05
660,479.4430847167969,155.1132354736328,27.78564453125,66.11932373046875,5.840881385665853e-06
660,627.7976684570312,153.15484619140625,12.70233154296875,51.55047607421875,9.607786523702089e-06
660,0.0,160.34080505371094,15.101572036743164,53.419586181640625,3.899810690199956e-05
660,497.3454895019531,163.0902862548828,22.165191650390625,52.721771240234375,8.480549695377704e-06
690,489.0277099609375,165.16612243652344,20.95318603515625,51.282745361328125,5.971763130219188e-06
690,599.7691650390625,162.93658447265625,21.9615478515625,52.412841796875,2.767125806713011e-05
690,0.0,159.4056396484375,14.594406127929688,54.80462646484375,8.952245480031706e-06
690,479.3624267578125,163.42002868652344,26.85845947265625,64.8751220703125,2.4616911105113104e-06
690,507.9664001464844,168.8463897705078,21.414031982421875,50.858978271484375,0.007991570048034191
690,409.0835266113281,171.22869873046875,21.8507080078125,51.007965087890625,1.4212193491403013e-05
690,450.8126525878906,108.82342529296875,135.28237915039062,289.9084777832031,1.2435618373274338e-05
690,512.8212890625,157.12496948242188,35.793212890625,78.44500732421875,1.4703519809700083e-05
690,526.1185913085938,172.21173095703125,21.2744140625,50.84661865234375,0.0045249611139297485
690,537.5636596679688,170.4942169189453,22.0897216796875,52.5120849609375,3.2850988645805046e-05
690,605.1090087890625,169.05029296875,26.9808349609375,61.7635498046875,1.7760065020411275e-05
690,515.1114501953125,171.32562255859375,21.8785400390625,52.01275634765625,0.8575574159622192
690,543.7794799804688,175.04957580566406,21.612548828125,51.13751220703125,2.7915397367905825e-05
690,579.4830322265625,173.8822479248047,21.59521484375,51.653533935546875,2.662792212504428e-05
690,588.0455932617188,169.05453491210938,28.7225341796875,67.75314331054688,0.0038841001223772764
690,614.2134399414062,173.80389404296875,26.28656005859375,61.20166015625,6.166180810396327e-06
690,626.9522094726562,177.593505859375,13.54779052734375,52.39385986328125,2.4381342882406898e-05
690,576.8713989257812,168.53358459472656,30.448974609375,73.8232421875,2.009261879720725e-05
690,596.5016479492188,174.3741912841797,28.91162109375,68.85415649414062,0.00010837078298209235
690,598.312744140625,162.95233154296875,38.2725830078125,94.04608154296875,1.9531807993189432e-05
690,590.7020263671875,100.54308319091797,49.7979736328125,235.93740844726562,7.022551471891347e-06
690,584.5344848632812,162.52023315429688,41.485107421875,101.22604370117188,2.4341945390915498e-05
720,586.6873168945312,147.51852416992188,21.792724609375,52.093597412109375,2.07854882319225e-05
720,507.8079833984375,155.69180297851562,22.38916015625,52.426727294921875,0.0002293334691785276
720,578.81103515625,133.40286254882812,42.6256103515625,100.111083984375,2.2127699139673496e-06
720,627.074951171875,148.3856964111328,13.425048828125,50.97943115234375,4.575070761347888e-06
720,545.1650390625,162.09861755371094,21.623779296875,51.773468017578125,0.011926176026463509
720,552.9730834960938,162.03700256347656,21.843505859375,51.863067626953125,0.0009278409415856004
720,560.67138671875,162.13125610351562,22.4814453125,53.231689453125,0.0010178608354181051
720,568.5494995117188,159.37765502929688,21.9329833984375,53.577423095703125,5.5568936659255996e-05
720,0.0,150.48341369628906,18.199451446533203,73.61807250976562,4.1420257730351295e-06
720,24.404525756835938,162.44923400878906,21.851051330566406,51.429931640625,8.548961341148242e-05
720,513.6825561523438,162.95602416992188,21.3897705078125,50.794036865234375,0.6757584810256958
720,522.0319213867188,164.0989532470703,21.8680419921875,52.3494873046875,0.18966959416866302
720,514.120849609375,149.9407958984375,35.54345703125,79.11566162109375,0.0002451206964906305
720,530.2274169921875,147.59024047851562,36.163330078125,82.71234130859375,4.410002929944312e-06
720,471.1240234375,85.30807495117188,143.7740478515625,302.40118408203125,6.8388430918275844e-06
720,587.18701171875,151.8290557861328,28.3671875,67.92501831054688,0.9999938011169434
720,605.4494018554688,155.5357666015625,24.2471923828125,58.2034912109375,3.5022552765440196e-05
720,612.8277587890625,156.00729370117188,27.4111328125,61.03448486328125,2.6827647161553614e-06
720,0.0,166.96115112304688,13.237319946289062,50.530120849609375,1.867064565885812e-05
720,499.3680725097656,167.7115936279297,21.338592529296875,50.94281005859375,9.55916584644001e-06
720,538.245361328125,166.02745056152344,22.24169921875,52.807159423828125,0.0026426149997860193
720,578.3594970703125,155.2090606689453,26.8974609375,64.67153930664062,0.003763042390346527
720,625.4021606445312,165.3362274169922,15.09783935546875,60.178680419921875,1.0126977031177375e-05
720,528.2992553710938,167.55856323242188,22.6043701171875,53.000885009765625,0.10391157120466232
720,595.5953369140625,155.4410858154297,28.6263427734375,67.47592163085938,0.004701037425547838
720,505.5450134277344,172.23248291015625,23.249725341796875,56.965606689453125,8.705495019967202e-06
720,509.4482116699219,164.53005981445312,29.650421142578125,69.78536987304688,8.095998782664537e-05
750,585.462158203125,146.5330810546875,21.2205810546875,51.369293212890625,1.4150657079881057e-05
750,627.2769165039062,142.81678771972656,13.22308349609375,52.35546875,0.00018905813340097666
750,591.8595581054688,150.687255859375,20.35107421875,50.583984375,4.255190106050577e-06
750,564.1365356445312,46.655517578125,76.36346435546875,308.4779052734375,3.5066284453932894e-06
750,534.6295166015625,162.28758239746094,20.968017578125,51.072052001953125,0.15545247495174408
750,524.9126586914062,165.48268127441406,21.9002685546875,52.592559814453125,8.718516619410366e-05
750,571.135498046875,160.676513671875,21.985107421875,52.355560302734375,6.974164080020273e-06
750,579.4190063476562,156.98779296875,21.9859619140625,52.470458984375,4.2123792809434235e-05
750,623.4004516601562,146.71200561523438,17.09954833984375,73.56875610351562,3.950778773287311e-05
750,561.0541381835938,167.0668487548828,21.9102783203125,52.365386962890625,1.1720221664290875e-05
750,566.890380859375,157.96449279785156,31.9708251953125,75.52581787109375,2.932311144832056e-05
750,577.736083984375,153.81820678710938,31.73046875,74.74429321289062,0.0029613864608108997
750,588.3236694335938,158.7078857421875,27.9161376953125,66.3076171875,0.00024639395996928215
750,529.9223022460938,171.73760986328125,22.336669921875,52.679107666015625,0.0018596468726173043
750,542.7205200195312,173.5449981689453,22.9150390625,55.509796142578125,1.9392937247175723e-05
750,553.4522094726562,174.27272033691406,21.695068359375,50.7645263671875,3.20868675771635e-05
750,534.6051635742188,175.35450744628906,24.6248779296875,59.274871826171875,0.00031016720458865166
750,558.5789184570312,176.89796447753906,26.5469970703125,61.883941650390625,1.5079419881658396e-06
750,561.7551879882812,143.05299377441406,51.75341796875,121.20018005371094,3.5953767110186163e-06
750,524.4632568359375,174.22222900390625,31.46630859375,74.02099609375,1.1108220860478468e-05
750,550.5966186523438,185.46206665039062,24.860107421875,59.459259033203125,1.942873723237426e-06
780,0.16011905670166016,167.55746459960938,22.381057739257812,53.904754638671875,1.3865435448678909e-06
780,407.9812927246094,159.78997802734375,23.13671875,55.24468994140625,8.223741133406293e-06
780,0.0,176.09197998046875,14.811281204223633,52.237030029296875,3.6792091123061255e-05
780,627.226318359375,208.8121337890625,13.273681640625,51.8499755859375,3.064826159970835e-06
810,463.5955505371094,27.14902114868164,23.375,55.57107162475586,0.00020002796372864395
810,442.9373474121094,27.681447982788086,20.9205322265625,51.360939025878906,1.1214459846087266e-05
810,42.0500602722168,164.94178771972656,21.67462921142578,51.223846435546875,0.0005764172528870404
810,617.6619873046875,161.978515625,21.320556640625,52.216278076171875,3.4533662983449176e-05
810,627.5004272460938,162.79232788085938,12.99957275390625,51.318267822265625,6.54351752018556e-05
810,619.1864013671875,142.2261962890625,21.3135986328125,94.97598266601562,5.099440386402421e-06
810,0.0,167.79014587402344,14.614425659179688,53.528778076171875,1.1298159279249376e-06
810,594.34375,168.84886169433594,23.207763671875,55.48272705078125,2.3831673843233148e-06
810,607.2345581054688,168.73643493652344,23.66943359375,55.631561279296875,2.6152531063416973e-05
810,601.9676513671875,178.95388793945312,21.9345703125,53.176605224609375,7.697753062529955e-06
810,591.7926025390625,92.4539566040039,48.7073974609375,242.12615966796875,8.883392183633987e-06
810,626.964599609375,180.39576721191406,13.535400390625,58.87457275390625,1.0079380444949493e-05
840,394.8068542480469,163.9908905029297,21.98858642578125,52.812957763671875,9.512984433968086e-06
840,519.8888549804688,173.03880310058594,24.8173828125,57.5863037109375,3.1154959287960082e-06
840,527.162841796875,175.57081604003906,25.8702392578125,59.254486083984375,0.0001888617262011394
840,536.1221313476562,179.49732971191406,22.2249755859375,51.36053466796875,1.9055394659517333e-05
840,530.94775390625,180.86280822753906,32.384765625,76.25883483886719,0.00025373921380378306
840,542.9422607421875,181.74412536621094,23.36669921875,54.50628662109375,0.0005465009016916156
840,537.9360961914062,164.36978149414062,43.83056640625,103.29019165039062,9.896029951050878e-06
840,523.4564208984375,171.26376342773438,45.4915771484375,116.5552978515625,4.044934030389413e-06
870,0.0,0.0,31.90801429748535,74.80299377441406,2.4388846213696525e-06
870,0.0,0.0,61.55671310424805,171.50448608398438,5.9487251746759284e-06
870,417.55712890625,148.90744018554688,20.85699462890625,51.001068115234375,0.0019461465999484062
870,627.6666870117188,138.43287658691406,12.83331298828125,51.580047607421875,3.637115923993406e-06
870,441.10040283203125,165.20401000976562,21.0152587890625,50.866180419921875,0.0005885251448489726
870,600.9598388671875,361.5794982910156,39.5401611328125,118.92050170898438,1.0065452443086542e-05
900,472.2060546875,149.74974060058594,22.0770263671875,56.444000244140625,9.133575531450333e-07
900,389.864990234375,37.555450439453125,151.04888916015625,331.7890625,4.70883378511644e-06
900,0.0,167.78453063964844,14.721049308776855,52.50103759765625,1.47686268974212e-05
900,594.0494384765625,167.84938049316406,22.0333251953125,51.81634521484375,4.443463694769889e-06
900,599.928955078125,166.5888671875,24.4306640625,56.75238037109375,5.130459157953737e-06
900,609.7108154296875,168.35145568847656,20.921875,50.644622802734375,4.48126138508087e-06
900,626.9217529296875,169.5541534423828,13.5782470703125,52.54583740234375,8.204737241612747e-06
930,526.3777465820312,150.2286834716797,24.14599609375,58.31304931640625,5.598959887720412e-06
930,452.690673828125,156.23870849609375,20.900634765625,50.528106689453125,0.0008627405040897429
930,461.9407653808594,154.56451416015625,21.2476806640625,51.80419921875,0.0002024826389970258
930,521.9163818359375,160.0095977783203,21.2144775390625,50.555938720703125,0.9997681975364685
930,0.0,159.9557342529297,15.152454376220703,56.905975341796875,6.866525382065447e-06
930,88.57313537597656,159.514892578125,23.22100830078125,54.8125,1.0903140719165094e-05
930,513.3763427734375,142.5970458984375,36.69677734375,84.02066040039062,7.399682999675861e-06
930,507.4848937988281,116.3345947265625,52.722076416015625,120.26116943359375,7.319587894016877e-06
930,452.11102294921875,108.1068115234375,137.1624755859375,277.31951904296875,1.6743953892728314e-05
930,627.449951171875,169.45164489746094,13.050048828125,51.062713623046875,4.7144862946879584e-06
960,593.59375,70.36737823486328,46.90625,228.56790161132812,2.2752078621124383e-06
960,498.71624755859375,130.05859375,32.4766845703125,77.7877197265625,0.0004497261834330857
960,623.2196044921875,133.23080444335938,17.2803955078125,62.53521728515625,5.957411303825211e-06
960,481.6974792480469,147.00762939453125,22.07000732421875,52.477630615234375,0.00012614829756785184
960,469.8729248046875,149.57955932617188,21.28094482421875,50.615264892578125,0.9856147766113281
960,488.573974609375,153.0248260498047,21.7314453125,51.80157470703125,0.01479106955230236
960,503.6640625,146.08602905273438,22.960205078125,54.743682861328125,0.9995664954185486
960,442.5794372558594,86.28753662109375,131.83877563476562,287.7013854980469,3.773661092054681e-06
960,605.7114868164062,150.6687774658203,21.9310302734375,52.77581787109375,0.010911370627582073
960,0.0,154.50689697265625,15.19178581237793,56.70562744140625,5.1296815399837214e-06
960,596.7467651367188,151.2073516845703,20.6810302734375,50.669952392578125,1.5292437183234142e-06
960,548.775146484375,103.96083068847656,91.724853515625,277.95660400390625,8.264105417765677e-06
960,614.5661010742188,151.5261688232422,24.2310791015625,57.5035400390625,0.9831989407539368
960,612.3866577148438,122.01094055175781,28.11334228515625,114.05703735351562,4.508804067882011e-06
960,461.60382080078125,152.05416870117188,21.208984375,50.7662353515625,0.25341206789016724
960,624.7921752929688,156.16712951660156,15.70782470703125,50.843109130859375,0.0022094103042036295
960,499.0632019042969,156.43287658691406,20.109710693359375,51.0379638671875,2.3781793061061762e-05
960,606.0913696289062,154.76556396484375,30.42333984375,71.24530029296875,0.00040470639942213893
990,0.0,129.2935333251953,15.023258209228516,56.75640869140625,6.729420874762582e-06
990,593.2686157226562,138.32119750976562,21.923095703125,53.037078857421875,0.0006715766503475606
990,627.3863525390625,139.3740692138672,13.1136474609375,51.677886962890625,9.451674486626871e-06
990,586.578125,143.4042510986328,23.9521484375,57.751922607421875,0.0010059595806524158
990,542.07177734375,129.87860107421875,98.42822265625,278.344970703125,2.5370059120177757e-06
990,598.154052734375,144.0841827392578,24.8411865234375,53.72967529296875,5.337764014257118e-05
990,0.0,153.73818969726562,12.953665733337402,50.68701171875,7.056918548187241e-06
990,496.201171875,155.18797302246094,22.15191650390625,51.679901123046875,2.8291864509810694e-05
990,566.2280883789062,144.91371154785156,28.9168701171875,68.80889892578125,4.2974561438313685e-06
990,577.4347534179688,145.35369873046875,29.46435546875,69.82110595703125,0.0004317851853556931
990,583.9715576171875,137.31790161132812,34.2374267578125,81.90472412109375,0.9999955892562866
990,598.6842041015625,141.46392822265625,32.9468994140625,79.58184814453125,3.914916669600643e-05
990,613.417724609375,138.1412811279297,27.082275390625,79.23046875,1.0347649549657945e-05
990,625.2977294921875,157.24383544921875,15.2022705078125,59.2587890625,9.107280675380025e-06
990,591.8445434570312,155.04037475585938,23.5302734375,57.24847412109375,0.00018678895139601082
990,575.87158203125,123.18256378173828,49.1575927734375,118.43816375732422,1.5301321809602086e-06
990,601.8772583007812,359.228759765625,38.62274169921875,121.271240234375,4.610469659382943e-06
1020,162.613525390625,160.1942901611328,21.439788818359375,51.5977783203125,2.735507041506935e-05
1020,176.1149139404297,157.5467987060547,21.36669921875,50.80096435546875,3.3171560062328354e-05
1020,514.850341796875,158.20413208007812,22.8603515625,54.23309326171875,1.273078851227183e-06
1020,528.3486938476562,161.75091552734375,21.7694091796875,51.56964111328125,0.0031444390770047903
1020,536.2891235351562,159.0160675048828,24.62060546875,58.039337158203125,0.0001191265691886656
1020,529.7965698242188,143.8069305419922,34.688232421875,83.42999267578125,3.742816488738754e-06
1020,626.4673461914062,153.22665405273438,14.03265380859375,59.243133544921875,1.3532503544411156e-05
1020,154.10765075683594,162.25975036621094,22.43023681640625,52.654327392578125,1.249083834409248e-05
1020,544.256103515625,170.5349884033203,21.9010009765625,51.74444580078125,0.04201918840408325
1020,168.8813934326172,164.58995056152344,21.852020263671875,52.5828857421875,0.0004009920230600983
1020,469.095947265625,86.55574035644531,147.1961669921875,312.09869384765625,3.972892500314629e-06
1020,617.8593139648438,176.748046875,21.2298583984375,50.995758056640625,8.683314263180364e-06
1020,627.7119140625,176.97091674804688,12.7880859375,50.541473388671875,3.758555249078199e-05
1020,550.4450073242188,177.8766326904297,21.698974609375,52.275299072265625,4.87808983962168e-06
1050,595.6959228515625,0.0,44.8040771484375,128.2587432861328,4.034539870190201e-06
1050,562.9882202148438,140.3033905029297,22.2611083984375,52.38470458984375,0.00026963697746396065
1050,566.387939453125,121.7257080078125,34.8306884765625,87.60052490234375,4.602061096647958e-07
1050,549.9622802734375,72.81095886230469,90.5377197265625,297.09759521484375,8.215338311856613e-06
1050,576.011474609375,144.78182983398438,21.357177734375,50.58660888671875,0.0010877697495743632
1050,621.58740234375,132.77671813964844,18.91259765625,63.45733642578125,0.00017857737839221954
1050,153.4625244140625,151.28082275390625,22.346221923828125,52.636688232421875,1.8906008335761726e-05
1050,556.5568237304688,147.66973876953125,20.868408203125,51.822601318359375,8.798381713859271e-06
1050,582.2725219726562,140.37469482421875,25.9193115234375,62.908966064453125,0.00011203211761312559
1050,591.0501708984375,140.51113891601562,26.2579345703125,62.5091552734375,0.0001931623264681548
1050,603.8666381835938,139.81399536132812,22.1380615234375,52.82794189453125,3.904089317074977e-05
1050,607.5090942382812,134.5397186279297,27.218994140625,65.76577758789062,0.19487546384334564
1050,566.7984008789062,146.7163848876953,24.68994140625,58.634063720703125,0.9895805716514587
1050,610.7085571289062,119.63255310058594,29.79144287109375,118.68917846679688,3.514758645906113e-05
1050,597.79541015625,140.57093811035156,33.202880859375,79.07110595703125,0.00039114104583859444
1050,614.1117553710938,150.02822875976562,26.109375,61.38861083984375,0.00030244412482716143
1050,625.2418823242188,157.45150756835938,15.25811767578125,56.33453369140625,1.9428774976404384e-05
1050,559.095703125,139.20481872558594,35.348876953125,82.56539916992188,7.751138582534622e-06
1050,572.7279663085938,152.491455078125,26.088623046875,63.334991455078125,0.00041299607255496085
1050,586.5531005859375,123.3783950805664,51.775146484375,118.3359603881836,3.712549641932128e-06
1050,608.3863525390625,160.20367431640625,23.34033203125,56.0289306640625,6.901644519530237e-05
1050,594.192138671875,85.57227325439453,46.307861328125,227.53173828125,5.197081918595359e-06
1050,627.3600463867188,175.5895233154297,13.13995361328125,51.563323974609375,1.1345427083142567e-05
1050,601.1907958984375,360.43634033203125,39.3092041015625,120.06365966796875,3.9277451833186205e-06
1080,120.73999786376953,172.73545837402344,23.105552673339844,53.140625,1.59933267696033e-06
1080,127.01676940917969,175.887939453125,24.509735107421875,56.471832275390625,3.647499033831991e-05
1080,134.27789306640625,170.25660705566406,24.258880615234375,54.88482666015625,3.2075020044430858e-06
1110,601.8409423828125,131.15773010253906,21.878173828125,52.58319091796875,9.119736432694481e-07
1110,0.8666315078735352,145.77615356445312,21.756229400634766,53.152191162109375,1.977044485101942e-05
1110,8.689927101135254,145.70555114746094,21.964981079101562,53.735931396484375,1.7192486438943888e-06
1110,627.5227661132812,144.9856414794922,12.97723388671875,51.573944091796875,9.939652045432013e-06
1110,0.0,153.44479370117188,14.629158973693848,51.860687255859375,0.00035020930226892233
1110,0.0,104.1915512084961,33.2580451965332,134.5706787109375,3.1954025416780496e-06
1110,0.0,64.39445495605469,65.79376220703125,314.96710205078125,2.7818556191050448e-05
1110,16.73485565185547,153.6336669921875,21.332565307617188,50.829742431640625,3.93798427467118e-06
1140,15.836066246032715,146.8839111328125,22.15814971923828,54.220977783203125,2.790190228552092e-05
1140,1.68194580078125,149.17202758789062,22.335063934326172,53.544158935546875,5.624010555038694e-06
1140,626.4454956054688,144.24203491210938,14.05450439453125,62.491485595703125,3.179181658197194e-05
1140,0.0,152.83306884765625,14.833398818969727,54.610260009765625,8.141693251673132e-05
1140,10.789753913879395,155.36526489257812,21.44772720336914,50.9705810546875,4.0468839870300144e-05
1140,217.22222900390625,151.3221893310547,22.615753173828125,53.43878173828125,4.897345206700265e-06
1140,618.132080078125,134.54490661621094,22.367919921875,103.55242919921875,2.990948451042641e-05
1140,594.3702392578125,99.57911682128906,46.1297607421875,222.83555603027344,3.914185981557239e-06
1140,449.19415283203125,166.45579528808594,21.1961669921875,51.09619140625,5.5176365094666835e-06
1140,625.24755859375,164.20498657226562,15.25244140625,65.01348876953125,1.0686047971830703e-05
1170,624.2032470703125,131.855712890625,16.2967529296875,63.515350341796875,2.0039694845763734e-06
1170,0.0,155.01812744140625,14.946666717529297,53.623291015625,5.088337275083177e-05
1170,17.52297019958496,159.3560791015625,20.97100257873535,51.3341064453125,3.96928680856945e-06
1170,601.9036254882812,116.19747924804688,38.59637451171875,111.59619140625,3.782733983825892e-06
1170,555.3045654296875,77.66021728515625,85.1954345703125,294.93145751953125,1.1723754141712561e-05
1170,615.9892578125,136.00033569335938,24.5107421875,83.90505981445312,6.730460881954059e-05
1170,592.094482421875,96.56729125976562,48.405517578125,218.66482543945312,5.057556336396374e-06
1170,603.8319091796875,158.76988220214844,22.2357177734375,54.18731689453125,9.143867828242946e-06
1170,614.947509765625,155.745361328125,21.4312744140625,50.550323486328125,0.9993866682052612
1170,624.6694946289062,157.55612182617188,15.83050537109375,50.99761962890625,0.00243394635617733
1170,608.725341796875,162.18609619140625,25.7386474609375,62.32818603515625,3.8275509723462164e-05
1170,626.2697143554688,171.88034057617188,14.23028564453125,53.9295654296875,1.5411320418934338e-05
1200,615.7854614257812,123.957763671875,23.739013671875,54.650634765625,2.3502932435803814e-06
1200,610.0073852539062,129.5479736328125,22.7869873046875,52.6221923828125,8.502471246174537e-06
1200,627.4563598632812,131.18348693847656,13.04364013671875,50.5782470703125,1.0304656825610436e-05
1200,627.4972534179688,152.88357543945312,13.00274658203125,51.625823974609375,3.5128341551171616e-06
1200,0.0,164.18943786621094,15.547731399536133,55.0989990234375,4.725478356704116e-05
1200,0.0,161.23500061035156,25.992252349853516,66.272216796875,1.172865722764982e-06
1200,7.802000999450684,165.97186279296875,21.70388412475586,51.80902099609375,6.066515197744593e-06
1200,482.00775146484375,171.24514770507812,21.28375244140625,50.723297119140625,2.452635089866817e-05
1200,487.99993896484375,170.06886291503906,23.5355224609375,57.008087158203125,4.015621743747033e-05
1200,496.3356628417969,171.21340942382812,22.075225830078125,52.930511474609375,4.00075350626139e-06
1200,501.1449890136719,170.94647216796875,25.613922119140625,61.060333251953125,1.7251431927434169e-06
1200,475.77166748046875,164.898193359375,31.078125,73.68264770507812,8.421610800724011e-06
1230,627.5104370117188,97.7354965209961,12.98956298828125,51.24146270751953,1.4465658750850707e-05
1230,42.312713623046875,151.09701538085938,22.701927185058594,53.93182373046875,2.911410319939023e-06
1230,548.4650268554688,153.61721801757812,23.125732421875,53.798370361328125,0.0002569679927546531
1230,55.00333786010742,164.6784210205078,21.299686431884766,51.58563232421875,0.003182212822139263
1230,530.1417846679688,140.77362060546875,37.1910400390625,83.791748046875,3.5615030355984345e-06
1230,472.5518798828125,92.74269104003906,132.2823486328125,280.02142333984375,1.3908735127188265e-05
1230,543.2164916992188,159.89869689941406,21.723388671875,51.038299560546875,0.04238090664148331
1230,47.81878662109375,167.19493103027344,22.57935333251953,51.293609619140625,0.027637382969260216
1230,440.0594177246094,170.49952697753906,21.00274658203125,50.9271240234375,4.137201358389575e-06
1230,514.329345703125,172.93673706054688,21.158447265625,51.6171875,1.469821086175216e-06
1230,521.8223266601562,168.9467315673828,23.90380859375,59.02215576171875,0.00014048695447854698
1230,529.3819580078125,166.9931182861328,21.9583740234375,52.190093994140625,0.004126997198909521
1230,535.741943359375,162.43411254882812,24.4530029296875,59.452972412109375,0.0014626120682805777
1230,548.0640869140625,165.45599365234375,27.0394287109375,62.846893310546875,1.6550762666156515e-05
1230,39.447410583496094,171.24659729003906,27.870155334472656,64.54730224609375,7.120141526684165e-05
1230,49.17803192138672,166.5272979736328,30.47522735595703,72.64004516601562,4.280955909052864e-05
1230,522.2069702148438,157.8916778564453,36.56640625,87.08816528320312,4.023991550639039e-06
1230,537.869873046875,163.8636474609375,31.8319091796875,78.10870361328125,2.328919799765572e-05
1260,627.5914916992188,149.51185607910156,12.90850830078125,52.004425048828125,3.2626769552734913e-06
1260,619.0830078125,140.85836791992188,21.4169921875,96.32412719726562,2.1135630959179252e-05
1260,424.31640625,170.2756805419922,23.4666748046875,54.6807861328125,4.593804987962358e-06
1260,448.5782165527344,168.51803588867188,21.61199951171875,50.88641357421875,2.8717836357827764e-06
1260,456.5467834472656,168.5408172607422,21.25750732421875,51.254608154296875,6.335844318527961e-06
1260,627.8572387695312,169.77462768554688,12.64276123046875,51.088165283203125,0.00012359027459751815
1260,624.2320556640625,172.35076904296875,16.2679443359375,75.32684326171875,1.7659795048530214e-05
1290,0.0,138.12384033203125,15.360664367675781,58.181121826171875,6.707719876430929e-06
1290,34.96658706665039,146.27255249023438,22.120628356933594,51.60504150390625,5.746908573200926e-05
1290,0.0,149.62954711914062,22.86305046081543,55.951446533203125,2.799027470246074e-06
1290,46.140892028808594,152.8885040283203,22.16900634765625,51.80230712890625,8.870727583598637e-07
1290,425.334716796875,155.4268341064453,22.981689453125,53.228424072265625,2.6133084247703664e-05
1290,0.0,162.44363403320312,14.803489685058594,50.64129638671875,4.461554635781795e-05
1290,8.857430458068848,158.5358428955078,21.650650024414062,51.84625244140625,1.6032443454605527e-05
1290,17.04157257080078,160.54151916503906,22.676197052001953,55.121978759765625,5.493112894328078e-06
1290,26.13616943359375,158.982666015625,22.53314208984375,53.943267822265625,3.1581423627358163e-06
1290,416.5263671875,159.6630096435547,23.6986083984375,55.019195556640625,1.228843302669702e-06
1290,431.8199157714844,159.77760314941406,24.482666015625,56.881195068359375,7.235360499180388e-06
1290,440.4608459472656,161.11170959472656,21.1475830078125,50.790283203125,9.074760782823432e-07
1290,39.437110900878906,159.3462371826172,22.95922088623047,54.379058837890625,3.755667057703249e-05
1290,448.9544677734375,169.66378784179688,21.07147216796875,50.7012939453125,1.906920260807965e-06
1290,455.3819885253906,167.47866821289062,24.43450927734375,57.365753173828125,1.3763591596216429e-05
1290,464.8451232910156,167.82232666015625,21.1192626953125,50.727569580078125,2.6243176307616523e-06
1290,472.7808532714844,168.06410217285156,21.542236328125,51.154571533203125,9.843246516538784e-06
1290,480.132568359375,168.04443359375,21.302490234375,51.146453857421875,4.545719093584921e-06
1290,627.8070068359375,170.6809844970703,12.6929931640625,50.866546630859375,1.6316935216309503e-05
1290,626.763916015625,182.51145935058594,13.736083984375,61.060455322265625,4.96983830089448e-06
1290,602.3985595703125,360.6153259277344,38.1014404296875,119.88467407226562,5.584742211794946e-06
1320,2.2728309631347656,149.48643493652344,22.144540786743164,53.131561279296875,1.3462647984852083e-05
1320,0.0,155.01951599121094,14.240463256835938,54.721893310546875,2.347252484469209e-05
1320,0.0,82.28822326660156,50.35773468017578,233.9231414794922,9.963851880456787e-06
1320,14.47414779663086,154.15664672851562,22.464229583740234,54.016632080078125,1.3415896091828472e-06
1320,65.90888977050781,155.19187927246094,22.476394653320312,54.820404052734375,3.6946669297321932e-06
1320,75.8009033203125,155.66546630859375,21.402008056640625,54.454254150390625,1.453862751077395e-06
1320,84.87092590332031,154.59423828125,21.06756591796875,50.6378173828125,0.00011012789764208719
1320,12.691978454589844,73.46575927734375,145.50531005859375,299.3913269042969,4.1762755245144945e-06
1320,8.622286796569824,161.31500244140625,21.712188720703125,50.703277587890625,4.903581066173501e-05
1320,93.06735229492188,158.37298583984375,22.140594482421875,52.18719482421875,7.020565681159496e-05
1320,410.1094970703125,161.46249389648438,22.728271484375,53.895294189453125,7.529461981903296e-06
1320,431.2555236816406,159.8244171142578,22.01007080078125,51.7628173828125,0.0049948422238230705
1320,447.361083984375,160.134765625,23.765625,55.826568603515625,1.1701849871315062e-05
1320,456.67742919921875,160.71334838867188,20.699462890625,50.81243896484375,1.711251934466418e-05
1320,481.01934814453125,162.35401916503906,23.67340087890625,56.422882080078125,2.8846407076343894e-06
1320,495.90740966796875,159.4827423095703,23.355224609375,54.948822021484375,8.798923227004707e-05
1320,418.9518737792969,163.36819458007812,20.749267578125,50.60137939453125,3.6799985537072644e-05
1320,440.35357666015625,165.1814422607422,21.33941650390625,50.788543701171875,2.2975065803620964e-05
1320,488.90130615234375,162.15606689453125,24.60052490234375,59.30810546875,2.1054333046777174e-05
1320,489.030517578125,149.4114990234375,35.5740966796875,85.18524169921875,1.068340452548e-06
1320,502.38665771484375,162.80348205566406,25.0,59.782989501953125,1.5528859876212664e-05
1320,511.61102294921875,165.287109375,22.4923095703125,54.40716552734375,1.2129295100749005e-05
1320,87.60646057128906,165.14389038085938,22.413360595703125,52.78680419921875,5.912667256779969e-05
1320,423.502197265625,163.52566528320312,25.5364990234375,61.664886474609375,3.2778512832010165e-05
1320,616.6844482421875,190.43869018554688,23.8155517578125,106.5936279296875,5.6755138757580426e-06
1320,592.8287353515625,148.48475646972656,47.6712646484375,232.9437713623047,1.5613471987308003e-05
1350,80.25778198242188,150.07830810546875,21.620681762695312,51.186248779296875,0.0004693871014751494
1350,7.903714179992676,156.2154998779297,22.521106719970703,53.174072265625,0.000294891360681504
1350,0.0,158.6374053955078,15.992223739624023,51.128387451171875,2.0442532331799157e-05
1350,407.0958251953125,154.0560302734375,21.77679443359375,52.218353271484375,8.825574582260742e-07
1350,0.0,84.68748474121094,62.521034240722656,296.3167724609375,3.2125287816597847e-06
1350,2.323908805847168,163.4193572998047,22.3778076171875,53.322723388671875,0.0011839077342301607
1350,87.13772583007812,155.46432495117188,21.6776123046875,51.90423583984375,3.3697169783408754e-06
1350,402.09912109375,161.6771697998047,22.42987060546875,53.601409912109375,1.7741154806572013e-05
1350,438.533203125,161.18975830078125,21.4429931640625,50.579833984375,0.020953642204403877
1350,447.71990966796875,162.05760192871094,20.72674560546875,51.46234130859375,2.9921922759967856e-05
1350,12.138757705688477,164.09011840820312,24.951047897338867,60.00958251953125,4.6098630264168605e-05
1350,40.0996208190918,162.18978881835938,23.225364685058594,55.42071533203125,2.0427460185601376e-06
1350,392.76470947265625,164.08395385742188,24.71405029296875,58.143096923828125,7.270026253536344e-05
1350,404.6913757324219,159.29898071289062,29.21710205078125,68.55703735351562,3.8031639633118175e-06
1350,418.1530456542969,166.172607421875,20.7899169921875,50.6878662109375,1.949938632606063e-05
1350,0.0,168.59194946289062,18.157716751098633,63.519683837890625,5.743599103880115e-05
1350,4.520259857177734,153.10427856445312,37.26445007324219,89.95150756835938,9.4215256467578e-06
1350,21.49638557434082,171.22586059570312,25.972768783569336,59.7078857421875,1.526900518911134e-06
1350,425.9187316894531,167.82608032226562,22.365966796875,55.22003173828125,1.549765693198424e-05
1350,430.890869140625,163.4821014404297,26.5888671875,64.1387939453125,0.04617171734571457
1350,442.45623779296875,162.557373046875,31.00140380859375,73.9478759765625,8.08909044280881e-06
1350,0.0,165.4104461669922,28.844106674194336,81.99295043945312,0.0001820734905777499
1350,543.08251953125,180.8105926513672,24.9752197265625,56.565277099609375,5.270126166578848e-06
1350,0.0,128.40423583984375,44.83652877807617,205.67364501953125,5.314844202075619e-06
1350,0.0,181.00204467773438,20.400976181030273,85.41549682617188,1.4963802641432267e-05
1350,0.0,167.18527221679688,31.827611923217773,143.930419921875,1.6353344108210877e-05
1380,627.4193725585938,31.097745895385742,13.08062744140625,56.17564392089844,4.301031822251389e-06
1380,203.3968048095703,134.7460174560547,21.3475341796875,50.574798583984375,9.614514056011103e-06
1380,207.84947204589844,142.47828674316406,22.5357666015625,55.34130859375,0.00013501863577403128
1380,442.2737121582031,157.77586364746094,21.52838134765625,51.22808837890625,0.004315584897994995
1380,200.1384735107422,145.0283203125,25.3785400390625,60.973388671875,8.040537068154663e-06
1380,617.3265380859375,156.8970489501953,20.9642333984375,51.026336669921875,2.2708489268552512e-05
1380,371.90557861328125,95.86869812011719,138.90008544921875,288.95391845703125,1.4462678336712997e-05
1380,528.5765991210938,161.6856689453125,21.3167724609375,50.67218017578125,2.138954869224108e-06
1380,592.046875,158.21861267089844,23.7608642578125,55.337005615234375,9.531297109788284e-05
1380,599.7974243164062,159.57130432128906,23.7310791015625,56.069580078125,6.229323389561614e-06
1380,609.4902954101562,158.9945068359375,24.100341796875,56.0478515625,4.705583705799654e-06
1380,626.3948974609375,159.62217712402344,14.1051025390625,53.078704833984375,5.18598153576022e-06
1380,434.5356750488281,167.97882080078125,21.67510986328125,50.96832275390625,0.001074648229405284
1380,447.2078857421875,164.8001251220703,21.88055419921875,53.493072509765625,0.05298013240098953
1380,454.7516174316406,167.47998046875,21.3282470703125,51.49365234375,8.545407035853714e-05
1380,518.1476440429688,165.15032958984375,26.428466796875,61.58740234375,1.6714009689167142e-05
1380,584.1146240234375,164.00405883789062,25.510498046875,58.421234130859375,3.2833890145411715e-05
1380,618.0912475585938,142.1383056640625,22.40875244140625,98.93905639648438,4.844745944865281e-06
1380,427.90093994140625,172.63124084472656,20.9552001953125,51.337127685546875,1.5635419913451187e-05
1380,525.9725952148438,174.1907501220703,25.62109375,59.837982177734375,7.062076292640995e-07
1380,438.3275146484375,170.1836395263672,27.283935546875,65.09335327148438,0.003988264594227076
1380,441.0964050292969,158.29925537109375,35.2713623046875,86.12887573242188,3.0394559871638194e-05
1380,453.06158447265625,175.68612670898438,27.22454833984375,62.180328369140625,0.00012198426702525467
1410,0.0,143.17015075683594,15.030805587768555,56.638214111328125,1.4521137018164154e-05
1410,449.25408935546875,141.40225219726562,36.7218017578125,83.31884765625,1.6439059891126817e-06
1410,394.7910461425781,159.8455047607422,21.9071044921875,53.1910400390625,1.4810085531280492e-06
1410,444.82183837890625,119.1083984375,54.78375244140625,119.75027465820312,1.1814092431450263e-05
1410,390.71893310546875,112.28817749023438,140.81011962890625,282.1223449707031,8.138651537592523e-06
1410,552.9805908203125,157.3252716064453,21.788330078125,51.261444091796875,0.0004097470664419234
1410,617.7097778320312,159.82327270507812,20.8092041015625,50.53509521484375,5.0398328312439844e-05
1410,626.95751953125,160.8391876220703,13.54248046875,51.545440673828125,1.3074632079224102e-05
1410,0.0,169.0243682861328,13.85898208618164,51.309051513671875,3.975238087150501e-06
1410,401.2437438964844,162.6466064453125,22.4639892578125,54.727996826171875,6.840400601504371e-07
1410,442.5279541015625,165.87367248535156,21.5418701171875,52.119110107421875,2.0943773506587604e-06
1410,452.224853515625,166.93728637695312,21.69110107421875,52.5111083984375,1.3728328667639289e-05
1410,459.160888671875,163.76416015625,21.8905029296875,51.363189697265625,0.18681249022483826
1410,469.6800842285156,167.3248291015625,22.18084716796875,54.320953369140625,8.200584852602333e-05
1410,545.8983154296875,160.92074584960938,22.32958984375,55.207672119140625,2.0515471987891942e-06
1410,477.9769287109375,170.28823852539062,25.13531494140625,57.987884521484375,3.9718961488688365e-05
1410,545.9458618164062,159.70025634765625,33.841064453125,79.1258544921875,1.8374093997408636e-05
1410,453.8502502441406,167.80599975585938,29.3800048828125,70.5975341796875,0.0034308654721826315
1410,464.7354431152344,177.3825225830078,22.8216552734375,51.816864013671875,2.2884383724885993e-05
1410,464.36004638671875,174.5167236328125,31.6009521484375,74.56640625,8.292912752949633e-06
1440,0.0,138.72055053710938,15.281005859375,56.85675048828125,5.624004643323133e-06
1440,0.0,120.10560607910156,22.440624237060547,99.78903198242188,3.6912540508637903e-06
1440,627.6019897460938,144.74105834960938,12.89801025390625,57.45880126953125,7.53284484744654e-06
1440,341.8597106933594,33.72669982910156,156.37078857421875,332.25811767578125,1.1359913969499758e-06
1440,516.193115234375,98.6807861328125,124.306884765625,291.6246337890625,3.473782953733462e-06
1440,597.0322265625,151.5166015625,23.118408203125,55.380462646484375,0.00028662881231866777
1440,0.0,160.97372436523438,13.652566909790039,50.543121337890625,3.745859794435091e-05
1440,409.3265686035156,89.62554931640625,139.18185424804688,293.86920166015625,6.143271548353368e-06
1440,579.7925415039062,158.15011596679688,22.907470703125,53.4334716796875,4.5156328269513324e-05
1440,586.813232421875,155.51564025878906,21.6220703125,51.45526123046875,0.6626136302947998
1440,0.0,158.46530151367188,19.03960418701172,73.959228515625,5.7236502470914274e-06
1440,418.7562561035156,164.74530029296875,21.1654052734375,50.980743408203125,1.0374201337981503e-05
1440,450.3289489746094,162.4159393310547,22.1798095703125,52.19830322265625,5.275471266941167e-06
1440,468.5912170410156,167.00827026367188,22.1378173828125,53.829315185546875,1.9246192096034065e-05
1440,476.57330322265625,167.02117919921875,21.38568115234375,50.5400390625,0.9636471271514893
1440,472.7552185058594,154.18069458007812,36.840576171875,83.67828369140625,1.7008384247674257e-06
1440,489.0085754394531,170.2244873046875,21.19097900390625,51.867828369140625,0.0005940313567407429
1440,570.6167602539062,164.69580078125,21.392578125,52.65032958984375,1.1004625775967725e-05
1440,495.97271728515625,174.08712768554688,22.12493896484375,52.944244384765625,0.0015033595263957977
1440,566.175537109375,163.36245727539062,31.975830078125,75.2034912109375,4.2029191149595135e-07
1440,576.328125,168.08177185058594,22.74267578125,56.26361083984375,4.1049108403967693e-05
1440,580.3571166992188,157.10186767578125,31.6966552734375,74.62789916992188,0.00022901486954651773
1440,479.7059020996094,173.0679931640625,24.65216064453125,56.0650634765625,0.0017929127207025886
1440,501.8875427246094,178.8507843017578,25.146026611328125,59.67877197265625,6.9992478529457e-05
1440,512.8338623046875,184.67755126953125,21.3631591796875,51.27587890625,5.9705453168135136e-05
1440,468.1612548828125,170.85040283203125,31.8406982421875,74.48330688476562,1.2592142411449458e-05
1440,484.9394226074219,179.3662567138672,26.4764404296875,62.52679443359375,5.2281622629379854e-05
1440,491.00177001953125,180.91024780273438,29.92376708984375,69.45669555664062,1.6487434550072066e-05
1440,520.9903564453125,191.5904998779297,21.4986572265625,52.41473388671875,9.723828952701297e-06
1470,610.1810913085938,0.0,30.31890869140625,60.320587158203125,1.8494811229174957e-06
1470,596.0567016601562,0.0,44.44329833984375,120.3648452758789,1.2618276741704904e-05
1470,0.0,146.29156494140625,15.14390754699707,56.5196533203125,5.491434785653837e-05
1470,0.0,121.22389221191406,21.946441650390625,101.11373901367188,4.881673248746665e-06
1470,627.90185546875,155.08126831054688,12.59814453125,50.570159912109375,2.502845063645509e-06
1470,34.973052978515625,160.0150909423828,20.800689697265625,50.693817138671875,1.4880354683555197e-05
1470,424.17999267578125,107.18948364257812,141.10528564453125,287.5716247558594,2.030988980550319e-05
1470,25.685935974121094,163.79190063476562,21.148529052734375,52.561614990234375,0.0003361413546372205
1470,41.66766357421875,164.919921875,21.563987731933594,50.989013671875,0.00011648800864350051
1470,426.06536865234375,166.68112182617188,22.17059326171875,53.21234130859375,1.8558399688117788e-06
1470,434.3553161621094,163.57444763183594,22.2431640625,52.423370361328125,2.2085873752075713e-06
1470,441.505615234375,165.50299072265625,21.7481689453125,51.447509765625,6.415194548026193e-06
1470,493.70794677734375,166.0253448486328,22.43328857421875,53.64306640625,0.999701201915741
1470,488.2698059082031,157.36338806152344,34.040618896484375,77.49288940429688,1.6320389477186836e-05
1470,501.9896545410156,167.80929565429688,22.293609619140625,52.051971435546875,0.002208282705396414
1470,485.31597900390625,171.98553466796875,21.53753662109375,51.6090087890625,1.5980192983988672e-05
1470,512.6961059570312,174.9886016845703,20.2742919921875,50.871612548828125,1.2329894616414094e-06
1470,486.5365905761719,177.28915405273438,27.648284912109375,67.2843017578125,0.0005752742290496826
1470,498.3957214355469,173.3747100830078,31.406524658203125,73.70306396484375,3.6119965898251394e-06
1470,529.0624389648438,192.61767578125,21.5048828125,51.123382568359375,5.105018203721556e-07
1470,537.654296875,192.89065551757812,21.045654296875,50.895904541015625,1.1301887070658267e-06
1470,543.2653198242188,191.38095092773438,24.426513671875,57.959625244140625,1.992706165765412e-05
1470,551.8466796875,200.64561462402344,21.6285400390625,50.796051025390625,8.08292388683185e-05
1470,627.52294921875,225.9613800048828,12.97705078125,50.57102966308594,4.949207323079463e-06
1500,596.7420043945312,0.0,43.75799560546875,119.255859375,5.762602540926309e-06
1500,6.805041313171387,159.17799377441406,21.808189392089844,52.379180908203125,2.4040491553023458e-05
1500,563.3306884765625,164.30873107910156,21.9371337890625,52.00482177734375,9.070468513527885e-05
1500,491.6520080566406,163.2252655029297,23.164581298828125,55.045501708984375,3.006786073456169e-06
1500,510.57061767578125,168.0128936767578,22.4749755859375,52.840576171875,0.00767219252884388
1500,562.2443237304688,154.7261505126953,32.9180908203125,76.84829711914062,2.476337249390781e-05
1500,575.6898193359375,169.07595825195312,22.061767578125,51.507843017578125,0.006706819869577885
1500,627.4090576171875,160.08197021484375,13.0909423828125,52.26495361328125,1.1558439837244805e-05
1500,0.0,102.8306884765625,49.55357360839844,225.88287353515625,2.4398896130151115e-06
1500,1.361837387084961,167.28228759765625,22.197298049926758,52.93597412109375,0.00010800485324580222
1500,440.6283874511719,167.46092224121094,22.80816650390625,53.76275634765625,3.9250997360795736e-05
1500,436.8720703125,116.24246215820312,131.90020751953125,285.023681640625,8.094561962934677e-06
1500,502.45062255859375,167.61434936523438,24.0740966796875,57.14801025390625,0.9999932050704956
1500,568.4357299804688,170.76559448242188,22.9759521484375,54.658355712890625,0.5932455658912659
1500,507.75537109375,134.23887634277344,132.1177978515625,274.392333984375,6.1719174482277595e-06
1500,583.7569580078125,168.3425750732422,22.7408447265625,53.637298583984375,0.0012715801130980253
1500,0.0,174.2340850830078,14.841140747070312,51.652862548828125,2.220230999228079e-05
1500,449.1651611328125,173.3006134033203,21.0140380859375,51.721160888671875,6.16706586242799e-07
1500,458.080322265625,169.90150451660156,20.7158203125,51.24066162109375,2.1958601337246364e-06
1500,464.7588806152344,168.37835693359375,21.00653076171875,50.808868408203125,8.903797606762964e-06
1500,521.0267333984375,171.88348388671875,21.1319580078125,51.326812744140625,4.2073083022842184e-05
1500,527.8502197265625,170.50286865234375,20.8443603515625,51.72930908203125,4.043371973239118e-06
1500,589.468994140625,169.30374145507812,25.516845703125,60.9185791015625,9.515677811577916e-05
1500,597.3189086914062,170.26979064941406,25.7984619140625,61.868499755859375,4.186911610304378e-05
1500,625.7664794921875,174.48944091796875,14.7335205078125,60.196746826171875,1.6669278920744546e-05
1500,0.0,171.9310760498047,19.250526428222656,79.1915283203125,1.2122714906581677e-05
1500,0.0,143.87530517578125,29.46005630493164,131.07089233398438,2.485938921381603e-06
1500,617.529296875,155.16354370117188,22.970703125,100.44479370117188,1.2538952205431997e-06
1500,144.9105224609375,193.45408630371094,23.567474365234375,54.944366455078125,1.4745898624823894e-05
1500,496.6387023925781,162.3920440673828,34.893646240234375,81.8514404296875,7.484765774279367e-06
1500,561.4439697265625,176.69190979003906,26.615478515625,64.26113891601562,1.6428935850854032e-05
1500,570.6165771484375,171.71304321289062,31.1416015625,74.87603759765625,7.173215999500826e-05
1500,581.9544067382812,179.55081176757812,28.135498046875,64.96768188476562,1.4856845155009069e-05
1500,585.5886840820312,180.81387329101562,34.3619384765625,83.5301513671875,1.9982937828899594e-06
1500,558.8352661132812,174.79029846191406,41.3309326171875,100.92237854003906,1.3089416825096123e-05
1500,590.697509765625,127.61279296875,49.802490234375,231.70352172851562,5.213404165260727e-06
1500,582.5340576171875,208.52149963378906,25.7342529296875,59.95362854003906,7.191933377725945e-07
1530,603.8549194335938,18.788314819335938,21.8221435546875,51.58894348144531,1.546455496281851e-05
1530,607.3882446289062,29.593305587768555,21.7005615234375,50.86296844482422,0.00920303724706173
1530,579.0648193359375,163.51336669921875,20.8328857421875,50.715728759765625,3.2839975574461278e-06
1530,523.2897338867188,166.7310791015625,24.7994384765625,58.521636962890625,0.024582277983427048
1530,593.0894775390625,151.85267639160156,36.206298828125,87.07058715820312,3.368272984971554e-07
1530,498.0817565917969,171.97618103027344,22.681793212890625,53.6085205078125,0.8229956030845642
1530,507.83050537109375,145.46192932128906,44.9093017578125,105.532470703125,1.2266818885109387e-06
1530,456.2166748046875,109.49612426757812,130.174072265625,288.3657531738281,9.205596143146977e-06
1530,600.1996459960938,170.13841247558594,21.4259033203125,50.8140869140625,0.0038807957898825407
1530,607.0892944335938,169.97084045410156,21.7911376953125,52.946685791015625,0.0003838478005491197
1530,515.9862670898438,170.56593322753906,25.786865234375,61.447967529296875,0.9980798959732056
1530,586.1061401367188,174.71701049804688,21.1156005859375,50.745635986328125,0.00015699163486715406
1530,593.725341796875,173.09710693359375,21.89794921875,52.235260009765625,0.0019283326109871268
1530,615.230224609375,173.04051208496094,25.269775390625,61.039154052734375,4.1999366658274084e-05
1530,627.0056762695312,175.94754028320312,13.49432373046875,54.593414306640625,3.2993528293445706e-05
1530,612.3043823242188,138.44187927246094,28.19561767578125,128.9591827392578,1.8302630451216828e-06
1530,588.435546875,108.22786712646484,52.064453125,240.34814453125,6.6453217186790425e-06
1530,481.36602783203125,179.80111694335938,24.650634765625,58.730133056640625,0.00015985079517122358
1530,493.23480224609375,165.69674682617188,33.1256103515625,76.89794921875,0.00014675503189209849
1530,503.71868896484375,175.17608642578125,24.3046875,57.72259521484375,0.06491923332214355
1530,488.71441650390625,178.70518493652344,26.12213134765625,63.2060546875,0.0018928608624264598
1530,599.29541015625,179.90321350097656,26.7547607421875,61.67401123046875,1.528972825326491e-05
1530,607.6544799804688,182.67678833007812,27.2015380859375,61.828033447265625,6.108506113378098e-06
1530,622.9567260742188,180.57620239257812,17.54327392578125,74.55032348632812,2.3568210963276215e-05
1530,96.84593200683594,198.3113555908203,21.489959716796875,52.815155029296875,7.313694368349388e-05
1530,104.79204559326172,197.1619110107422,21.284759521484375,51.1177978515625,1.828042877605185e-05
1530,112.00212097167969,199.2533721923828,23.31060791015625,53.776580810546875,6.592212230316363e-06
1530,498.111328125,191.472900390625,21.71685791015625,53.94403076171875,0.00011427766730776057
1530,513.760986328125,192.35641479492188,21.1717529296875,50.511260986328125,4.367327346699312e-05
1530,506.08148193359375,173.83279418945312,32.608642578125,77.71682739257812,0.04009062796831131
1530,85.78839874267578,200.99258422851562,26.367156982421875,61.649139404296875,6.439492153731408e-06
1530,500.5299377441406,187.41473388671875,28.655364990234375,70.22872924804688,4.487137630349025e-06
1530,0.0,345.849853515625,61.90754318237305,134.650146484375,3.469951934675919e-06
1560,611.2254028320312,0.0,29.27459716796875,64.23033905029297,3.161417225783225e-06
1560,596.5652465820312,0.0,43.93475341796875,123.35508728027344,7.926850230433047e-06
1560,576.4971313476562,0.0,64.00286865234375,173.0183563232422,1.960810322998441e-06
1560,627.5735473632812,20.522815704345703,12.92645263671875,51.160396575927734,6.038638821337372e-05
1560,623.0244140625,25.863788604736328,17.4755859375,77.86734008789062,2.836615976775647e-06
1560,0.0,136.042236328125,14.002487182617188,55.06842041015625,9.98061295831576e-05
1560,423.4493408203125,167.84375,21.7227783203125,52.14849853515625,1.722772685752716e-05
1560,609.2199096679688,170.19195556640625,20.6435546875,50.62530517578125,4.701322268374497e-06
1560,616.3865356445312,170.11766052246094,22.188232421875,52.234375,4.557339252642123e-06
1560,627.1620483398438,169.95281982421875,13.33795166015625,55.394866943359375,9.473242243984714e-06
1560,416.7650146484375,170.16714477539062,22.03607177734375,53.5767822265625,1.8361515685683116e-05
1560,41.08302307128906,214.13673400878906,21.69470977783203,52.54942321777344,2.43229151237756e-05
1560,47.37086486816406,214.5562744140625,23.65947723388672,56.579010009765625,6.525745993712917e-05
1590,594.5082397460938,0.0,45.99176025390625,122.45494842529297,3.2529708278161706e-06
1590,567.1312255859375,7.780534744262695,21.4005126953125,51.52949523925781,0.0011695970315486193
1590,351.8236389160156,144.9234619140625,21.17218017578125,50.7557373046875,0.0012314404593780637
1590,359.8604736328125,156.4621124267578,23.69793701171875,57.444122314453125,5.9335970945539884e-06
1590,378.61663818359375,163.32432556152344,20.4425048828125,51.25921630859375,5.293725735100452e-06
1590,386.5815124511719,162.525390625,29.4356689453125,70.296630859375,0.00036366493441164494
1590,369.4346618652344,163.8282470703125,28.65948486328125,69.28988647460938,0.0002373284805798903
1590,546.4105834960938,167.54644775390625,21.0672607421875,51.20330810546875,1.3835253867000574e-06
1590,627.3161010742188,168.42361450195312,13.18389892578125,56.69873046875,3.6969120174035197e-06
1590,377.0196228027344,165.53013610839844,31.53741455078125,75.41156005859375,0.9999985694885254
1590,332.0872802734375,142.28123474121094,120.29815673828125,280.09906005859375,1.0669913308447576e-06
1590,394.6992492675781,170.7901611328125,29.350830078125,67.26199340820312,1.479046022723196e-05
1590,367.7734069824219,159.22047424316406,44.50262451171875,106.48820495605469,1.8295759218744934e-05
1620,628.1448974609375,59.23029327392578,12.3551025390625,50.63246154785156,4.638550308300182e-06
1620,297.0919189453125,150.62020874023438,20.45208740234375,50.598480224609375,1.2523773875727784e-06
1620,227.47796630859375,155.25421142578125,19.182769775390625,50.69970703125,1.397564915350813e-06
1620,222.11480712890625,132.2939910888672,46.306793212890625,122.95748901367188,3.3272081054747105e-05
1620,216.20916748046875,155.16404724121094,29.468658447265625,75.61151123046875,4.349218579591252e-05
1620,233.2176513671875,160.07801818847656,22.3333740234375,54.032073974609375,6.776391819585115e-05
1620,212.60928344726562,49.67424011230469,152.080322265625,318.60418701171875,6.693744126096135e-06
1620,536.7781372070312,163.63414001464844,21.280029296875,51.38836669921875,1.4631500562245492e-06
1620,0.0,158.9885711669922,15.696102142333984,56.874847412109375,4.4262756091484334e-06
1620,8.244211196899414,161.98495483398438,23.44977569580078,53.513275146484375,7.798689694027416e-06
1620,16.022533416748047,169.12319946289062,23.07391357421875,53.860107421875,2.8575708711287007e-05
1620,226.39019775390625,166.54600524902344,24.225555419921875,57.721893310546875,2.1484906028490514e-05
1620,238.3361053466797,168.16445922851562,24.567276000976562,54.4251708984375,2.043528002104722e-05
1620,290.5460510253906,160.9384002685547,21.90704345703125,52.89056396484375,1.3367006431508344e-05
1620,224.75494384765625,159.8460235595703,34.4324951171875,82.21578979492188,0.9999970197677612
1620,185.162109375,143.66925048828125,118.17703247070312,272.0164794921875,4.031482149002841e-06
1620,236.11895751953125,164.07720947265625,34.480133056640625,79.95919799804688,2.3678938305238262e-05
1620,232.43557739257812,175.77685546875,24.08233642578125,57.916046142578125,1.0536503395996988e-05
1650,626.9451904296875,131.04246520996094,13.5548095703125,57.308837890625,4.440435077412985e-06
1650,132.3318328857422,125.44830322265625,52.48602294921875,125.0550537109375,4.9376667448086664e-05
1650,584.0989990234375,140.48243713378906,22.7259521484375,53.76434326171875,4.1250339563703164e-05
1650,146.91604614257812,151.52301025390625,20.999053955078125,50.64483642578125,0.005680054426193237
1650,113.95387268066406,105.6126480102539,84.51937866210938,195.75091552734375,4.772324700752506e-06
1650,158.1212921142578,150.9958953857422,25.6689453125,61.486419677734375,0.005206707399338484
1650,409.6357727050781,146.48980712890625,22.02337646484375,52.418060302734375,1.5267609342117794e-05
1650,568.6378173828125,145.0633087158203,21.6849365234375,50.593505859375,8.135454663715791e-06
1650,576.9130859375,144.3306884765625,23.0718994140625,55.04913330078125,2.1090103473397903e-05
1650,96.73328399658203,149.85601806640625,21.342117309570312,50.578857421875,1.759126280376222e-05
1650,137.2511444091797,157.3561553955078,25.278564453125,57.957275390625,0.00010525949619477615
1650,135.0560760498047,148.75930786132812,34.843597412109375,84.99118041992188,0.010641861706972122
1650,167.22854614257812,155.827392578125,23.832672119140625,55.713134765625,0.001022129668854177
1650,627.3399658203125,153.43699645996094,13.1600341796875,51.138397216796875,5.078062713437248e-06
1650,151.99838256835938,159.8289794921875,23.726776123046875,55.366668701171875,0.001288455561734736
1650,175.19967651367188,159.16476440429688,25.15155029296875,59.0791015625,0.00029235679539851844
1650,192.84498596191406,155.56202697753906,21.22479248046875,51.1593017578125,0.02799135074019432
1650,145.5867462158203,165.08428955078125,23.4635009765625,55.5693359375,0.0004139051306992769
1650,97.37181091308594,140.52426147460938,119.79458618164062,266.38531494140625,3.6498195186140947e-06
1650,158.79336547851562,153.93557739257812,34.312164306640625,82.33639526367188,0.025432132184505463
1650,183.7681121826172,157.02102661132812,25.55950927734375,61.1851806640625,7.786739297444001e-05
1650,199.506591796875,160.92971801757812,21.445465087890625,50.733795166015625,4.8766265535959974e-05
1650,144.56199645996094,155.23068237304688,35.502960205078125,85.7646484375,0.9848543405532837
1650,626.7059326171875,176.86630249023438,13.7940673828125,51.635009765625,1.3795529412163887e-06
1650,128.19677734375,163.99954223632812,33.91864013671875,81.68081665039062,6.7259047682455275e-06
1650,138.68800354003906,178.86428833007812,21.91412353515625,51.9881591796875,6.342137112369528e-06
1650,160.8978729248047,173.48553466796875,23.335784912109375,56.162384033203125,5.665454864356434e-06
1650,168.17514038085938,160.83309936523438,34.333831787109375,83.1297607421875,2.3547630917164497e-05
1650,180.46859741210938,172.79000854492188,26.82342529296875,61.678314208984375,1.1176790394529235e-05
1650,143.07693481445312,182.36546325683594,26.326263427734375,64.51901245117188,2.576604310888797e-05
1650,150.6975860595703,150.69003295898438,49.33013916015625,117.6485595703125,5.670076916430844e-06
1680,596.0050048828125,0.0,44.4949951171875,123.28764343261719,6.518126156151993e-06
1680,376.2058410644531,137.6594696044922,21.1239013671875,50.523773193359375,4.600847023539245e-05
1680,627.6741943359375,145.54359436035156,12.8258056640625,52.66180419921875,1.3326974112715106e-05
1680,370.82611083984375,147.3332977294922,22.40106201171875,52.806671142578125,4.990022716810927e-06
1680,610.4021606445312,404.74652099609375,30.09783935546875,75.75347900390625,2.816141886796686e-06
1680,600.10595703125,362.753662109375,40.39404296875,117.746337890625,4.45196428700001e-06
1710,627.452392578125,121.23237609863281,13.047607421875,51.901947021484375,1.2500968296080828e-05
1710,456.94769287109375,130.84109497070312,23.88897705078125,54.650360107421875,1.2882261216873303e-05
1710,627.1419067382812,138.1793670654297,13.35809326171875,51.23260498046875,1.393911679770099e-05
1710,600.7808227539062,357.37249755859375,39.71917724609375,123.12750244140625,5.261980277282419e-06
1740,0.0,113.55394744873047,14.841070175170898,54.905311584472656,3.738917803275399e-05
1740,505.9150695800781,122.92547607421875,20.638458251953125,50.517578125,4.6827004553051665e-05
1740,521.68212890625,72.39422607421875,57.84326171875,142.0250244140625,5.248453817330301e-06
1740,627.376220703125,123.40132141113281,13.123779296875,53.88629150390625,4.4057237573724706e-06
1740,508.6127014160156,110.47028350830078,35.405303955078125,82.5561752319336,1.9602941392804496e-05
1740,609.7095947265625,133.0025177001953,20.8843994140625,50.677276611328125,8.133655683195684e-06
1740,617.3231201171875,133.3118896484375,22.0478515625,52.32666015625,1.7412125089322217e-05
1740,619.6598510742188,109.59504699707031,20.84014892578125,94.26986694335938,1.6194941281355568e-06
1740,502.7267761230469,87.41243743896484,61.975982666015625,143.01889038085938,0.00011433576582930982
1740,626.1162719726562,138.85159301757812,14.38372802734375,56.2861328125,4.197698217467405e-05
1740,491.8709411621094,43.6990966796875,96.59066772460938,234.4638671875,2.6041085220640525e-05
1740,601.3960571289062,355.6016845703125,39.10394287109375,124.8983154296875,4.718669515568763e-06
1770,0.0,129.66677856445312,14.742657661437988,53.8199462890625,2.9811799322487786e-06
1770,528.5333251953125,132.24974060058594,22.3536376953125,53.313934326171875,4.990629167878069e-05
1770,120.5697250366211,135.1556854248047,21.74188995361328,51.872344970703125,1.4812331983193872e-06
1770,617.0475463867188,139.2178955078125,23.45245361328125,55.65521240234375,1.3734645563090453e-06
1770,627.1305541992188,145.2271728515625,13.36944580078125,51.455841064453125,2.3446727936971e-05
1770,128.90115356445312,239.44686889648438,57.00634765625,131.60302734375,1.1417268979130313e-05
1770,599.660400390625,359.138671875,40.839599609375,121.361328125,4.188233560853405e-06
1800,528.3455810546875,142.7796630859375,22.7308349609375,53.53057861328125,2.7430514819570817e-05
1800,627.5538940429688,136.23333740234375,12.94610595703125,51.9974365234375,1.9592420358094387e-05
1800,534.6841430664062,145.56517028808594,23.88720703125,56.765472412109375,8.792492735665292e-06
1800,611.7481689453125,409.2337646484375,28.7518310546875,71.2662353515625,5.7102924984064884e-06
1800,600.5199584960938,363.5216369628906,39.98004150390625,116.97836303710938,3.0579535632568877e-06
1830,627.7175903320312,139.72096252441406,12.78240966796875,51.17376708984375,1.446466467314167e-05
1830,627.7896728515625,157.45591735839844,12.7103271484375,57.384979248046875,6.467655566666508e-06
1830,601.936767578125,358.9566345214844,38.563232421875,121.54336547851562,2.6218410766887246e-06
