30,465.7110595703125,150.7209930419922,21.6136474609375,52.088653564453125,2.3072861949913204e-05
30,440.690185546875,160.91305541992188,22.338623046875,53.12298583984375,9.183095971820876e-05
30,455.2699279785156,159.7344512939453,23.00042724609375,54.519317626953125,9.46842847042717e-05
30,627.65185546875,160.33395385742188,12.84814453125,58.152587890625,1.2213088666612748e-05
30,168.1460418701172,176.03347778320312,21.2174072265625,51.226226806640625,3.5029117952944944e-06
30,446.15869140625,156.78509521484375,27.5496826171875,65.79678344726562,8.859154149831738e-06
30,2.191908836364746,192.9992218017578,22.708736419677734,54.29931640625,3.1218965887092054e-05
30,0.0,202.1229248046875,16.01860809326172,52.657958984375,1.6056648746598512e-05
30,4.612531661987305,195.85128784179688,28.29570960998535,67.87863159179688,3.862115590891335e-06
60,465.0419921875,151.09901428222656,21.53765869140625,51.417236328125,0.00038463290547952056
60,457.1763610839844,158.49102783203125,21.28070068359375,50.690338134765625,0.001884948811493814
60,627.521240234375,159.9254150390625,12.978759765625,58.135955810546875,1.1403461030567996e-05
60,167.70108032226562,175.4476776123047,21.5299072265625,51.820556640625,2.283430876559578e-05
60,450.6064453125,161.7272186279297,21.68353271484375,52.2869873046875,2.8611293600988574e-05
60,458.18157958984375,154.72067260742188,29.29364013671875,69.75152587890625,3.2221478249994107e-06
60,2.233755111694336,192.70797729492188,22.619224548339844,54.169525146484375,2.2755531972507015e-05
60,0.0,202.36135864257812,16.04838752746582,52.888946533203125,1.419935142621398e-05
60,4.519919395446777,195.59262084960938,28.305450439453125,67.9207763671875,4.073277978022816e-06
90,471.65643310546875,148.43478393554688,20.9990234375,51.307830810546875,3.474710320006125e-05
90,441.24163818359375,162.2120361328125,22.66748046875,53.370147705078125,4.498577254707925e-06
90,455.8304748535156,158.8145751953125,23.16546630859375,55.140655517578125,0.00014263257617130876
90,464.3730163574219,156.64208984375,20.507568359375,50.6094970703125,2.8141712391516194e-05
90,627.44873046875,160.00189208984375,13.05126953125,58.3692626953125,1.1931006156373769e-05
90,168.1424560546875,177.58908081054688,21.02423095703125,50.80133056640625,2.340783248655498e-05
90,449.5729675292969,161.8228759765625,21.79730224609375,52.38250732421875,9.948282240657136e-06
90,0.0,183.2332305908203,16.34815788269043,52.64483642578125,0.00010608052252791822
90,4.721930503845215,186.4241180419922,23.902942657470703,56.906494140625,0.004308321513235569
90,0.0,194.07920837402344,22.598407745361328,58.02496337890625,0.5146738290786743
90,0.0,161.83905029296875,26.88115119934082,105.175048828125,8.792006155999843e-06
90,0.0,138.621337890625,34.800315856933594,226.54458618164062,3.374955895196763e-06
90,0.0,159.25587463378906,54.68874740600586,282.5155029296875,5.620846877718577e-06
90,6.861257553100586,205.80641174316406,21.199893951416016,50.899566650390625,1.9390608940739185e-05
90,0.0,211.76089477539062,16.422313690185547,59.797027587890625,2.362221039220458e-06
120,465.89459228515625,150.59642028808594,21.6834716796875,52.4774169921875,2.6006191546912305e-05
120,440.5463562011719,161.42352294921875,22.4249267578125,53.50006103515625,8.375572178920265e-06
120,456.1414489746094,158.9745635986328,23.03778076171875,54.537994384765625,2.595779915282037e-05
120,627.4636840820312,160.03573608398438,13.03631591796875,58.281005859375,1.4673541954834945e-05
120,0.0,174.37155151367188,15.64788818359375,52.1785888671875,2.2874501155456528e-05
120,11.804874420166016,178.0917510986328,20.956714630126953,51.586456298828125,9.12684390641516e-06
120,3.5373096466064453,162.4010772705078,43.542076110839844,101.65428161621094,6.656370715063531e-06
120,168.3743896484375,175.92408752441406,21.151214599609375,51.10552978515625,1.1064828868256882e-05
120,449.1825866699219,163.7073211669922,21.26934814453125,51.4893798828125,3.3909777812368702e-06
120,163.1085205078125,182.03016662597656,20.8345947265625,50.64013671875,6.72391070111189e-06
120,13.098908424377441,180.108642578125,29.512752532958984,71.13861083984375,0.9999916553497314
120,27.902402877807617,183.16697692871094,25.209680557250977,60.1995849609375,1.7508800738141872e-05
120,38.67893981933594,183.47161865234375,24.768775939941406,57.884735107421875,1.359702196168655e-06
120,47.1322135925293,182.85903930664062,23.824092864990234,54.698822021484375,9.134933861787431e-06
120,2.046884536743164,187.5451202392578,26.915193557739258,63.0689697265625,0.007508167997002602
120,0.0,148.84320068359375,82.22795104980469,283.19183349609375,1.3879406424166518e-06
120,0.0,191.28717041015625,16.925437927246094,60.894989013671875,7.1338152338285e-05
120,21.994503021240234,191.4060821533203,25.958282470703125,61.283111572265625,0.000508861499838531
150,392.2445068359375,155.1146240234375,21.5125732421875,50.971405029296875,0.0023244295734912157
150,466.0517272949219,150.92945861816406,21.53802490234375,52.318267822265625,1.831321424106136e-05
150,45.99421691894531,172.54837036132812,24.935523986816406,59.15301513671875,3.5635581298265606e-05
150,456.1900329589844,160.14306640625,23.052978515625,54.414276123046875,2.0910843886667863e-05
150,627.682861328125,160.53091430664062,12.817138671875,57.916351318359375,2.4585269784438424e-05
150,167.3415985107422,176.79196166992188,21.416717529296875,51.453704833984375,3.2766276945039863e-06
150,386.35784912109375,164.39443969726562,21.45025634765625,51.104400634765625,2.862054498109501e-05
150,1.0375251770019531,183.95693969726562,21.689363479614258,52.42425537109375,5.5625923778279684e-06
150,3.631789207458496,176.18695068359375,30.99988555908203,72.42465209960938,6.798265985707985e-06
150,51.77783203125,177.5877227783203,26.07489013671875,63.703460693359375,0.0001460584026062861
150,60.34739303588867,174.65008544921875,24.657764434814453,57.039886474609375,8.27921940071974e-06
150,34.57007598876953,174.85128784179688,31.181304931640625,74.69924926757812,0.999998927116394
150,0.0,151.681640625,104.64701843261719,284.25213623046875,1.5304138969440828e-06
150,7.881248474121094,196.7410888671875,21.770156860351562,51.84600830078125,0.0002515849191695452
150,16.128028869628906,190.1602020263672,20.67105484008789,52.3411865234375,1.1784705975514953e-06
150,24.81669807434082,180.08258056640625,30.269262313842773,69.33279418945312,0.0003141173510812223
150,0.0,198.4151153564453,16.353290557861328,53.736602783203125,1.7863663742900826e-05
150,41.12534713745117,195.85595703125,21.78278350830078,51.4124755859375,2.5952526812034193e-06
150,1.9752311706542969,206.98666381835938,21.345197677612305,52.029205322265625,4.181046278972644e-06
180,464.6545104980469,150.8439178466797,22.0050048828125,53.12066650390625,6.374444637913257e-06
180,56.954986572265625,171.11578369140625,21.247268676757812,51.088104248046875,5.002946750209958e-07
180,440.5767517089844,160.95799255371094,22.26708984375,53.119964599609375,2.2884514692123048e-05
180,455.3659362792969,160.31228637695312,22.7144775390625,53.541473388671875,0.00016685103764757514
180,627.5817260742188,159.93785095214844,12.91827392578125,58.351287841796875,1.1891247595485765e-05
180,58.964683532714844,176.31878662109375,28.185104370117188,66.66622924804688,2.476717418176122e-05
180,71.28462982177734,176.36434936523438,21.552001953125,50.5411376953125,3.361457174833049e-07
180,162.3449249267578,176.26773071289062,21.199676513671875,51.364959716796875,5.285633960738778e-06
180,446.6441650390625,158.68142700195312,27.77459716796875,65.75924682617188,2.527695869503077e-06
180,41.83622360229492,158.72775268554688,43.4709358215332,98.6304931640625,2.7945438887400087e-06
180,49.92145538330078,177.83102416992188,29.260238647460938,69.97952270507812,0.999795138835907
180,0.0,158.49847412109375,113.40293884277344,274.60906982421875,4.639749022317119e-06
180,44.04872131347656,185.54644775390625,25.582557678222656,61.379608154296875,0.00031772314105182886
180,0.0,202.44412231445312,15.344921112060547,52.025054931640625,4.7958583309082314e-06
210,449.518310546875,154.2960662841797,22.3717041015625,53.3931884765625,2.8352767913020216e-05
210,465.12139892578125,151.1309814453125,21.778076171875,52.60302734375,2.444844903948251e-05
210,59.00305938720703,170.85650634765625,21.145294189453125,52.95306396484375,2.5341162199765677e-06
210,65.25221252441406,169.63255310058594,21.735549926757812,51.936370849609375,4.088674359081779e-06
210,440.8481140136719,160.88490295410156,22.566162109375,53.74365234375,6.074638804420829e-05
210,455.2167053222656,159.95359802246094,23.01513671875,54.5426025390625,9.783745190361515e-05
210,627.4428100585938,160.10484313964844,13.05718994140625,58.09014892578125,5.8242112572770566e-06
210,49.227046966552734,156.941650390625,43.11857986450195,99.29812622070312,2.1351518171286443e-06
210,79.11054992675781,173.74359130859375,25.022613525390625,60.020782470703125,3.586931597965304e-06
210,87.60176086425781,173.845458984375,24.707290649414062,55.782135009765625,2.385998641329934e-06
210,119.93948364257812,174.52769470214844,21.8480224609375,51.675537109375,2.168188257201109e-05
210,168.2469024658203,176.12057495117188,20.99932861328125,51.22296142578125,6.113850758993067e-06
210,433.83941650390625,164.88331604003906,22.4779052734375,53.2281494140625,4.88054183733766e-06
210,1.7360248565673828,191.23928833007812,22.781661987304688,54.215576171875,7.823419764463324e-06
210,52.12596893310547,183.44554138183594,22.927406311035156,53.8514404296875,3.95534370909445e-05
210,57.534122467041016,175.7156524658203,29.241191864013672,70.427001953125,0.9999967813491821
210,0.0,158.71107482910156,119.57533264160156,273.3775634765625,4.33174000136205e-06
210,66.74932861328125,180.42796325683594,27.22247314453125,63.543304443359375,4.579481537803076e-05
210,0.0,202.41842651367188,15.636751174926758,52.123443603515625,5.513003088708501e-06
240,466.0914611816406,149.71533203125,21.4129638671875,51.519683837890625,9.492006211075932e-05
240,72.59612274169922,169.55905151367188,22.33612060546875,53.030364990234375,3.3304342650808394e-05
240,439.4316711425781,161.81344604492188,22.73455810546875,53.51885986328125,7.456368621205911e-05
240,455.6676025390625,158.63983154296875,22.73211669921875,54.200775146484375,0.00010022615606430918
240,627.3355102539062,160.0142364501953,13.16448974609375,58.36669921875,7.9292376540252e-06
240,58.50114440917969,153.3258056640625,41.97511291503906,101.86483764648438,7.15275973561802e-07
240,74.07389068603516,172.83895874023438,28.948883056640625,67.70086669921875,3.9780141378287226e-05
240,87.57351684570312,174.6441650390625,24.554718017578125,59.725067138671875,2.4648013550176984e-06
240,95.33515167236328,174.3221893310547,24.47442626953125,55.767364501953125,4.032758624816779e-06
240,162.69052124023438,176.6037139892578,20.93377685546875,50.587799072265625,6.3044412854651455e-06
240,426.0814208984375,167.4477081298828,22.458740234375,52.9622802734375,4.022982466267422e-06
240,447.7060241699219,159.37539672851562,24.5980224609375,57.95989990234375,2.4686813048901968e-05
240,112.66035461425781,175.90841674804688,22.931594848632812,53.021392822265625,4.539900601230329e-06
240,60.63773727416992,184.71102905273438,22.611133575439453,52.5531005859375,7.867025851737708e-05
240,66.0824203491211,176.99545288085938,28.585174560546875,68.43655395507812,0.9999946355819702
240,6.644020080566406,159.90756225585938,122.51409149169922,273.42950439453125,5.5095815696404316e-06
240,2.3795652389526367,199.71754455566406,21.130958557128906,50.6768798828125,1.4001195722812554e-06
240,0.0,202.9765167236328,15.239299774169922,52.180633544921875,1.897563038255612e-06
270,466.4414978027344,150.30267333984375,21.13067626953125,50.67755126953125,0.0016693024663254619
270,81.04638671875,168.32879638671875,22.435028076171875,52.6707763671875,2.303248265889124e-06
270,440.40338134765625,162.56178283691406,22.855224609375,54.198577880859375,7.796303179929964e-06
270,455.71502685546875,158.97756958007812,22.8558349609375,54.4473876953125,0.00035279575968161225
270,471.2923889160156,153.39117431640625,22.595703125,54.793182373046875,6.004536771797575e-06
270,627.4129638671875,160.67198181152344,13.0870361328125,58.151885986328125,4.851098310609814e-06
270,67.17892456054688,150.3790283203125,41.964630126953125,102.19253540039062,1.3271310308482498e-06
270,82.47805786132812,172.99176025390625,29.392501831054688,68.40194702148438,4.200337207294069e-05
270,93.95814514160156,175.04388427734375,25.555007934570312,60.35711669921875,9.937671165971551e-06
270,103.7252197265625,173.6631317138672,24.21405029296875,54.745880126953125,4.6571176426368766e-06
270,113.41294860839844,173.5052490234375,22.45440673828125,51.705841064453125,1.917871122714132e-05
270,433.437744140625,165.5257110595703,22.23065185546875,52.690338134765625,6.050694992154604e-06
270,457.7196350097656,152.42095947265625,30.46185302734375,71.62606811523438,5.988159045955399e-06
270,57.220436096191406,177.06752014160156,26.506790161132812,61.169189453125,3.1803169804334175e-06
270,68.55876922607422,179.1446075439453,23.369522094726562,53.023345947265625,0.00023080778191797435
270,72.94681549072266,173.1174774169922,29.464736938476562,70.62277221679688,0.9999938011169434
270,449.5530090332031,166.0679168701172,21.62109375,54.079010009765625,1.0925036804110277e-06
270,1.7225847244262695,192.14306640625,22.940452575683594,54.247283935546875,2.2602598619414493e-05
270,15.122577667236328,159.8119354248047,119.24505615234375,273.83837890625,4.613737928593764e-06
270,0.0,201.87403869628906,15.575943946838379,52.593231201171875,1.0094656317960471e-05
270,0.0,345.772216796875,62.69866180419922,134.727783203125,8.691284165252e-06
300,391.2270812988281,156.33509826660156,21.501953125,51.742340087890625,0.004523799289017916
300,466.8113708496094,150.49217224121094,21.0953369140625,50.658294677734375,9.377102105645463e-05
300,72.21261596679688,169.7686767578125,26.339035034179688,62.581695556640625,0.00013216517982073128
300,67.26959228515625,154.56748962402344,42.104736328125,99.55422973632812,4.060022092744475e-06
300,85.37741088867188,169.2739715576172,26.0946044921875,61.602874755859375,1.3324864994501695e-05
300,432.91168212890625,162.222900390625,22.5623779296875,53.424041748046875,4.298079602449434e-06
300,456.408447265625,159.75096130371094,22.6231689453125,54.48895263671875,4.8652280383976176e-05
300,627.3172607421875,160.5687255859375,13.1827392578125,58.116455078125,3.9523984014522284e-06
300,91.62217712402344,174.17135620117188,27.088821411132812,64.86358642578125,2.027776099566836e-05
300,103.75081634521484,175.09906005859375,24.175323486328125,54.12640380859375,7.235388238768792e-06
300,113.647705078125,174.54519653320312,22.613128662109375,51.511322021484375,7.999603258213028e-05
300,449.57244873046875,163.3141632080078,21.4364013671875,51.42608642578125,3.076087978115538e-06
300,58.654640197753906,181.1043243408203,20.700363159179688,50.88818359375,8.614262696937658e-06
300,65.81403350830078,177.70321655273438,26.884124755859375,62.93170166015625,1.1560987331904471e-05
300,77.67115020751953,176.52090454101562,28.924224853515625,69.2215576171875,0.9999369382858276
300,2.3337936401367188,199.9588165283203,21.202138900756836,51.0364990234375,1.3388006436798605e-06
300,31.838817596435547,160.42031860351562,116.55958557128906,259.73602294921875,4.465273377718404e-06
300,0.0,203.3457794189453,15.453008651733398,51.9415283203125,5.52177971258061e-06
300,75.50447082519531,191.39845275878906,22.438201904296875,52.2586669921875,0.00044312721001915634
300,87.76668548583984,190.935791015625,22.860137939453125,53.24322509765625,4.432868445292115e-05
330,70.45608520507812,159.96835327148438,28.7718505859375,70.24588012695312,6.382430910889525e-06
330,85.39812469482422,164.70623779296875,25.108505249023438,58.833221435546875,3.2382374683948e-06
330,466.4864501953125,150.52188110351562,21.3228759765625,51.1864013671875,0.00027053564554080367
330,192.93350219726562,167.53570556640625,21.7308349609375,50.8272705078125,1.3122877135174349e-05
330,440.845947265625,162.68255615234375,22.4390869140625,52.87744140625,5.1865008572349325e-06
330,456.3231506347656,160.22335815429688,22.40716552734375,53.450469970703125,6.988043605815619e-05
330,72.67809295654297,152.32974243164062,42.42156982421875,103.13320922851562,9.506849210083601e-07
330,103.87271118164062,173.82064819335938,24.404800415039062,55.559722900390625,4.155945134698413e-06
330,112.35091400146484,173.69187927246094,23.227210998535156,52.647216796875,2.1213776562944986e-05
330,449.8966064453125,162.55679321289062,21.4000244140625,51.550323486328125,9.70600467553595e-06
330,58.519371032714844,179.91769409179688,20.854110717773438,51.3707275390625,4.0445365812047385e-06
330,65.62071990966797,175.19415283203125,27.367904663085938,63.429718017578125,6.540699359902646e-06
330,78.06535339355469,172.24661254882812,29.424530029296875,70.52236938476562,0.9994805455207825
330,88.61614990234375,172.603759765625,28.34326171875,67.15731811523438,5.043477358412929e-05
330,27.538707733154297,154.337646484375,120.28421020507812,273.0765380859375,5.865979801455978e-06
330,0.0,203.22610473632812,15.808282852172852,51.85595703125,7.435349743900588e-06
360,627.7252807617188,156.31509399414062,12.77471923828125,50.6788330078125,4.360978437034646e-06
360,82.28504943847656,169.97842407226562,21.824066162109375,54.655731201171875,1.772061295923777e-06
360,457.0252685546875,161.84103393554688,21.76910400390625,52.337554931640625,9.14769680093741e-06
360,464.6753234863281,156.76284790039062,21.955078125,53.42401123046875,6.006254807289224e-06
360,73.66355895996094,172.53353881835938,28.17364501953125,67.56369018554688,0.004930853843688965
360,91.18673706054688,177.44264221191406,26.941131591796875,62.088897705078125,3.23369495163206e-05
360,104.35648345947266,176.34707641601562,23.761581420898438,55.05706787109375,3.6921555874869227e-06
360,114.01008605957031,176.34532165527344,22.764678955078125,52.507080078125,0.00010479160118848085
360,66.44577026367188,182.22596740722656,21.282241821289062,51.60003662109375,4.750809239340015e-06
360,193.50672912597656,173.31886291503906,22.140350341796875,51.578521728515625,3.4829117794288322e-06
360,81.50499725341797,180.20982360839844,26.883224487304688,64.14205932617188,0.9999649524688721
360,23.085433959960938,149.22061157226562,124.57545471191406,277.4915771484375,6.504917564598145e-06
360,74.29911041259766,160.87355041503906,43.30390930175781,102.90882873535156,1.7024935914378148e-06
360,2.4930601119995117,201.79595947265625,21.348270416259766,50.86676025390625,5.263601451588329e-06
360,0.0,209.3384552001953,15.147781372070312,51.34910583496094,3.4651402529561892e-06
390,472.2232971191406,149.23483276367188,20.41058349609375,50.785491943359375,1.8316724890610203e-05
390,84.80675506591797,161.7086944580078,35.57582092285156,87.76885986328125,7.501048457925208e-07
390,457.56414794921875,161.3931427001953,21.23486328125,52.010955810546875,1.8322542018722743e-05
390,465.55731201171875,155.71893310546875,21.798095703125,52.59063720703125,1.2382246495690197e-05
390,84.24454498291016,179.10223388671875,20.918838500976562,50.99530029296875,1.3933534319221508e-05
390,200.41920471191406,171.51832580566406,21.70391845703125,50.6226806640625,2.1022435248596594e-05
390,440.6903991699219,167.10357666015625,22.239501953125,52.949676513671875,3.20970229950035e-06
390,449.6266174316406,163.4630889892578,23.33880615234375,54.302703857421875,1.0344344445911702e-05
390,94.81729888916016,183.59359741210938,23.163299560546875,54.33929443359375,0.00026956136571243405
390,103.86788940429688,182.18295288085938,21.75201416015625,51.500274658203125,4.5339158532442525e-05
390,112.15795135498047,181.38262939453125,22.61072540283203,51.25775146484375,5.550389687414281e-05
390,119.68836212158203,180.54566955566406,22.015113830566406,50.77001953125,8.212588909373153e-06
390,161.09486389160156,182.92002868652344,21.69195556640625,51.99932861328125,2.5392762381670764e-07
390,75.7244644165039,187.0839080810547,21.12152099609375,52.389251708984375,3.95886809201329e-06
390,30.120006561279297,134.7454071044922,128.357666015625,288.58905029296875,5.014075213694014e-06
390,2.8967695236206055,202.28285217285156,21.664443969726562,51.66693115234375,5.798241181764752e-05
390,86.66996765136719,184.33615112304688,25.269577026367188,60.004486083984375,0.9999953508377075
390,0.0,209.6513214111328,15.368538856506348,51.61747741699219,1.0008804565586615e-05
390,82.5796127319336,194.64889526367188,22.550765991210938,54.730560302734375,4.485264798859134e-05
420,81.85804748535156,185.0971221923828,26.8035888671875,63.443939208984375,0.0021990269888192415
420,194.24191284179688,182.47035217285156,21.711181640625,51.686065673828125,1.0632547855493613e-05
420,111.01945495605469,188.60757446289062,24.103851318359375,53.737396240234375,9.06969125935575e-06
420,200.15438842773438,188.1803741455078,21.6435546875,50.892059326171875,1.2137799785705283e-05
420,89.377197265625,190.59864807128906,26.13031005859375,62.379425048828125,0.999183714389801
420,76.8077163696289,165.77029418945312,47.637969970703125,99.8851318359375,4.1388329918845557e-07
420,31.48432159423828,160.356201171875,126.52556610107422,285.3167724609375,3.7473346310434863e-06
420,98.53913879394531,188.34019470214844,26.524505615234375,62.16009521484375,0.00011213332618353888
420,368.4281921386719,192.25440979003906,21.99542236328125,52.717315673828125,5.480162144522183e-06
420,0.7060403823852539,207.6857452392578,22.373687744140625,53.82020568847656,2.983221747854259e-06
420,0.0,217.43844604492188,15.356904029846191,51.662628173828125,1.3787552234134637e-05
450,471.75311279296875,161.2605743408203,21.10003662109375,50.55743408203125,0.00010121773084392771
450,465.45037841796875,170.48895263671875,20.80377197265625,51.623291015625,1.94078279491805e-06
450,627.59326171875,178.70152282714844,12.90673828125,50.991241455078125,5.839929599460447e-06
450,86.4335708618164,203.067626953125,23.105926513671875,54.380615234375,0.007893978618085384
450,192.62716674804688,200.05455017089844,22.9970703125,54.894775390625,2.803411007334944e-06
450,95.28964233398438,206.922607421875,23.513916015625,55.778839111328125,5.154244263394503e-06
450,0.0,218.1827392578125,15.100431442260742,51.223052978515625,2.1091591406730004e-05
480,627.2473754882812,114.93843078613281,13.25262451171875,52.324249267578125,5.703750503016636e-06
480,627.0571899414062,147.12060546875,13.44281005859375,51.54620361328125,2.8824681521655293e-06
480,73.6722412109375,181.96023559570312,23.182785034179688,54.841705322265625,2.2266811356530525e-05
480,442.096923828125,174.7775421142578,20.8603515625,51.14361572265625,3.032701670235838e-06
480,472.21612548828125,171.4630889892578,21.147216796875,50.668365478515625,0.00017580993880983442
480,85.52391815185547,188.61888122558594,23.140411376953125,55.02032470703125,0.43510162830352783
480,94.22122192382812,188.35008239746094,22.738510131835938,54.427734375,0.0006153134745545685
480,102.03919219970703,189.02285766601562,23.07574462890625,53.745758056640625,3.000112519657705e-05
480,68.19461822509766,194.9665069580078,22.055908203125,53.3316650390625,1.2496438102971297e-05
480,64.10627746582031,169.93280029296875,46.79827880859375,106.36947631835938,5.810120001115138e-06
480,77.74980926513672,190.6064453125,24.86920166015625,59.017486572265625,0.9937111139297485
480,21.83605194091797,156.7556915283203,126.88605499267578,272.838134765625,1.278093350265408e-06
480,78.49249267578125,178.18353271484375,34.918212890625,79.96490478515625,3.108406235696748e-05
480,256.6504211425781,191.2179412841797,21.8829345703125,52.0804443359375,9.536893230688293e-06
480,627.5579223632812,195.27113342285156,12.94207763671875,51.83990478515625,7.116520009731175e-06
480,73.56587219238281,201.09767150878906,23.109176635742188,56.98701477050781,2.1194009605096653e-06
480,627.184326171875,217.2657012939453,13.315673828125,52.36582946777344,3.481974272290245e-05
480,619.4589233398438,192.4183349609375,21.04107666015625,95.73269653320312,3.909142378688557e-06
480,627.6317138671875,235.26596069335938,12.8682861328125,60.0797119140625,6.9605566750396974e-06
510,147.67230224609375,157.32772827148438,30.46343994140625,70.0528564453125,1.4876958402965101e-06
510,481.7156982421875,158.25086975097656,22.07171630859375,51.9761962890625,8.108082693070173e-05
510,134.1275634765625,166.94924926757812,28.551422119140625,66.940185546875,7.684742740821093e-06
510,171.2218780517578,167.47280883789062,21.420318603515625,51.4735107421875,2.516218228265643e-05
510,142.99346923828125,173.69883728027344,21.971771240234375,51.791534423828125,0.0006498582661151886
510,151.11622619628906,171.76104736328125,21.097991943359375,50.65875244140625,3.8121674151625484e-05
510,189.17770385742188,169.67282104492188,27.799652099609375,65.34835815429688,1.0090036084875464e-05
510,486.0878601074219,163.47384643554688,23.9129638671875,56.258819580078125,9.988932106352877e-06
510,53.18496322631836,187.64361572265625,21.934429168701172,54.12921142578125,8.411666931351647e-05
510,3.9639968872070312,128.09951782226562,131.13845825195312,296.95501708984375,1.800370682758512e-06
510,70.01541137695312,187.04669189453125,23.128707885742188,54.572540283203125,0.017111482098698616
510,80.38623046875,187.80711364746094,21.58953857421875,51.346710205078125,0.00011560583516256884
510,129.88168334960938,180.5245361328125,21.760223388671875,50.960968017578125,1.6511021385667846e-06
510,61.90443420410156,186.20367431640625,24.059814453125,56.965423583984375,0.9999372959136963
510,62.71971130371094,175.5689697265625,33.570953369140625,77.701904296875,1.0761348676169291e-05
510,87.86398315429688,188.4212188720703,20.582504272460938,50.57464599609375,3.3647389500401914e-05
510,83.56633758544922,180.5670928955078,29.31951904296875,70.42666625976562,1.7885539591588895e-06
540,596.9579467773438,0.0,43.54205322265625,123.05545806884766,7.5651832958101295e-06
540,462.2182312011719,147.28329467773438,23.59088134765625,54.880462646484375,5.8672336308518425e-05
540,160.61436462402344,156.16453552246094,23.6136474609375,56.788726806640625,7.95556406956166e-05
540,441.62603759765625,155.683837890625,22.90374755859375,53.33319091796875,0.0014515199000015855
540,455.4783935546875,155.29502868652344,22.08056640625,51.319671630859375,0.742630124092102
540,434.7458190917969,158.42098999023438,22.98590087890625,54.7650146484375,0.0018000896088778973
540,447.0976867675781,152.70260620117188,26.7720947265625,64.95761108398438,0.02598480135202408
540,455.5599670410156,152.01731872558594,31.43548583984375,75.277099609375,1.8241627913084812e-05
540,18.110111236572266,177.5658721923828,26.27721405029297,60.218353271484375,2.6029516448033974e-05
540,31.188749313354492,175.1564178466797,27.110795974731445,65.10687255859375,0.9999926090240479
540,0.0,141.17576599121094,101.11356353759766,285.1439208984375,3.8603116081503686e-06
540,156.82037353515625,171.4778289794922,21.571441650390625,51.0833740234375,1.7419614550817641e-06
540,627.5625,175.20997619628906,12.9375,57.34454345703125,4.664189418690512e-06
540,19.590768814086914,156.6009979248047,45.25910949707031,99.30615234375,2.451308091622195e-06
540,44.728721618652344,179.67620849609375,25.31903076171875,61.564422607421875,0.0007719796267338097
540,55.12046432495117,185.7078399658203,21.02164077758789,50.59710693359375,0.00029138283571228385
540,437.46856689453125,156.9153289794922,31.8636474609375,77.5106201171875,2.1963292056170758e-06
540,8.747905731201172,186.91461181640625,22.90729522705078,55.3604736328125,1.6193804185604677e-05
540,0.0,200.20130920410156,13.338991165161133,50.5142822265625,1.2676416645263089e-06
540,2.076610565185547,196.5354461669922,22.622478485107422,53.655670166015625,3.222943632863462e-06
540,25.397544860839844,184.6965789794922,24.977310180664062,58.77032470703125,0.0001352996041532606
540,37.113304138183594,187.36329650878906,27.100311279296875,65.36178588867188,1.6295612113026436e-06
570,160.12808227539062,157.22732543945312,20.972900390625,50.722900390625,1.1043407539546024e-05
570,0.0,172.63674926757812,25.55548858642578,58.986358642578125,5.2750942813872825e-06
570,627.1563720703125,172.80300903320312,13.3436279296875,51.694091796875,0.00010905288945650682
570,618.332275390625,177.4583740234375,22.167724609375,55.073486328125,2.3298957785300445e-06
570,7.656933784484863,187.20550537109375,22.272380828857422,53.177734375,9.063241122930776e-06
570,0.0,190.64315795898438,15.57485580444336,57.19293212890625,4.631305273505859e-06
570,1.7280817031860352,197.23513793945312,22.321216583251953,54.1148681640625,3.39787220582366e-06
600,467.5983581542969,148.04647827148438,21.77728271484375,51.503448486328125,2.5640349122113548e-05
600,474.7465515136719,153.15731811523438,21.64715576171875,51.02911376953125,0.0008900485699996352
600,627.4331665039062,160.95372009277344,13.06683349609375,51.446533203125,1.1467619515315164e-05
600,479.8587646484375,160.15127563476562,21.795166015625,52.83599853515625,2.5517347239656374e-06
600,145.88851928710938,171.02919006347656,22.2691650390625,52.5814208984375,1.2702622370852623e-05
600,627.265625,185.52825927734375,13.234375,52.541412353515625,8.044426067499444e-06
600,627.5243530273438,210.32070922851562,12.97564697265625,51.69146728515625,6.607469458685955e-06
630,472.3822021484375,153.359619140625,22.234130859375,52.332183837890625,4.5896972551418e-06
630,627.610107421875,154.35853576660156,12.889892578125,51.928680419921875,4.349158189143054e-06
630,625.7940673828125,166.1513214111328,14.7059326171875,60.879150390625,6.715675681334687e-06
630,103.34906768798828,176.8999786376953,24.089035034179688,57.289093017578125,8.306629752041772e-06
630,112.51089477539062,175.79071044921875,21.293182373046875,51.536865234375,1.5340305253630504e-05
630,119.11692810058594,177.54180908203125,22.8697509765625,54.732421875,1.6398864772781963e-06
630,175.91004943847656,182.26519775390625,21.45098876953125,50.776519775390625,7.428691333188908e-07
660,626.6635131835938,135.37867736816406,13.83648681640625,56.136322021484375,9.348903404315934e-06
660,628.3215942382812,162.32254028320312,12.17840576171875,50.56829833984375,4.7007397370180115e-06
660,97.0547103881836,169.7162628173828,22.086196899414062,52.075469970703125,1.3354927432374097e-05
660,0.0,178.01754760742188,16.11469078063965,56.60595703125,7.916652066342067e-06
690,410.1163330078125,140.26173400878906,22.55975341796875,54.354583740234375,1.283486471947981e-05
690,409.48724365234375,135.70156860351562,34.05682373046875,80.87460327148438,3.3325713957310654e-06
690,420.54962158203125,138.36822509765625,25.21826171875,60.210235595703125,1.3442260751617141e-05
690,555.2782592773438,146.3743438720703,22.949951171875,55.997161865234375,3.918502261512913e-05
690,22.88728141784668,155.5751190185547,24.865182876586914,58.50225830078125,2.1625261069857515e-05
690,416.04449462890625,150.69358825683594,21.636962890625,51.184478759765625,0.0004872009449172765
690,11.193249702453613,159.61131286621094,23.393966674804688,54.94476318359375,1.036356024997076e-05
690,560.979248046875,157.73529052734375,21.509521484375,50.629302978515625,0.284176230430603
690,553.7045288085938,137.98904418945312,37.5023193359375,82.09124755859375,1.0758225243989727e-06
690,491.9725341796875,83.25723266601562,140.364013671875,295.1814270019531,3.346540324855596e-06
690,627.4732055664062,153.2561492919922,13.02679443359375,51.29608154296875,3.234965561205172e-06
690,18.207134246826172,165.03382873535156,22.284423828125,51.85040283203125,0.0005234026466496289
690,0.0,166.5030517578125,14.370843887329102,57.433013916015625,2.0652432795031928e-05
690,0.0,143.8055419921875,21.662860870361328,100.5831298828125,4.545931460597785e-06
690,30.66537857055664,165.75521850585938,23.40966033935547,55.53729248046875,4.930349678033963e-05
690,567.4381103515625,161.5968017578125,20.794921875,50.709716796875,8.324616646859795e-05
690,10.682522773742676,177.55203247070312,20.822200775146484,50.876373291015625,1.5434781062140246e-06
720,424.6358642578125,118.89257049560547,21.26611328125,50.84900665283203,0.003228831570595503
720,419.6484375,126.89501190185547,21.74981689453125,50.950721740722656,6.021990702720359e-05
720,433.2594299316406,121.0809326171875,32.29876708984375,78.61016845703125,3.6882067888655e-06
720,420.4957275390625,122.68211364746094,31.65911865234375,76.09857177734375,0.009803793393075466
720,391.39947509765625,145.7105712890625,22.64654541015625,53.209320068359375,0.004677065648138523
720,410.70635986328125,103.51342010498047,47.2716064453125,110.5115737915039,1.7102991478168406e-05
720,399.4712829589844,150.95608520507812,20.857666015625,50.772613525390625,5.981521098874509e-06
720,428.4556579589844,141.90826416015625,26.5843505859375,62.34112548828125,0.0015230885474011302
720,626.5274047851562,150.7931365966797,13.97259521484375,58.827117919921875,1.8334952983423136e-05
720,53.0831298828125,190.43399047851562,22.029769897460938,51.259674072265625,8.430152774963062e-06
720,61.337158203125,190.72840881347656,21.241607666015625,50.953887939453125,3.5788016248261556e-05
750,393.04559326171875,148.8485107421875,22.1478271484375,52.03021240234375,3.5739009035751224e-05
750,211.408447265625,158.26759338378906,22.339599609375,52.2706298828125,1.308298806179664e-06
750,218.2550048828125,162.19186401367188,21.6722412109375,51.3939208984375,5.024467100156471e-05
750,310.51483154296875,162.45933532714844,21.59625244140625,51.8531494140625,1.1645867061815807e-06
750,305.0722351074219,168.935546875,21.6092529296875,51.1611328125,3.52640449818864e-06
750,601.69287109375,362.0101318359375,38.80712890625,118.4898681640625,6.137955097074155e-06
780,401.8600769042969,145.8744354248047,22.63665771484375,52.168121337890625,0.00044794034329243004
780,408.0858154296875,152.07003784179688,23.14288330078125,54.895782470703125,5.4951542551862076e-05
780,417.8564758300781,154.5242156982422,23.71783447265625,54.67901611328125,4.259783963789232e-05
780,417.8518981933594,140.76608276367188,34.890869140625,82.02490234375,1.3047850870862021e-06
780,454.397705078125,162.142333984375,23.51171875,55.864501953125,1.1389332030375954e-05
780,0.0,166.49879455566406,15.961057662963867,55.996795654296875,2.6985273962054634e-06
780,427.0191955566406,165.52410888671875,21.3470458984375,50.62420654296875,0.0013531387085095048
780,449.5029296875,171.07803344726562,21.63629150390625,50.611328125,0.0006227935664355755
780,432.7508239746094,170.1448974609375,22.0347900390625,51.964508056640625,5.611123197013512e-05
780,442.09033203125,170.84915161132812,22.11114501953125,52.931060791015625,4.0871342207537964e-05
810,492.4523620605469,85.31808471679688,22.128509521484375,53.01564025878906,0.0002968127082567662
810,491.099853515625,85.42671966552734,32.01702880859375,74.28995513916016,7.195622856670525e-06
810,0.0,127.33159637451172,16.095571517944336,56.850013732910156,4.0788058868201915e-06
810,449.5203857421875,150.08926391601562,25.943603515625,61.084991455078125,5.344329110812396e-06
810,459.9822998046875,152.5699462890625,24.57818603515625,58.914398193359375,0.001508501823991537
810,451.7588195800781,136.74879455566406,34.6815185546875,82.98135375976562,1.1272501296843984e-06
810,475.98095703125,157.15293884277344,25.1881103515625,60.359466552734375,0.000522997637744993
810,466.48846435546875,157.14654541015625,25.4112548828125,60.51275634765625,0.9685940146446228
810,402.6669006347656,135.07289123535156,125.83578491210938,275.02423095703125,4.532010279945098e-06
810,484.0929870605469,160.5448455810547,27.044921875,62.016998291015625,4.659756541514071e-06
810,461.6192626953125,147.72569274902344,35.87103271484375,85.0653076171875,3.996379018644802e-05
810,472.428955078125,169.99208068847656,23.900390625,58.06085205078125,0.0016167900757864118
810,626.8726806640625,190.89447021484375,13.6273193359375,55.434661865234375,9.994363608711865e-06
840,596.045166015625,0.0,44.454833984375,120.1330337524414,3.9014184949337505e-06
840,533.3203735351562,47.160247802734375,107.17962646484375,297.34722900390625,0.00010218090756097808
840,566.9522094726562,125.79959869384766,30.911865234375,79.37654876708984,9.60237002800568e-07
840,582.7623901367188,131.39031982421875,24.569580078125,58.394775390625,1.1923987585760187e-05
840,558.3119506835938,88.33943939208984,77.4049072265625,181.73312377929688,0.0014312302228063345
840,533.2982177734375,115.27173614501953,52.3675537109375,125.83650970458984,1.8936586343443196e-07
840,576.3674926757812,139.58828735351562,25.178955078125,62.14727783203125,2.9287205052241916e-06
840,602.5860595703125,78.77333068847656,37.9139404296875,158.216064453125,1.1342484867782332e-05
840,586.5975952148438,42.431846618652344,53.90240478515625,240.86614990234375,2.7746136765927076e-06
840,528.4298095703125,133.48751831054688,36.550048828125,88.16790771484375,1.8373879129285342e-06
840,553.4800415039062,144.7703094482422,22.5322265625,58.509674072265625,2.3174377474788344e-06
840,494.0994567871094,152.75527954101562,26.334503173828125,61.4534912109375,8.049433381529525e-05
840,502.9529724121094,155.36773681640625,22.786285400390625,55.23785400390625,6.557612323376816e-06
840,494.1523132324219,129.11045837402344,38.639007568359375,95.20101928710938,2.2462297692982247e-06
840,510.3696594238281,151.54278564453125,28.243316650390625,63.631011962890625,1.6554347439523553e-06
840,521.6434326171875,157.7866973876953,23.4779052734375,54.67742919921875,5.188167961023282e-06
840,515.1528930664062,136.94903564453125,37.076904296875,90.18533325195312,3.5239197586633964e-06
840,535.2806396484375,154.4833221435547,23.1298828125,55.076080322265625,3.427061892580241e-05
840,545.14697265625,151.71176147460938,22.5322265625,57.405670166015625,1.9430239262874238e-05
840,542.31103515625,143.20904541015625,33.2484130859375,77.44189453125,2.264344038849231e-05
840,576.4505004882812,137.09324645996094,36.202880859375,85.5123291015625,0.00015500705922022462
840,489.7860107421875,160.95970153808594,21.20855712890625,51.831512451171875,1.747342321323231e-05
840,527.17236328125,157.3875732421875,27.014404296875,62.477386474609375,0.0002832178142853081
840,556.7161865234375,134.55880737304688,41.68994140625,100.03689575195312,0.0012652844889089465
840,568.4961547851562,152.14517211914062,26.6741943359375,70.06625366210938,5.6238332035718486e-06
840,566.1865234375,119.98860168457031,50.6968994140625,122.43966674804688,0.9999978542327881
840,539.0755004882812,104.76895904541016,74.9486083984375,184.20138549804688,4.194333087070845e-06
840,582.0364379882812,130.27371215820312,47.97216796875,110.28823852539062,0.00020731185213662684
840,38.31892395019531,180.39602661132812,24.868270874023438,56.712677001953125,8.749814242037246e-07
840,572.509033203125,160.67031860351562,34.1107177734375,77.85629272460938,1.0283353049089783e-06
870,258.809814453125,146.07260131835938,23.7684326171875,54.4337158203125,2.9575192456832156e-05
870,266.2015380859375,154.01211547851562,21.26507568359375,50.874542236328125,0.00040605076355859637
870,626.9046020507812,161.02520751953125,13.59539794921875,56.5623779296875,1.992179750232026e-05
870,0.0,168.91757202148438,15.381609916687012,55.629913330078125,1.0486312021384947e-05
870,626.8924560546875,183.02468872070312,13.6075439453125,51.850494384765625,5.483403583639301e-06
870,602.5943603515625,358.45281982421875,37.9056396484375,122.04718017578125,3.7108256947249174e-06
900,217.48756408691406,144.3459930419922,22.458770751953125,52.880950927734375,3.0825133308098884e-06
900,223.4376983642578,152.201416015625,21.3255615234375,50.722412109375,1.9939118374168174e-06
900,470.28057861328125,152.7009735107422,20.56451416015625,50.65777587890625,0.005148693919181824
900,602.0949096679688,363.4952392578125,38.40509033203125,117.0047607421875,6.067163667466957e-06
930,192.73367309570312,145.2991943359375,22.74908447265625,56.15692138671875,1.6464933651150204e-05
930,481.2134094238281,148.472412109375,21.515625,51.15289306640625,0.9975988268852234
930,627.7464599609375,144.8911590576172,12.7535400390625,50.802520751953125,7.624168119946262e-06
930,474.2991943359375,135.61219787597656,33.947021484375,79.7532958984375,1.527098561382445e-06
930,420.8546142578125,111.10832214355469,127.8350830078125,272.280517578125,7.505938810936641e-06
930,495.1368713378906,149.60055541992188,20.773406982421875,50.82403564453125,0.00014541679411195219
930,486.96722412109375,151.41009521484375,22.173095703125,52.579132080078125,0.05175801366567612
930,474.0517578125,155.67031860351562,21.45428466796875,52.09954833984375,1.8458236183960253e-07
930,601.7135620117188,363.13922119140625,38.78643798828125,117.36077880859375,4.940413418808021e-06
960,521.5777587890625,128.67088317871094,36.8519287109375,86.97677612304688,0.00035628656041808426
960,167.44691467285156,141.16770935058594,23.22796630859375,53.97930908203125,2.78982247436943e-06
960,441.391357421875,136.27520751953125,23.12109375,53.401031494140625,4.1706167394295335e-05
960,453.52813720703125,131.94046020507812,25.81817626953125,60.13714599609375,1.5617405324519495e-06
960,160.23880004882812,147.76271057128906,21.384307861328125,50.654632568359375,0.029358677566051483
960,448.40643310546875,142.13064575195312,21.78204345703125,51.38861083984375,0.00030896454700268805
960,524.7657470703125,145.7418212890625,21.2191162109375,50.9141845703125,3.093339910265058e-05
960,535.0759887695312,143.98170471191406,23.38330078125,55.407989501953125,0.002164561999961734
960,152.345947265625,129.97596740722656,36.97735595703125,81.87554931640625,1.452788637834601e-06
960,174.93641662597656,147.91392517089844,21.75341796875,51.040557861328125,6.0330289670673665e-06
960,376.4445495605469,150.24110412597656,21.41546630859375,51.535980224609375,1.5508983324252767e-06
960,528.0581665039062,149.1826171875,25.5709228515625,60.963714599609375,0.9999333620071411
960,472.8879089355469,110.65017700195312,125.06399536132812,287.29156494140625,7.901830031187274e-06
960,541.9091186523438,153.7402801513672,22.9698486328125,56.28424072265625,5.452262485050596e-06
960,521.0510864257812,157.9161834716797,25.8653564453125,62.58880615234375,1.1935532029383467e-06
990,106.88475036621094,149.79661560058594,23.227035522460938,54.4429931640625,8.150237408699468e-05
990,152.8878936767578,149.61489868164062,21.230133056640625,50.93939208984375,0.03999613597989082
990,159.2438507080078,146.04502868652344,22.2701416015625,52.934356689453125,3.8099087760201655e-06
990,369.8620300292969,141.73109436035156,22.07073974609375,52.03656005859375,3.1388949537358712e-06
990,425.6536865234375,141.9314727783203,21.10076904296875,50.797027587890625,5.826088909088867e-06
990,102.58331298828125,137.33152770996094,33.3134765625,79.23861694335938,3.346032463014126e-05
990,377.5013427734375,145.89797973632812,22.04705810546875,51.07830810546875,5.716490704799071e-05
990,113.60987854003906,152.6641387939453,23.655731201171875,56.4774169921875,0.9720028042793274
990,56.39033126831055,104.92877197265625,127.74725341796875,282.206787109375,3.4636932468856685e-06
990,126.16398620605469,152.82106018066406,21.867919921875,52.6292724609375,0.00049067591316998
990,137.2914276123047,154.317626953125,22.719512939453125,55.00543212890625,3.631702384154778e-06
990,147.011474609375,156.8358917236328,22.383331298828125,53.879638671875,5.79150982957799e-05
1020,560.1753540039062,120.66077423095703,22.1832275390625,51.51543426513672,1.186778536066413e-05
1020,74.68443298339844,131.2112579345703,33.60621643066406,77.70785522460938,1.7337595636490732e-05
1020,88.26244354248047,147.5886688232422,21.658584594726562,51.464263916015625,0.18276020884513855
1020,74.8974380493164,152.08349609375,21.334686279296875,50.7587890625,0.039188310503959656
1020,217.8745574951172,146.44166564941406,21.636932373046875,51.244659423828125,1.958989741979167e-06
1020,81.39990234375,150.5438690185547,22.3372802734375,53.2940673828125,0.8571524620056152
1020,19.849761962890625,84.91850280761719,126.95780944824219,289.447021484375,1.8496045868232613e-06
1020,58.96540069580078,156.278076171875,23.394790649414062,55.41387939453125,4.190918389213039e-06
1020,67.88485717773438,155.6285400390625,22.813064575195312,54.231842041015625,0.0002807883720379323
1020,94.46109008789062,152.08302307128906,22.020660400390625,53.063629150390625,2.979418968607206e-05
1020,601.09033203125,362.5052795410156,39.40966796875,117.99472045898438,4.0287955016538035e-06
1050,374.8153381347656,123.10319519042969,23.8341064453125,56.353271484375,1.1633827853074763e-05
1050,600.4312744140625,118.23406219482422,22.388916015625,53.135765075683594,1.952796992554795e-06
1050,362.9071350097656,133.8395538330078,22.18603515625,53.106475830078125,2.104517989209853e-05
1050,369.8528747558594,132.33123779296875,24.5247802734375,57.258392333984375,0.00022728681506123394
1050,50.253665924072266,144.998779296875,22.639095306396484,54.060516357421875,0.9993181228637695
1050,42.854225158691406,131.17408752441406,34.17417907714844,79.67514038085938,9.396168934472371e-06
1050,0.0,94.78840637207031,119.89981079101562,282.603759765625,1.2379921827232465e-05
1050,61.730613708496094,144.28814697265625,21.036392211914062,50.9678955078125,5.428310760180466e-05
1050,143.69700622558594,150.02401733398438,21.5650634765625,50.9803466796875,0.0039001244585961103
1050,136.96517944335938,133.08917236328125,36.822174072265625,80.59408569335938,8.855656119521882e-07
1050,193.79541015625,147.2919921875,22.088348388671875,51.362060546875,0.0015588663518428802
1050,43.87366485595703,151.8327178955078,22.27405548095703,53.60333251953125,0.07902785390615463
1050,149.5851287841797,151.1978302001953,22.94476318359375,55.423614501953125,3.4124141166103072e-06
1050,187.19308471679688,152.9669189453125,20.474151611328125,50.783050537109375,3.1567219593853224e-07
1050,199.5429229736328,152.81158447265625,21.6580810546875,51.84869384765625,1.014752979244804e-05
1050,2.363466262817383,171.65692138671875,21.587749481201172,50.9981689453125,4.4798343878937885e-06
1050,0.0,175.44056701660156,15.019930839538574,54.3468017578125,1.539326876809355e-05
1050,8.77650260925293,175.05758666992188,20.684207916259766,50.586761474609375,8.146386790031102e-06
1050,599.1669311523438,358.8031005859375,41.33306884765625,121.6968994140625,4.231533239362761e-06
1080,25.803659439086914,136.4593963623047,22.15003776550293,51.412017822265625,2.0535028397716815e-06
1080,19.360151290893555,145.18621826171875,21.919214248657227,52.9444580078125,1.1053427442675456e-05
1080,30.559764862060547,143.25006103515625,25.297401428222656,60.165618896484375,0.9995892643928528
1080,208.52218627929688,149.1082305908203,22.493560791015625,53.98748779296875,3.118908716714941e-05
1080,37.86131286621094,149.310791015625,24.37134552001953,57.87646484375,0.0006846625474281609
1080,25.056745529174805,134.60467529296875,36.32256317138672,85.12606811523438,4.9470647354610264e-05
1080,471.9124755859375,181.2025909423828,21.29620361328125,50.60687255859375,1.5029271480671014e-06
1110,22.073890686035156,146.400634765625,25.22545623779297,59.993133544921875,2.5681585611891933e-05
1110,29.87346839904785,151.0491943359375,25.544797897338867,59.8338623046875,5.06510559716844e-06
1110,41.95087432861328,152.6048126220703,24.574676513671875,57.707427978515625,0.00010510934953344986
1110,50.272315979003906,154.1253204345703,22.56330108642578,53.080902099609375,0.0018862411379814148
1110,17.28449821472168,156.35289001464844,21.701570510864258,50.844146728515625,0.0010584561387076974
1110,61.77782440185547,152.03518676757812,22.70977783203125,54.475738525390625,7.466273018508218e-06
1110,10.8518705368042,158.560546875,21.655338287353516,52.291778564453125,2.17000470001949e-05
1110,12.730366706848145,153.4480438232422,31.14873504638672,74.96829223632812,2.8591954105650075e-05
1110,0.0,121.95040893554688,32.86127471923828,144.62521362304688,2.753922444753698e-06
1110,0.0,92.2052993774414,54.088417053222656,227.950439453125,4.30879890700453e-06
1110,3.756082534790039,132.40060424804688,53.65808868408203,124.24734497070312,5.87329577683704e-06
1110,39.93006134033203,145.4136962890625,38.86213684082031,90.88961791992188,8.814236934995279e-06
1110,52.96549987792969,161.67404174804688,27.439727783203125,65.04193115234375,1.0377118996984791e-05
1110,627.9452514648438,241.2147674560547,12.55474853515625,51.01817321777344,6.211882009665715e-06
1110,600.3829345703125,359.47265625,40.1170654296875,121.02734375,6.565496732946485e-06
1140,428.526123046875,155.2657012939453,22.00958251953125,50.900848388671875,1.6700212654541247e-05
1140,30.518871307373047,150.17959594726562,24.659515380859375,57.690521240234375,0.003909498453140259
1140,80.25993347167969,164.3260040283203,21.678359985351562,52.8355712890625,9.592722562956624e-07
1140,437.2148132324219,160.35653686523438,21.9169921875,52.62152099609375,6.312394543783739e-05
1140,24.64333724975586,140.7242431640625,39.98274230957031,97.50994873046875,7.3032715590670705e-06
1140,73.18195343017578,166.8538055419922,23.595596313476562,56.6875,1.2975758181710262e-05
1140,152.10105895996094,178.2900848388672,22.71612548828125,53.55633544921875,1.7971954093809472e-06
1140,378.3820495605469,174.91529846191406,21.7271728515625,50.6737060546875,6.850271165603772e-05
1140,430.8841247558594,168.27110290527344,23.650390625,56.43328857421875,0.00034212751779705286
1140,383.93994140625,179.07676696777344,22.6705322265625,54.716156005859375,6.209299954207381e-06
1140,600.8201904296875,361.96563720703125,39.6798095703125,118.53436279296875,1.2698868886218406e-05
1170,626.5280151367188,130.236572265625,13.97198486328125,53.28143310546875,4.6128137910272926e-05
1170,616.5796508789062,134.70724487304688,23.92034912109375,58.804840087890625,2.5322045985376462e-05
1170,66.738525390625,157.52088928222656,37.68714904785156,91.62539672851562,8.830005390336737e-05
1170,81.28433990478516,166.3824005126953,23.412109375,57.66595458984375,1.882470678538084e-05
1170,73.72860717773438,173.8225860595703,27.126449584960938,63.399810791015625,0.00025216289213858545
1170,80.37901306152344,172.73146057128906,30.43304443359375,73.65301513671875,0.9608853459358215
1170,99.30747985839844,177.35568237304688,27.09442138671875,61.590484619140625,1.045014528244792e-06
1170,551.9606323242188,176.78323364257812,21.35791015625,50.56683349609375,3.337921589263715e-05
1170,558.7902221679688,176.29698181152344,22.718017578125,53.326324462890625,1.499702761975641e-06
1170,536.7638549804688,180.33413696289062,21.5924072265625,52.013641357421875,7.949583050503861e-06
1170,544.709228515625,180.1295928955078,22.5447998046875,52.9227294921875,1.0306268450221978e-05
1170,89.95986938476562,179.8196563720703,27.934539794921875,65.03057861328125,0.0006892409292049706
1170,72.47566986083984,165.28575134277344,44.97453308105469,107.63877868652344,9.71950066741556e-06
1200,627.0241088867188,154.2139434814453,13.47589111328125,51.643768310546875,5.971916380076436e-06
1200,250.76316833496094,173.94883728027344,23.069107055664062,53.9208984375,1.993139630940277e-05
1200,264.5080871582031,172.24192810058594,22.06683349609375,51.136077880859375,4.852278379985364e-06
1200,0.0,181.1652374267578,14.128746032714844,51.1488037109375,5.306882485456299e-06
1200,258.075927734375,180.21681213378906,20.99151611328125,50.938201904296875,1.3257041246106382e-05
1200,0.0,179.9967803955078,25.34931182861328,74.54421997070312,2.3641005100216717e-06
1200,337.4799499511719,178.6417236328125,21.879150390625,52.486328125,6.495396974059986e-06
1200,0.0,197.42784118652344,16.17721176147461,55.0128173828125,8.339601663465146e-06
1200,558.8579711914062,151.21270751953125,60.3970947265625,146.80987548828125,5.2505461098917294e-06
1200,545.701171875,119.9367904663086,90.039794921875,216.7562255859375,6.378423859132454e-05
1200,604.3941650390625,234.74752807617188,36.1058349609375,152.75103759765625,9.531019713904243e-06
1200,593.2540893554688,204.3668670654297,47.24591064453125,236.2376251220703,1.52704342326615e-05
1200,600.9183349609375,366.421142578125,39.5816650390625,114.078857421875,3.930098046112107e-06
1230,0.0,70.04623413085938,15.102376937866211,52.577911376953125,1.624425931368023e-05
1230,0.0,76.72671508789062,21.43042755126953,76.42022705078125,3.3659747714409605e-05
1230,0.0,93.40093994140625,14.197532653808594,53.08354187011719,1.7145188394351862e-05
1230,0.0,52.54251480102539,29.148162841796875,124.44419860839844,1.0920767635980155e-05
1230,142.7796173095703,138.21493530273438,28.469024658203125,67.04061889648438,0.00016490307461936027
1230,152.5487823486328,141.5279998779297,23.04522705078125,54.925750732421875,1.255221741303103e-05
1230,144.49142456054688,129.78648376464844,39.3125,95.42160034179688,0.3642458915710449
1230,627.4647827148438,148.91860961914062,13.03521728515625,50.592864990234375,1.1418477697588969e-05
1230,160.01914978027344,147.6207733154297,23.4329833984375,55.009124755859375,5.37329469807446e-05
1230,167.62619018554688,150.58802795410156,22.23333740234375,51.895904541015625,0.00014903418195899576
1230,157.609619140625,138.90850830078125,33.53753662109375,82.68032836914062,0.0010972656309604645
1230,136.97569274902344,151.24847412109375,25.5894775390625,65.22360229492188,2.199326672780444e-06
1230,171.5910186767578,150.201904296875,27.317535400390625,64.3914794921875,3.079230373259634e-05
1230,133.2178955078125,139.53631591796875,39.69207763671875,99.92376708984375,6.746808503521606e-05
1230,544.9955444335938,169.5878143310547,23.859130859375,56.62689208984375,7.427674063364975e-06
1230,125.20841979980469,158.9848175048828,34.5933837890625,82.86825561523438,1.3526814655051567e-05
1230,143.04269409179688,159.99595642089844,26.077911376953125,64.04580688476562,3.61198658538342e-06
1230,117.50086975097656,106.01331329345703,80.052490234375,190.03799438476562,5.860578312422149e-06
1230,164.81314086914062,163.43807983398438,30.18255615234375,69.78512573242188,6.754992227797629e-06
1230,151.2653045654297,128.75888061523438,50.585723876953125,119.0250244140625,6.828141977166524e-06
1230,567.6896362304688,149.402587890625,42.1239013671875,104.75592041015625,7.31754539629037e-07
1230,610.8045043945312,125.30194854736328,29.69549560546875,142.12127685546875,5.205733032198623e-06
1230,63.440181732177734,194.5839385986328,23.27066421508789,53.052764892578125,1.8846320699594798e-06
1230,120.45594787597656,189.32333374023438,22.322174072265625,53.4478759765625,4.87849001729046e-06
1230,129.4423828125,189.5296173095703,21.68402099609375,51.9532470703125,5.195510766498046e-06
1230,135.87396240234375,185.80865478515625,22.49884033203125,55.955596923828125,9.785049769561738e-06
1230,55.63099670410156,197.98963928222656,23.725631713867188,55.051055908203125,2.1451860447996296e-05
1230,589.8944091796875,113.90689086914062,50.6055908203125,229.59872436523438,1.3321218830242287e-05
1260,18.577516555786133,109.90880584716797,46.13151550292969,110.9083023071289,0.00012122369662392884
1260,2.760875701904297,75.26520538330078,84.8004150390625,204.2635498046875,2.276355871799751e-06
1260,22.176895141601562,137.5301513671875,31.7655029296875,72.747802734375,2.4320304419234162e-06
1260,33.38154983520508,120.4174575805664,42.13389205932617,101.59783172607422,2.201933284595725e-06
1260,8.613924026489258,122.78883361816406,41.327789306640625,104.42337036132812,8.313080797961447e-06
1290,627.8225708007812,129.5899658203125,12.67742919921875,51.17449951171875,1.2753092960338108e-05
1290,47.72355270385742,157.9843292236328,21.100894927978516,50.81036376953125,1.219750288328214e-06
1290,91.0260009765625,169.51365661621094,21.751556396484375,50.643035888671875,2.3787190457369434e-06
1290,241.06764221191406,172.01101684570312,22.647354125976562,53.9974365234375,5.622565595331253e-07
1320,54.13179397583008,162.9815216064453,26.412120819091797,59.87469482421875,5.789195711258799e-05
1320,64.37992858886719,165.65133666992188,22.108047485351562,51.767303466796875,1.130647706304444e-05
1320,80.33026123046875,166.87486267089844,21.128860473632812,50.578704833984375,1.4586482393497135e-05
1320,482.3123779296875,172.8992462158203,23.3018798828125,54.358551025390625,7.852294402255211e-06
1320,73.42527770996094,170.61976623535156,24.244735717773438,56.160430908203125,4.115133378945757e-06
1320,489.827392578125,177.77798461914062,21.9439697265625,51.46893310546875,0.00026140385307371616
1320,627.9844970703125,174.6658172607422,12.5155029296875,57.079132080078125,6.5615909079497214e-06
1320,41.616607666015625,150.4756622314453,36.22705078125,92.32015991210938,1.5226107734633842e-06
1350,459.18487548828125,143.06607055664062,31.907958984375,76.7886962890625,2.562895679147914e-05
1350,515.04248046875,27.259719848632812,125.45751953125,334.14276123046875,1.7170594901472214e-06
1350,434.63507080078125,117.0376968383789,49.82745361328125,119.14104461669922,1.4768661458219867e-06
1350,470.45538330078125,149.9197540283203,23.4647216796875,55.3406982421875,5.35295985173434e-05
1350,62.83416748046875,162.71127319335938,21.6251220703125,51.1015625,0.0004357208381406963
1350,437.6054992675781,150.28317260742188,35.81085205078125,80.16204833984375,1.9541439542081207e-06
1350,449.7893981933594,148.93170166015625,31.80810546875,75.54534912109375,0.0001834150025388226
1350,464.5378723144531,156.78079223632812,22.1480712890625,52.255096435546875,0.0002627168141771108
1350,0.0,164.8151092529297,13.788474082946777,52.882354736328125,7.298286163859302e-06
1350,0.0,153.87957763671875,19.607833862304688,77.48153686523438,1.637814420973882e-05
1350,42.73225021362305,169.03012084960938,23.389301300048828,56.104217529296875,1.3979461073176935e-06
1350,56.58908462524414,166.64584350585938,21.919239044189453,52.060302734375,0.002036874881014228
1350,71.81632232666016,166.35629272460938,20.693069458007812,51.275421142578125,6.446742645493941e-06
1350,152.25363159179688,168.34271240234375,22.89617919921875,53.366668701171875,1.8031380022875965e-05
1350,546.494140625,102.98947143554688,86.578369140625,212.98114013671875,3.230593847547425e-06
1350,595.043701171875,167.07810974121094,32.3970947265625,75.52117919921875,9.149754987447523e-06
1350,0.0,133.05519104003906,29.38584327697754,128.9010467529297,5.161558874533512e-06
1350,50.58515548706055,172.00408935546875,22.68417739868164,53.742279052734375,0.0001557741197757423
1350,572.30517578125,155.06362915039062,42.3482666015625,98.43081665039062,1.945801886904519e-05
1350,601.1658935546875,181.18087768554688,21.5777587890625,50.99041748046875,4.6662873501190916e-05
1350,607.1901245117188,176.29249572753906,24.709228515625,57.67755126953125,1.7863969333120622e-05
1350,616.6793212890625,176.84085083007812,23.8206787109375,56.293182373046875,6.524463969981298e-06
1350,589.9489135742188,97.73736572265625,50.55108642578125,237.202880859375,4.971943326381734e-06
1350,0.0,187.0030517578125,13.411368370056152,51.086456298828125,4.2482824937906116e-05
1350,0.0,183.7993621826172,23.741397857666016,58.236785888671875,2.434491580061149e-05
1350,7.890142440795898,185.8193817138672,21.31435775756836,50.892822265625,1.686417635937687e-05
1350,57.897125244140625,165.16146850585938,31.595382690429688,75.4434814453125,1.4883194126014132e-05
1350,456.08734130859375,171.3661651611328,23.5357666015625,56.80364990234375,2.479028353263857e-06
1350,583.1911010742188,186.14027404785156,25.7386474609375,58.059417724609375,2.567954197729705e-06
1350,590.5267333984375,181.74856567382812,27.48291015625,64.86993408203125,7.499576167901978e-05
1350,627.1610107421875,184.6121063232422,13.3389892578125,50.57342529296875,3.9716385799692944e-05
1350,43.76530456542969,171.93362426757812,32.07361602783203,76.65252685546875,2.319909754078253e-06
1350,622.3280639648438,183.32443237304688,18.17193603515625,77.75738525390625,6.217014288267819e-06
1380,113.8321533203125,171.3560791015625,23.194732666015625,54.293609619140625,5.280656296235975e-06
1380,127.54185485839844,173.01402282714844,22.854034423828125,53.20361328125,1.570051972521469e-05
1380,31.554767608642578,175.41969299316406,23.984519958496094,56.978668212890625,1.0011334552473272e-06
1380,41.195533752441406,175.5050048828125,21.104530334472656,50.64862060546875,6.5202839323319495e-06
1380,47.8719367980957,175.21299743652344,23.281147003173828,56.166717529296875,1.0740575817180797e-05
1380,55.6827392578125,176.10525512695312,23.477981567382812,55.061187744140625,2.0892464362987084e-06
1380,63.781890869140625,176.38656616210938,23.822616577148438,55.182220458984375,1.513089046056848e-06
1380,71.96748352050781,175.2093505859375,23.22271728515625,54.497955322265625,5.743082965636859e-06
1380,120.46755981445312,175.44589233398438,23.26678466796875,54.5894775390625,2.0080400645383634e-05
1410,238.75022888183594,151.49179077148438,21.333175659179688,51.186187744140625,0.00026461604284122586
1410,0.0,161.10108947753906,16.45949935913086,55.544281005859375,6.0158032283652574e-05
1410,0.0,173.65570068359375,23.702678680419922,59.1881103515625,3.848258984362474e-06
1410,0.0,182.89552307128906,13.67654800415039,52.632293701171875,9.919955118675716e-06
1440,274.309326171875,153.17457580566406,21.87884521484375,52.2569580078125,0.0004214927612338215
1440,290.8751220703125,151.19512939453125,21.28912353515625,51.42510986328125,9.534068681205099e-07
1440,32.38681411743164,184.05410766601562,21.215972900390625,51.0435791015625,2.8956048936379375e-06
1440,40.55072784423828,184.44866943359375,21.073768615722656,51.75836181640625,2.382778575338307e-06
1440,616.5714111328125,193.9012451171875,22.1165771484375,51.07293701171875,1.0396733159723226e-05
1440,626.8004150390625,191.67971801757812,13.6995849609375,55.07696533203125,7.870910849305801e-06
1470,128.506591796875,164.0884552001953,21.761474609375,51.4586181640625,6.52972303214483e-05
1470,6.901303291320801,170.66763305664062,23.60317611694336,55.7645263671875,1.9675309886224568e-05
1470,0.6442804336547852,175.63343811035156,23.430335998535156,55.49957275390625,4.758144496008754e-05
1470,0.0,183.45274353027344,13.86069393157959,51.75433349609375,5.886400231247535e-06
1470,512.5804443359375,228.861328125,22.389404296875,53.4039306640625,3.943596675526351e-05
1470,519.140625,225.62571716308594,23.993896484375,55.17765808105469,2.6417844765092013e-06
1500,429.4386291503906,152.12789916992188,23.124755859375,54.200347900390625,5.468418748932891e-07
1500,423.9244384765625,159.2615203857422,22.2030029296875,52.45635986328125,0.001124878996051848
1500,420.4839782714844,161.28981018066406,31.96722412109375,75.25790405273438,4.5740839027530455e-07
1530,527.9500122070312,65.08927154541016,21.857666015625,53.750030517578125,0.00014157796977087855
1530,522.806640625,68.9057388305664,31.080322265625,74.4798812866211,6.061149179004133e-06
1530,194.51947021484375,152.98483276367188,21.358154296875,51.97503662109375,5.223905191087397e-06
1530,9.779866218566895,158.55410766601562,21.52199935913086,50.70623779296875,4.291779987397604e-05
1530,22.744518280029297,160.32859802246094,21.793312072753906,51.92254638671875,0.00030985951889306307
1530,397.43743896484375,156.84042358398438,23.4801025390625,56.17462158203125,8.251494000433013e-05
1530,404.93585205078125,156.74810791015625,24.19677734375,56.8427734375,0.9999409914016724
1530,17.068593978881836,165.5915985107422,21.58097267150879,50.592803955078125,0.0001563868427183479
1530,386.8251953125,127.49633026123047,46.9925537109375,100.05460357666016,2.1488126833446586e-07
1530,340.08795166015625,114.84088134765625,128.84991455078125,276.09674072265625,1.2403768778312951e-05
1530,7.271240234375,158.17242431640625,29.950218200683594,72.20669555664062,2.30627279051987e-06
1530,413.96875,159.83206176757812,23.32269287109375,55.782958984375,5.938729373156093e-05
1560,627.6815795898438,118.40057373046875,12.81842041015625,50.73272705078125,2.510533249733271e-06
1560,0.0,127.06993865966797,15.085700035095215,51.366233825683594,2.8948816179763526e-06
1560,0.0,99.81553649902344,22.659727096557617,100.76284790039062,4.344283752288902e-06
1560,618.4798583984375,134.07843017578125,20.985595703125,51.351043701171875,1.0340763765270822e-05
1560,0.0,141.6696319580078,17.553997039794922,53.010498046875,0.00015298830112442374
1560,6.179438591003418,144.50038146972656,21.800159454345703,51.39263916015625,0.00021141434262972325
1560,626.6294555664062,138.122314453125,13.87054443359375,54.597198486328125,7.450967677868903e-05
1560,609.1781616210938,146.92291259765625,21.4749755859375,51.917633056640625,1.611669358680956e-05
1560,0.0,89.60356903076172,39.584449768066406,219.56613159179688,5.0052362894348335e-06
1560,1.4572677612304688,153.58522033691406,21.608409881591797,51.78759765625,0.060089025646448135
1560,0.0,139.66195678710938,30.17745590209961,81.78530883789062,3.1491461413679644e-05
1560,0.0,98.81330871582031,66.42239379882812,290.67333984375,3.246416099500493e-06
1560,354.9502868652344,154.2295379638672,21.17169189453125,52.193084716796875,4.5043989302939735e-06
1560,369.9229736328125,155.30819702148438,26.39276123046875,63.080169677734375,0.9999891519546509
1560,595.15380859375,149.32911682128906,31.74462890625,75.036865234375,7.512469892390072e-06
1560,618.1613159179688,128.47360229492188,22.33868408203125,100.35125732421875,1.7318821846856736e-05
1560,593.4694213867188,85.71424102783203,47.03057861328125,228.47442626953125,1.2562180927488953e-05
1560,13.422220230102539,156.4727783203125,24.5445613861084,56.814697265625,8.820004950393923e-06
1560,364.826416015625,158.85018920898438,22.67230224609375,52.084014892578125,0.0007271799258887768
1560,310.2406921386719,119.30979919433594,124.44940185546875,272.25689697265625,1.4189983630785719e-05
1560,380.430908203125,157.94053649902344,23.9013671875,56.392547607421875,0.001812853617593646
1560,391.93914794921875,156.4783935546875,23.019287109375,53.7965087890625,1.3339257748157252e-05
1560,578.4181518554688,161.45033264160156,21.033935546875,51.05718994140625,5.132695514475927e-05
1560,590.6343383789062,158.22079467773438,25.6107177734375,60.941619873046875,0.000462094962131232
1560,599.7549438476562,159.580322265625,22.062744140625,53.444976806640625,1.5789803001098335e-05
1560,605.718505859375,155.8058319091797,27.2625732421875,63.33355712890625,5.539195171877509e-06
1560,599.9878540039062,141.82968139648438,39.84423828125,98.13497924804688,6.939849754417082e-06
1560,625.1622924804688,155.34361267089844,15.33770751953125,63.57391357421875,1.5934903785819188e-05
1560,0.0,161.4976348876953,16.282337188720703,53.098602294921875,0.0002593495592009276
1560,7.574544906616211,160.9492950439453,21.76586151123047,52.079559326171875,0.0001276375405723229
1560,584.6897583007812,162.9390411376953,22.9505615234375,55.621978759765625,0.00010376214049756527
1560,359.6166076660156,149.72972106933594,33.9464111328125,82.59884643554688,3.011383341799956e-06
1560,573.8742065429688,161.1571044921875,31.667236328125,75.03875732421875,2.8400425435393117e-05
1560,582.4884643554688,152.68661499023438,37.241943359375,89.8563232421875,7.518604888900882e-06
1560,626.8772583007812,177.57666015625,13.62274169921875,52.508819580078125,5.214672000874998e-06
1590,473.3072814941406,145.9535369873047,20.65264892578125,50.613739013671875,3.4327065350225894e-06
1590,480.2630310058594,150.91586303710938,21.25592041015625,50.626953125,4.254233863321133e-05
1590,487.5178527832031,149.38792419433594,22.89996337890625,54.3277587890625,1.7065901829482755e-06
1590,17.72745132446289,162.43299865722656,21.99764633178711,52.716217041015625,0.0005074222572147846
1590,64.09884643554688,155.19508361816406,22.316688537597656,51.232635498046875,0.00024243014922831208
1590,465.4547424316406,157.16802978515625,22.39874267578125,53.794647216796875,3.083487899857573e-05
1590,471.00286865234375,154.54705810546875,26.01617431640625,60.332244873046875,0.00031333911465480924
1590,10.603156089782715,165.55690002441406,21.153362274169922,50.648040771484375,0.00020927441073581576
1590,21.15441131591797,160.7100372314453,27.35932159423828,65.06512451171875,2.0579745978466235e-06
1590,463.474853515625,139.78445434570312,36.26605224609375,87.02191162109375,3.3558210361661622e-06
1590,0.0,168.22262573242188,15.508308410644531,55.98480224609375,9.62812191573903e-06
1590,3.2340545654296875,168.42300415039062,21.486494064331055,52.063507080078125,9.828023394220509e-06
1590,0.0,85.42149353027344,83.85443115234375,308.11981201171875,1.8130069747712696e-06
1590,627.59033203125,249.19789123535156,12.90966796875,50.52912902832031,1.598944618308451e-05
1620,627.786376953125,117.45668029785156,12.713623046875,51.756134033203125,1.2182355021650437e-05
1620,599.6925048828125,134.01895141601562,23.802490234375,56.422027587890625,6.327565188257722e-06
1620,604.7957763671875,123.67254638671875,31.0418701171875,73.1234130859375,5.29605358678964e-06
1620,618.03466796875,134.12681579589844,21.2879638671875,50.86444091796875,1.8362601622357033e-05
1620,619.3599853515625,106.24966430664062,21.1400146484375,93.3096923828125,3.6627102417696733e-06
1620,589.2891845703125,48.734039306640625,51.2108154296875,241.42181396484375,2.742241576925153e-06
1620,609.7223510742188,139.95372009277344,21.223876953125,50.57427978515625,1.3296569704834837e-05
1620,626.9993896484375,138.65225219726562,13.5006103515625,50.607757568359375,0.0002707898383960128
1620,33.096580505371094,151.26400756835938,21.870887756347656,52.481414794921875,0.0001896047469926998
1620,143.30929565429688,158.33056640625,22.567718505859375,54.41650390625,0.0014187170891091228
1620,152.42454528808594,155.96505737304688,20.999603271484375,50.55322265625,1.923530908243265e-05
1620,169.18417358398438,154.5397491455078,21.196807861328125,50.748382568359375,1.4823134733887855e-05
1620,176.2021942138672,152.7814483642578,21.455047607421875,51.50189208984375,1.9990791315649403e-06
1620,210.62039184570312,152.48831176757812,20.711761474609375,51.303802490234375,1.77641813934315e-05
1620,228.7677459716797,151.19277954101562,21.210601806640625,50.7655029296875,0.0003403669979888946
1620,177.60543823242188,124.75184631347656,128.2919921875,269.5240478515625,8.310029443237e-06
1620,243.6458740234375,148.8001251220703,25.65582275390625,63.195465087890625,0.01803331822156906
1620,254.03585815429688,148.90206909179688,24.5048828125,59.384307861328125,4.850514596910216e-05
1620,25.502798080444336,156.8194580078125,25.141237258911133,59.743682861328125,5.894893183722161e-05
1620,25.55052947998047,138.22463989257812,36.314537048339844,86.84030151367188,0.04530780017375946
1620,161.26754760742188,157.01959228515625,21.360565185546875,51.9931640625,3.828955414064694e-06
1620,216.47607421875,155.4320526123047,25.42962646484375,59.8006591796875,0.00012472018715925515
1620,233.5863800048828,151.2508544921875,26.473281860351562,62.592926025390625,0.893684983253479
1620,626.7640991210938,152.83102416992188,13.73590087890625,58.6298828125,5.911738298891578e-06
1620,8.5833101272583,170.46337890625,22.006011962890625,52.409027099609375,1.38772556965705e-05
1620,3.4679174423217773,178.57980346679688,21.407455444335938,51.807525634765625,1.0375545571150724e-05
1620,224.48483276367188,157.86766052246094,28.084564208984375,67.34698486328125,3.2851927244337276e-05
1620,240.03115844726562,167.64910888671875,22.71075439453125,51.25604248046875,1.1376370821380988e-05
1620,0.0,183.31097412109375,15.738568305969238,55.740966796875,3.2012069368647644e-06
1620,224.93316650390625,144.22015380859375,38.833282470703125,95.21023559570312,8.767690815147944e-06
1650,129.69754028320312,103.53364562988281,82.89450073242188,199.7795867919922,4.8938312829704955e-05
1650,628.048583984375,138.2913055419922,12.451416015625,50.556976318359375,7.634019311808515e-06
1650,157.5567626953125,152.1394500732422,27.6739501953125,66.49136352539062,1.3488042895914987e-06
1650,165.0823211669922,154.6959686279297,37.71295166015625,86.25503540039062,0.0007286792388185859
1650,178.68527221679688,158.00021362304688,27.743865966796875,66.73297119140625,2.4634618966956623e-06
1650,189.8135223388672,158.63075256347656,25.6396484375,57.979736328125,1.553853326186072e-05
1650,133.4443359375,157.19961547851562,31.141998291015625,74.71701049804688,1.074365991371451e-05
1650,142.3396453857422,154.3278045654297,35.985870361328125,85.11260986328125,2.014795973082073e-05
1650,152.49615478515625,151.27093505859375,39.757965087890625,96.14569091796875,0.9999995231628418
1650,167.82687377929688,166.89540100097656,23.576690673828125,54.446807861328125,9.498131134932919e-07
1650,154.77352905273438,168.60897827148438,22.6903076171875,53.6114501953125,1.8566312292023213e-06
1650,161.43917846679688,173.4661407470703,22.518768310546875,54.999786376953125,1.3290966762724565e-06
1650,600.6961669921875,359.7958068847656,39.8038330078125,120.70419311523438,6.895556452946039e-06
1680,626.6840209960938,144.59823608398438,13.81597900390625,52.2371826171875,6.491241947514936e-06
1680,5.549428939819336,160.86187744140625,26.7342529296875,63.584625244140625,0.00016084796516224742
1680,55.58155059814453,164.11965942382812,24.039962768554688,55.697784423828125,6.605249041058414e-07
1680,0.0,162.98963928222656,17.49388313293457,61.244110107421875,7.663454016437754e-05
1680,0.0,140.3745880126953,22.99020767211914,94.29867553710938,2.5522713258396834e-05
1680,14.178504943847656,162.9795684814453,26.051406860351562,61.156524658203125,1.3103005585435312e-05
1680,29.441452026367188,124.45970153808594,79.65422058105469,181.0308380126953,4.9115602450910956e-05
1680,24.14697265625,146.3648681640625,105.33123779296875,253.08428955078125,4.628372778370249e-07
1680,61.021583557128906,168.0347900390625,25.801361083984375,60.6524658203125,1.1231273902012617e-06
1680,448.26104736328125,154.63255310058594,21.72216796875,51.970794677734375,1.0873598512262106e-05
1680,2.648867607116699,178.3295135498047,21.229942321777344,51.311126708984375,0.024759560823440552
1680,87.17488098144531,172.75547790527344,22.209686279296875,52.826507568359375,4.0557428292231634e-05
1680,0.0,101.92906951904297,39.53172302246094,230.07498168945312,5.12571523358929e-06
1680,77.40794372558594,179.627685546875,24.672378540039062,58.040435791015625,2.3735026388749247e-06
1680,78.49678039550781,168.03372192382812,34.398223876953125,82.55587768554688,1.2061481356795412e-05
1680,0.0,111.57579040527344,58.891719818115234,300.28277587890625,5.696052994608181e-06
1680,30.696897506713867,165.57748413085938,34.7069091796875,84.56246948242188,6.985334266573773e-07
1680,57.96493148803711,181.91734313964844,21.315937042236328,50.936126708984375,1.6709675037418492e-05
1680,53.8221549987793,178.48219299316406,30.431537628173828,72.69744873046875,3.85865532734897e-05
1680,49.25514221191406,164.22682189941406,44.220794677734375,106.48042297363281,0.999996542930603
1680,67.78655242919922,180.75259399414062,28.215545654296875,67.40167236328125,4.633363914763322e-06
1680,0.0,185.5462188720703,16.936058044433594,53.64111328125,0.0002402973477728665
1680,38.4979248046875,170.03244018554688,39.42517852783203,97.51263427734375,8.32675868878141e-05
1680,65.14116668701172,189.40737915039062,21.878738403320312,52.2794189453125,1.3927908639743691e-06
1680,65.56548309326172,172.47604370117188,39.52734375,95.98211669921875,0.532330334186554
1680,60.56427001953125,188.90487670898438,30.636642456054688,74.02178955078125,9.92122181742161e-07
1680,602.2359008789062,362.9160461425781,38.26409912109375,117.58395385742188,3.840541012323229e-06
1710,7.272605895996094,138.53819274902344,24.451210021972656,56.59588623046875,8.7075459305197e-06
1710,425.0694274902344,145.89048767089844,23.0023193359375,53.86578369140625,2.259964639961254e-05
1710,0.0,128.7689208984375,22.947681427001953,95.6502685546875,1.0907467185461428e-05
1710,2.601621627807617,153.91534423828125,21.333850860595703,50.80755615234375,0.00030256464378908277
1710,0.0,155.94004821777344,15.040580749511719,55.76416015625,0.0002630451344884932
1710,15.352058410644531,157.0795135498047,22.728687286376953,54.903228759765625,7.892513167462312e-06
1710,8.259098052978516,163.3714141845703,21.834671020507812,51.017181396484375,4.642115527531132e-05
1710,3.214841842651367,155.86392211914062,30.610963821411133,72.99908447265625,1.4527397979691159e-05
1710,24.039352416992188,167.65330505371094,21.061012268066406,50.63055419921875,5.166749815543881e-06
1710,0.0,161.6352996826172,18.957212448120117,78.33096313476562,2.2286443709162995e-05
1710,0.0,142.7469482421875,32.206581115722656,139.77017211914062,1.884094308479689e-05
1710,0.0,126.84222412109375,46.2265510559082,218.4180908203125,1.9432131011853926e-05
1710,627.5482177734375,201.0105438232422,12.9517822265625,52.532928466796875,9.765417416929267e-06
1710,0.0,184.88421630859375,22.71906852722168,105.98422241210938,1.4628942153649405e-05
1710,0.0,225.9906005859375,16.91709327697754,57.89306640625,3.68985342902306e-06
1710,601.9091186523438,360.912841796875,38.59088134765625,119.587158203125,6.134853265393758e-06
1740,627.87646484375,146.85008239746094,12.62353515625,51.521209716796875,2.8915044367749942e-06
1740,423.8240966796875,153.99757385253906,23.403076171875,54.549285888671875,1.4661624845757615e-05
1740,417.45233154296875,158.4232940673828,21.19989013671875,50.97747802734375,1.626439029678295e-06
1740,432.11376953125,161.16668701171875,23.4622802734375,54.62646484375,3.564584767445922e-05
1740,0.0,170.69134521484375,14.371648788452148,50.64031982421875,1.8670094505068846e-05
1740,7.582772254943848,166.6275634765625,23.356651306152344,56.8905029296875,0.00015370594337582588
1740,0.6604537963867188,176.5141143798828,23.3912353515625,55.39453125,0.00015476380940526724
1740,16.240068435668945,177.88990783691406,20.764158248901367,50.59637451171875,8.0553611041978e-05
1740,10.788883209228516,165.88270568847656,30.117691040039062,73.16146850585938,9.371227861265652e-06
1740,24.20065689086914,178.81971740722656,21.11188507080078,51.29864501953125,6.507908437924925e-06
1740,0.0,107.3538818359375,45.63480758666992,223.84918212890625,7.702812581555918e-06
1740,0.0,190.5001983642578,16.532102584838867,55.692138671875,1.465322475269204e-05
1740,590.9351196289062,201.4331512451172,25.2763671875,58.97383117675781,1.635605485716951e-06
1770,433.5012512207031,157.1639404296875,22.7760009765625,54.1356201171875,5.444141152111115e-06
1770,1.9874143600463867,164.74191284179688,22.493122100830078,52.649017333984375,1.4536115486407652e-05
1770,440.8143005371094,160.4404754638672,23.237060546875,53.913116455078125,0.00018072490638587624
1770,0.0,167.24667358398438,15.93946647644043,57.177337646484375,1.3911201676819474e-05
1770,627.693359375,170.90342712402344,12.806640625,50.808319091796875,8.764505764702335e-06
1770,7.57037353515625,174.6651153564453,23.92953109741211,57.55780029296875,1.1055146387661807e-05
1770,15.381103515625,174.67886352539062,24.16057586669922,58.059173583984375,4.958419594913721e-06
1770,0.0,181.0013427734375,24.96647834777832,58.479766845703125,1.0039854714705143e-05
1770,24.663833618164062,184.47476196289062,21.182411193847656,51.146484375,5.1566566980909556e-05
1770,32.60002136230469,187.00253295898438,20.987411499023438,50.538848876953125,1.3195688552514184e-05
