60,555.0162963867188,32.845947265625,22.502197265625,51.198814392089844,1.150388811765879e-06
60,472.1542053222656,178.5296630859375,21.825439453125,51.402587890625,7.934458153613377e-06
90,0.0,168.61244201660156,14.812421798706055,55.541046142578125,4.206434368825285e-06
90,584.1384887695312,179.00491333007812,21.3621826171875,52.289886474609375,1.3034794392297044e-05
90,600.7090454101562,367.06597900390625,39.79095458984375,113.43402099609375,4.138266831432702e-06
120,541.4903564453125,142.20730590820312,32.1705322265625,78.39041137695312,4.992721642338438e-06
120,2.2080307006835938,176.06776428222656,20.812763214111328,50.669677734375,5.42986708751414e-06
120,551.712646484375,163.52401733398438,21.4444580078125,51.62518310546875,4.41103793491493e-06
120,628.0202026367188,172.1919403076172,12.47979736328125,50.516845703125,5.259526915324386e-06
120,0.0,178.79486083984375,15.18301773071289,52.571441650390625,2.0964293071301654e-05
150,526.0661010742188,143.52801513671875,25.278564453125,58.71044921875,0.00010440281039336696
150,520.05419921875,132.53866577148438,36.14697265625,84.87176513671875,7.0126734499353915e-06
150,505.8599548339844,155.16285705566406,21.905609130859375,50.872344970703125,2.9377499686233932e-06
150,512.1446533203125,152.84042358398438,23.05224609375,54.84918212890625,3.3318435725959716e-06
150,521.6238403320312,149.8406219482422,21.2720947265625,51.329345703125,3.669934085337445e-05
150,533.5487060546875,148.39292907714844,25.27587890625,58.765350341796875,1.7181182556669228e-05
180,601.9390258789062,74.98249053955078,22.0067138671875,51.491119384765625,6.007572665112093e-06
180,626.3128662109375,69.10281372070312,14.1871337890625,58.09617614746094,4.05701848649187e-06
180,592.437255859375,73.3031234741211,33.47705078125,80.21515655517578,3.6084831663174555e-05
180,605.977294921875,82.92388916015625,25.452392578125,60.87867736816406,0.0010141636012122035
180,593.67626953125,71.106201171875,46.82373046875,120.7525634765625,8.890554454410449e-06
180,615.0407104492188,87.06069946289062,23.409423828125,56.052459716796875,3.332180858706124e-05
180,625.263427734375,85.58343505859375,15.236572265625,62.79066467285156,4.7066878323676065e-05
180,616.6045532226562,70.89407348632812,23.89544677734375,100.68309020996094,6.554011633852497e-06
180,590.0320434570312,32.434593200683594,50.46795654296875,225.755126953125,2.0199557184241712e-05
180,601.720458984375,86.8150634765625,34.5325927734375,81.11460876464844,0.00029927119612693787
180,625.2739868164062,106.82073211669922,15.22601318359375,64.2575454711914,9.005892025015783e-06
180,610.2401123046875,86.54118347167969,30.2598876953125,137.9859619140625,9.563123057887424e-06
180,623.0084228515625,142.99925231933594,17.4915771484375,76.59417724609375,8.23717982711969e-06
180,627.195068359375,163.10516357421875,13.304931640625,50.704559326171875,1.4402612578123808e-05
180,0.0,177.80422973632812,15.14909553527832,54.73663330078125,2.9395963792921975e-05
180,627.9887084960938,180.7899932861328,12.51129150390625,59.161346435546875,4.2955180106218904e-06
210,616.7056884765625,182.32260131835938,23.053466796875,54.002532958984375,7.453127909684554e-05
210,626.7656860351562,187.01483154296875,13.73431396484375,55.58258056640625,9.420842616236769e-06
240,322.955322265625,153.50360107421875,23.16986083984375,55.21343994140625,7.204793655546382e-05
240,335.9812316894531,155.42385864257812,22.88525390625,55.335418701171875,4.124318002141081e-05
240,330.6799621582031,160.7732391357422,20.93890380859375,50.7001953125,9.783708082977682e-05
240,343.1680603027344,162.34864807128906,20.94378662109375,51.0592041015625,6.597281299036695e-06
270,324.0392761230469,160.2586669921875,21.1644287109375,51.136444091796875,2.34601156989811e-06
270,334.64019775390625,164.13572692871094,21.42633056640625,51.828887939453125,0.00029700578306801617
270,482.53594970703125,159.53997802734375,35.074462890625,78.12887573242188,4.091366008651676e-06
270,485.3994140625,175.42355346679688,22.29425048828125,53.791107177734375,1.968210381164681e-05
270,477.3783264160156,139.00157165527344,52.041900634765625,112.32656860351562,2.1261664642224787e-06
270,426.1416320800781,122.98948669433594,135.92715454101562,282.059814453125,1.1842687854368705e-05
270,493.9892883300781,178.2283477783203,21.628753662109375,51.068145751953125,0.9999785423278809
270,501.42425537109375,181.4672393798828,21.5494384765625,52.25494384765625,8.553014049539343e-05
270,490.3961181640625,178.56155395507812,30.42950439453125,71.63546752929688,0.0001517660857643932
300,320.7809143066406,153.89639282226562,21.02392578125,50.5196533203125,0.00010876480519073084
300,0.0,168.0970001220703,13.927644729614258,53.411895751953125,1.0469154403836e-05
300,572.2789916992188,178.79624938964844,25.103759765625,60.4915771484375,1.4186464795784559e-05
300,579.443603515625,175.4997100830078,28.874755859375,69.32916259765625,0.9999998807907104
300,527.01611328125,138.38681030273438,113.48388671875,287.35986328125,1.933959538291674e-06
300,588.5768432617188,180.94740295410156,25.768310546875,57.07000732421875,2.296634738740977e-05
300,571.2137451171875,161.24403381347656,41.9649658203125,95.85429382324219,4.228826128382934e-06
330,322.6962585449219,160.39736938476562,20.85540771484375,50.761688232421875,1.295375022891676e-05
330,520.9847412109375,180.0037384033203,22.54443359375,53.319915771484375,1.7172543493870762e-06
330,528.3199462890625,179.13621520996094,22.5439453125,53.758453369140625,3.2225439099420328e-06
360,323.9551696777344,154.613037109375,21.24444580078125,50.616943359375,0.001604124321602285
360,315.77520751953125,156.49900817871094,20.7120361328125,50.75323486328125,3.893854227499105e-06
390,315.61737060546875,147.17849731445312,22.0216064453125,52.775421142578125,3.6298322356742574e-06
390,322.93695068359375,150.6313018798828,21.62255859375,51.003265380859375,0.006009050644934177
390,384.88372802734375,176.70790100097656,21.03955078125,50.699951171875,8.100338163785636e-06
420,308.5980224609375,144.13319396972656,21.05389404296875,51.20367431640625,1.7854568795883097e-05
420,316.6219177246094,143.98403930664062,21.490234375,51.44146728515625,0.0006698619108647108
420,323.65496826171875,142.9529571533203,21.44384765625,50.757904052734375,0.3789454996585846
420,315.1829528808594,129.8394012451172,35.61260986328125,79.46652221679688,1.0496229378986754e-06
420,257.6612243652344,85.9425048828125,130.8050537109375,284.6699523925781,3.894225301337428e-06
420,332.899169921875,141.6597900390625,22.14862060546875,54.18328857421875,4.971235466655344e-05
420,416.5371398925781,171.11778259277344,20.95648193359375,50.980926513671875,1.1262646694376599e-05
420,0.0,176.445556640625,13.58687686920166,53.2540283203125,1.4696846847073175e-05
420,410.1402587890625,176.44557189941406,22.5723876953125,54.9835205078125,5.475445050251437e-06
450,305.7975769042969,139.711669921875,21.6141357421875,52.7333984375,8.61144726513885e-05
450,323.6273193359375,139.1287841796875,21.69183349609375,51.159454345703125,0.09305708110332489
450,315.2469787597656,141.6560516357422,21.64520263671875,51.38031005859375,0.0002698869211599231
450,332.9029541015625,138.4483642578125,21.95684814453125,53.7501220703125,1.1583899322431535e-05
450,0.0,166.68936157226562,15.212202072143555,56.17266845703125,5.984653398627415e-06
480,327.3949890136719,137.37301635742188,22.47149658203125,53.24188232421875,6.860829307697713e-05
480,304.6580810546875,144.09068298339844,21.13934326171875,51.77764892578125,1.8098447981174104e-05
480,313.737548828125,142.47860717773438,21.76025390625,52.029693603515625,4.782203905051574e-05
480,321.3358459472656,142.66551208496094,21.43280029296875,52.326263427734375,3.555259172571823e-05
480,480.01849365234375,157.99740600585938,22.9381103515625,53.8900146484375,3.493437134238775e-06
480,24.59521484375,172.88348388671875,21.887123107910156,52.03466796875,1.7318458048976026e-05
480,498.5611267089844,162.6800537109375,21.895355224609375,51.623443603515625,7.437849376401573e-07
480,0.0,175.87677001953125,14.916358947753906,55.0001220703125,3.4115714697691146e-06
510,321.0421447753906,134.52102661132812,22.55645751953125,53.535888671875,0.00012633488222490996
510,314.8658447265625,139.51385498046875,22.45538330078125,53.25054931640625,1.5861780411796644e-05
510,8.537590026855469,153.0291290283203,20.919559478759766,50.825225830078125,2.824406692525372e-05
510,328.0261535644531,141.18817138671875,22.1336669921875,52.456878662109375,6.250866590562509e-06
510,0.0,126.842529296875,23.381925582885742,101.54168701171875,2.7495739232108463e-06
510,0.0,82.82498931884766,47.5828971862793,224.72219848632812,3.6414437545317924e-06
510,2.4332313537597656,157.71022033691406,21.80699348449707,51.58953857421875,2.8155780455563217e-05
510,0.0,159.00796508789062,15.769783973693848,55.91064453125,2.228758967248723e-05
510,616.6412963867188,162.441650390625,23.85870361328125,56.921905517578125,4.9825380301626865e-06
510,627.6331176757812,163.40199279785156,12.86688232421875,50.534027099609375,1.1459801498858724e-05
510,627.2081909179688,181.38185119628906,13.29180908203125,58.872802734375,1.4128421753412113e-05
540,329.27154541015625,127.65909576416016,23.52056884765625,54.15367889404297,1.8917642591986805e-05
540,335.5747375488281,137.41650390625,21.71575927734375,52.2469482421875,6.668060905212769e-06
540,0.0,137.47747802734375,15.31558609008789,52.49334716796875,2.1452475266414694e-05
540,288.29156494140625,150.23574829101562,21.39337158203125,50.72344970703125,1.1315538358758204e-05
570,366.05645751953125,133.19960021972656,23.50201416015625,54.776763916015625,1.876120950328186e-05
570,0.0,129.7814178466797,15.764719009399414,52.780364990234375,7.447067036991939e-05
570,360.88702392578125,139.43959045410156,21.500244140625,51.564544677734375,0.0025822827592492104
570,339.67822265625,141.2359619140625,22.51702880859375,52.4439697265625,9.90977923720493e-07
570,347.5393371582031,144.83819580078125,21.48162841796875,51.9769287109375,5.867698200745508e-05
570,354.4755859375,144.3646240234375,21.30267333984375,51.117828369140625,0.0003260047233197838
570,561.3425903320312,153.3435516357422,23.1358642578125,55.097259521484375,9.360590411233716e-06
570,568.8318481445312,158.97793579101562,23.2344970703125,55.135589599609375,2.4095791104628006e-06
600,410.1297607421875,120.75978088378906,21.99859619140625,53.669097900390625,7.702709808654618e-06
600,417.6976013183594,119.60054779052734,21.32537841796875,50.541648864746094,4.314909801905742e-06
600,411.7261962890625,118.5166015625,30.38104248046875,71.56829833984375,0.0007687803008593619
600,428.4874572753906,121.24502563476562,27.01373291015625,60.21875,9.62741432886105e-06
600,421.7568054199219,129.2868194580078,25.92681884765625,60.05303955078125,0.004938730038702488
600,0.0,135.5400390625,15.932594299316406,53.800994873046875,8.965086635726038e-06
600,405.2317199707031,129.12747192382812,28.178955078125,67.71209716796875,0.024570642039179802
600,393.82440185546875,109.81399536132812,44.44580078125,105.26083374023438,7.517282210756093e-05
600,430.3074951171875,139.49569702148438,22.03704833984375,52.985443115234375,0.0002711621345952153
600,394.19757080078125,148.17190551757812,21.1600341796875,51.026947021484375,5.24340566698811e-06
600,400.8519592285156,143.20401000976562,25.95196533203125,62.24322509765625,6.164296064525843e-05
630,417.0921936035156,42.88500213623047,21.94427490234375,51.663299560546875,2.9323671697056852e-05
630,0.0,139.043701171875,14.06734561920166,52.46942138671875,4.11054388678167e-05
630,542.8543090820312,124.98919677734375,36.5849609375,91.33370971679688,3.3701187476253835e-06
630,536.8088989257812,152.18905639648438,22.889892578125,54.655029296875,4.019456901005469e-05
630,544.518310546875,145.20692443847656,22.489013671875,53.75372314453125,1.7217415006598458e-05
630,550.26318359375,142.4766387939453,26.6214599609375,61.8814697265625,2.8724012736347504e-05
660,0.0,146.5467529296875,15.732545852661133,52.703765869140625,1.3056865100224968e-05
660,627.2369384765625,143.26303100585938,13.2630615234375,56.8607177734375,1.8998274754267186e-05
690,611.6390991210938,0.0,28.86090087890625,56.72126770019531,1.4463616025750525e-05
690,596.2102661132812,0.0,44.28973388671875,118.9430160522461,1.1489676580822561e-05
690,576.1426391601562,0.0,64.35736083984375,174.29637145996094,6.13135580351809e-06
720,0.0,160.66725158691406,14.811299324035645,54.50140380859375,1.6572401364101097e-05
720,520.20654296875,157.49449157714844,21.020751953125,50.79949951171875,1.8736108131633955e-06
720,627.63720703125,183.65884399414062,12.86279296875,57.521331787109375,3.6066512620891444e-06
750,627.1703491210938,178.23948669433594,13.32965087890625,50.919342041015625,6.464757007051958e-06
750,602.1505737304688,360.98486328125,38.34942626953125,119.51513671875,6.814844709879253e-06
780,608.6948852539062,155.70712280273438,21.7615966796875,51.801788330078125,1.6699941625120118e-05
780,281.5349426269531,163.89877319335938,21.16119384765625,52.07501220703125,7.361859957200068e-07
780,603.180908203125,161.88409423828125,21.7979736328125,50.629547119140625,8.599537977715954e-06
780,603.2780151367188,151.8203125,34.1187744140625,81.738037109375,5.024989150115289e-06
780,614.8544311523438,161.1563720703125,22.4990234375,54.659515380859375,0.00035598306567408144
780,624.0402221679688,154.48745727539062,16.45977783203125,62.755157470703125,2.49094155151397e-05
780,612.8229370117188,129.15457153320312,27.67706298828125,126.3721923828125,2.070206619464443e-06
780,0.0,177.69610595703125,13.730653762817383,52.1630859375,2.4553171897423454e-05
780,610.1492919921875,176.29531860351562,21.2657470703125,50.590301513671875,0.1671966016292572
780,546.7652587890625,122.38916015625,93.7347412109375,278.67974853515625,8.527961654181127e-06
780,625.8157348632812,176.48345947265625,14.68426513671875,52.124359130859375,0.0002390125155216083
780,612.5250854492188,173.73915100097656,27.6219482421875,64.19625854492188,0.000521247333381325
780,601.9305419921875,182.295654296875,25.068359375,59.829071044921875,2.374164068896789e-05
780,596.9192504882812,169.9960174560547,36.2867431640625,84.7509765625,2.0115674033149844e-06
780,626.8582763671875,197.76199340820312,13.6417236328125,50.937744140625,5.558865268540103e-06
810,234.86724853515625,164.43373107910156,21.737091064453125,51.437835693359375,5.564194907492492e-06
810,10.577499389648438,178.5382537841797,21.926376342773438,52.165618896484375,4.3060466850874946e-05
810,25.885364532470703,181.24893188476562,21.205650329589844,50.561920166015625,3.7306144804460928e-06
810,241.71261596679688,171.67263793945312,20.915008544921875,50.55767822265625,2.8752268917742185e-05
810,2.68680477142334,180.4892578125,21.28692626953125,51.929595947265625,1.4643040231021587e-05
810,14.439774513244629,179.33670043945312,27.26406478881836,65.00518798828125,1.0438388926559128e-05
810,30.980873107910156,180.3500213623047,27.1578369140625,63.790008544921875,2.280166881973855e-06
810,63.243961334228516,173.5814208984375,28.134380340576172,68.70574951171875,5.074209184385836e-06
810,0.0,69.92854309082031,138.7259979248047,324.80609130859375,1.905998487927718e-06
810,0.0,184.70492553710938,14.200663566589355,52.880096435546875,7.445555092999712e-05
810,0.0,96.66082763671875,63.76033020019531,318.5458984375,1.8616204897625721e-06
840,608.9331665039062,146.80921936035156,23.606689453125,54.482269287109375,6.406561624316964e-06
840,617.2691650390625,153.69332885742188,21.0311279296875,50.836395263671875,9.73889200395206e-06
840,627.2217407226562,154.06466674804688,13.27825927734375,51.283721923828125,1.0192007721343543e-05
840,160.20204162597656,167.88418579101562,21.689605712890625,52.200714111328125,4.474740308069158e-06
840,7.690168380737305,179.67910766601562,22.744709014892578,53.65093994140625,4.627102498488966e-06
840,0.0,184.36167907714844,15.462211608886719,54.956787109375,7.085254765115678e-06
840,152.69332885742188,182.0114288330078,21.400054931640625,50.819854736328125,7.061112796691305e-07
870,34.06839370727539,169.46258544921875,22.554595947265625,53.902374267578125,2.710567605390679e-05
870,131.67581176757812,166.56298828125,22.154754638671875,51.828155517578125,2.6435020117787644e-05
870,138.3807373046875,170.09373474121094,21.886810302734375,52.398773193359375,0.0010745084146037698
870,627.5975952148438,160.80166625976562,12.90240478515625,56.01947021484375,2.0577883333317004e-05
870,40.35199737548828,178.0017852783203,21.390289306640625,50.53118896484375,0.3239307999610901
870,0.0,175.91690063476562,14.58800220489502,56.67718505859375,1.3996675988892093e-05
870,46.88054656982422,175.994873046875,21.53436279296875,51.701141357421875,4.5963333832332864e-06
870,0.0,155.64170837402344,22.163021087646484,99.724365234375,3.3773255836422322e-06
870,144.5924530029297,177.6582794189453,21.021087646484375,51.166046142578125,1.100976896850625e-05
870,0.0,201.03817749023438,13.749088287353516,50.799560546875,3.7283955407474423e-06
900,0.0,149.79330444335938,15.821401596069336,58.13287353515625,6.375915745593375e-06
900,487.6726379394531,161.05747985839844,20.80889892578125,50.80242919921875,6.3839347603789065e-06
900,627.4459838867188,151.49354553222656,13.05401611328125,56.842742919921875,5.735064405598678e-06
900,0.0,136.23529052734375,22.94050407409668,96.93875122070312,1.6745887478464283e-05
900,13.995770454406738,162.73890686035156,24.252662658691406,56.417724609375,2.0718439373013098e-06
900,1.0437650680541992,167.9794158935547,21.11899185180664,50.82647705078125,0.00033174382406286895
900,0.0,174.3458709716797,13.985257148742676,51.927947998046875,6.620715430472046e-05
900,7.305848121643066,173.6362762451172,21.796302795410156,51.778350830078125,3.184096931363456e-05
930,577.4756469726562,149.05567932128906,21.3074951171875,51.074127197265625,0.012214395217597485
930,500.4468078613281,64.3280029296875,140.05319213867188,301.85430908203125,6.917476639500819e-06
930,600.8132934570312,151.3598175048828,22.5164794921875,52.47393798828125,3.1064587346918415e-06
930,627.7644653320312,153.28524780273438,12.73553466796875,50.721649169921875,9.617678188078571e-06
930,0.0,161.408447265625,15.12423324584961,55.246337890625,1.2602041351783555e-05
930,601.7484741210938,362.5571594238281,38.75152587890625,117.94284057617188,5.120316473039566e-06
960,25.880023956298828,157.92489624023438,21.196090698242188,50.915435791015625,0.000175462948391214
960,81.16790008544922,167.10240173339844,21.420074462890625,51.825439453125,5.6312037486350164e-05
960,0.0,159.53036499023438,14.102815628051758,55.243072509765625,8.926830560085364e-06
960,32.426368713378906,162.293701171875,22.17376708984375,53.445953369140625,4.426461146067595e-06
960,583.4014282226562,178.95797729492188,22.9085693359375,53.135772705078125,2.563186535553541e-05
960,628.0912475585938,177.156982421875,12.40875244140625,50.80084228515625,1.2038017302984372e-05
990,441.3602294921875,157.3152618408203,21.64263916015625,51.418182373046875,2.047946509264875e-06
990,448.1296081542969,160.01309204101562,21.26837158203125,51.493133544921875,2.5619006009947043e-06
990,456.1573486328125,160.59414672851562,21.22607421875,50.635467529296875,9.796515769266989e-06
990,627.0712890625,160.9281768798828,13.4287109375,57.679718017578125,3.4690222037170315e-06
990,0.0,169.79891967773438,14.249518394470215,53.41436767578125,4.083935436938191e-06
1020,560.1884765625,131.4525146484375,23.588623046875,55.84735107421875,0.00014372685109265149
1020,627.3839111328125,130.25921630859375,13.1160888671875,50.980377197265625,1.1014063602488022e-05
1020,450.1375427246094,156.37588500976562,21.615966796875,52.23016357421875,3.3750845886970637e-06
1020,553.832763671875,141.0035400390625,25.7298583984375,61.46868896484375,0.002582291606813669
1020,563.18798828125,139.58261108398438,26.0286865234375,62.8834228515625,1.1077350791310892e-05
1020,547.0557250976562,150.91712951660156,21.49462890625,51.058349609375,1.570035601616837e-05
1020,0.0,163.69912719726562,15.301130294799805,56.223876953125,0.0002595276746433228
1020,0.0,141.0782012939453,20.82461929321289,95.86361694335938,4.7893131522869226e-06
1020,457.465087890625,163.51400756835938,22.57977294921875,52.52996826171875,0.0003543648635968566
1020,470.3804931640625,161.8055419921875,20.78692626953125,50.60321044921875,2.587878225313034e-05
1020,506.8504638671875,164.17120361328125,23.3406982421875,55.134796142578125,0.00028859596932306886
1020,519.4964599609375,166.11447143554688,21.634521484375,51.535125732421875,0.029900038614869118
1020,526.810791015625,163.78463745117188,21.0748291015625,50.80242919921875,2.9071377866785042e-05
1020,7.268498420715332,172.27195739746094,21.984603881835938,52.675018310546875,1.6422998214693507e-06
1020,508.33209228515625,153.30386352539062,34.3570556640625,79.86767578125,2.648570216479129e-06
1020,520.4740600585938,156.38568115234375,29.9073486328125,71.885498046875,3.655124601209536e-06
1020,513.2984619140625,170.02383422851562,23.5826416015625,57.6497802734375,6.748340092599392e-05
1050,0.0,149.73846435546875,23.585712432861328,56.9295654296875,9.331330147688277e-06
1050,7.906607627868652,158.03848266601562,21.70824432373047,52.524749755859375,9.770446922630072e-06
1050,0.0,161.55934143066406,13.94345474243164,53.316436767578125,0.000175771041540429
1050,0.0,116.44044494628906,29.94033432006836,133.79095458984375,9.420429705642164e-06
1050,0.0,89.00191497802734,48.734947204589844,232.13238525390625,6.134958766779164e-06
1050,464.0457763671875,158.1122589111328,26.6903076171875,64.53985595703125,2.852778743545059e-05
1050,385.2950439453125,80.75933837890625,151.77191162109375,297.44683837890625,4.701084890257334e-06
1050,627.955322265625,176.8200225830078,12.544677734375,52.387298583984375,7.1970021053857636e-06
1080,481.2745361328125,169.96414184570312,21.89093017578125,51.693603515625,3.772812078750576e-06
1080,518.9759521484375,163.80799865722656,24.366455078125,56.9031982421875,3.4443444292264758e-06
1080,552.947021484375,162.86514282226562,22.501708984375,52.790191650390625,3.67540496881702e-06
1080,490.7460021972656,172.67684936523438,21.20440673828125,50.571014404296875,8.569080091547221e-05
1080,500.01226806640625,169.63478088378906,26.156005859375,63.016204833984375,0.14777742326259613
1080,508.5415954589844,168.29776000976562,25.753326416015625,60.080291748046875,0.0001099528672057204
1110,606.1647338867188,144.32565307617188,29.90185546875,73.41015625,9.937801223713905e-05
1110,625.2534790039062,145.43836975097656,15.24652099609375,51.794158935546875,7.879119038989302e-06
1110,569.067626953125,95.84950256347656,71.432373046875,278.84088134765625,1.2239135685376823e-05
1110,621.1844482421875,149.96145629882812,19.3155517578125,71.61517333984375,0.00014972270582802594
1110,593.06396484375,115.37210083007812,47.43603515625,202.76666259765625,0.00011532550706760958
1110,600.6134643554688,161.29080200195312,27.2943115234375,65.30380249023438,0.0001412487035850063
1110,610.06982421875,161.83712768554688,20.169921875,50.858367919921875,8.652340329717845e-05
1110,442.1299133300781,171.64987182617188,21.76104736328125,52.007476806640625,1.5553240473309415e-06
1110,528.6640625,177.5172576904297,26.752197265625,62.05279541015625,0.0001007250466500409
1110,541.5667114257812,181.21974182128906,26.064453125,60.781005859375,0.0013669129693880677
1110,589.8392333984375,157.511962890625,34.2950439453125,82.62985229492188,8.778867777436972e-05
1110,581.2432250976562,165.64968872070312,31.799560546875,73.6571044921875,9.387131285620853e-06
1110,599.154541015625,150.76219177246094,41.345458984375,111.73646545410156,0.999848484992981
1110,522.167724609375,187.705810546875,25.0848388671875,57.21807861328125,1.344063366559567e-05
1110,536.0165405273438,188.70199584960938,24.294677734375,57.3150634765625,0.04879205301403999
1110,551.0997924804688,184.2105255126953,21.88525390625,52.950531005859375,6.4564951571810525e-06
1110,604.8739013671875,172.1188201904297,29.7874755859375,72.60589599609375,0.00048600745503790677
1110,626.3246459960938,181.2900848388672,14.17535400390625,51.6104736328125,5.028781743021682e-06
1110,616.3097534179688,165.25814819335938,24.19024658203125,88.47894287109375,0.000903188600204885
1110,579.9697875976562,156.01779174804688,54.042236328125,127.20590209960938,7.1198596742760856e-06
1110,531.6988525390625,199.26327514648438,21.2774658203125,51.5389404296875,6.954034324735403e-05
1110,621.725341796875,193.87893676757812,18.774658203125,72.53875732421875,1.6438058082712814e-05
1140,16.020782470703125,164.87734985351562,21.751861572265625,50.98291015625,3.5407092582318e-06
1140,0.0,170.87271118164062,13.32899284362793,50.78717041015625,1.081313439499354e-05
1140,9.042379379272461,170.47854614257812,22.816272735595703,53.522430419921875,3.107828160864301e-05
1140,0.04447364807128906,177.3413543701172,24.300569534301758,56.23974609375,1.9636450815596618e-05
1140,519.7760620117188,192.12350463867188,21.4913330078125,51.396392822265625,1.668343429628294e-05
1140,506.2474060058594,195.71214294433594,20.786407470703125,50.75555419921875,7.1142803790280595e-06
1140,513.6244506835938,200.2432861328125,21.74072265625,51.739715576171875,4.602505941875279e-05
1170,474.29931640625,148.89309692382812,23.43768310546875,54.591766357421875,0.0002673142880667001
1170,481.8497619628906,153.40553283691406,21.866455078125,51.401824951171875,0.09376662224531174
1170,627.6608276367188,147.8034210205078,12.83917236328125,50.828094482421875,6.042564564268105e-06
1170,473.9359130859375,138.24435424804688,37.00042724609375,80.41159057617188,1.0005378499045037e-05
1170,410.7296142578125,83.6878662109375,139.34783935546875,285.4710388183594,6.6979396251554135e-06
1170,488.0196533203125,159.700927734375,21.2694091796875,50.720306396484375,2.366209628235083e-06
1200,127.76258087158203,118.68389892578125,20.552085876464844,50.612335205078125,3.5699770251085283e-06
1200,545.3859252929688,131.24859619140625,23.7435302734375,54.725555419921875,1.927780431287829e-05
1200,559.3818359375,131.95436096191406,21.643310546875,50.744873046875,4.020143023808487e-05
1200,122.622802734375,126.66419219970703,22.518524169921875,52.09479522705078,1.8771357645164244e-05
1200,552.8182373046875,136.4941864013672,23.123779296875,53.61181640625,0.0015724488766863942
1200,566.912841796875,132.7852325439453,23.3619384765625,55.99810791015625,1.6996498288790463e-06
1200,628.0698852539062,129.58203125,12.43011474609375,50.5537109375,8.107015673886053e-06
1200,496.5955505371094,136.86109924316406,22.536102294921875,52.6575927734375,1.4086416513237054e-06
1200,520.7349853515625,133.8935546875,22.69677734375,53.659271240234375,3.947990535380086e-06
1200,120.8424072265625,141.52520751953125,21.23345947265625,51.51263427734375,3.0157809760567034e-07
1200,546.802734375,128.14292907714844,33.43798828125,80.15310668945312,3.804152584052645e-05
1200,600.28369140625,359.878173828125,40.21630859375,120.621826171875,5.5566601986356545e-06
1230,26.819717407226562,103.0582504272461,24.585289001464844,57.14661407470703,5.424587470770348e-06
1230,33.97271728515625,117.10682678222656,22.720596313476562,52.696502685546875,0.0003295976493973285
1230,0.0,124.82595825195312,15.516716003417969,56.6800537109375,1.1855931006721221e-05
1230,27.044757843017578,123.93721771240234,20.62389373779297,50.89191436767578,1.2487066669564229e-06
1230,96.12664031982422,128.46669006347656,21.421859741210938,50.907470703125,1.86211059371999e-06
1230,512.760009765625,158.9928436279297,23.3052978515625,54.847198486328125,1.2541878277261276e-05
1230,519.1659545898438,164.5166015625,23.909912109375,55.555694580078125,4.080735379830003e-06
1260,602.7811889648438,112.91272735595703,22.106689453125,53.017433166503906,2.3920587409520522e-05
1260,612.2965087890625,108.08621215820312,25.7845458984375,60.681121826171875,6.983805360505357e-05
1260,608.5488891601562,121.85704040527344,21.218505859375,50.721405029296875,0.0074288686737418175
1260,627.0270385742188,122.21823120117188,13.47296142578125,53.565765380859375,9.347067134513054e-06
1260,0.0,136.87066650390625,14.384822845458984,54.251708984375,2.936590590252308e-06
1260,603.9912719726562,132.0580596923828,21.654052734375,52.96331787109375,7.594566704938188e-05
1260,606.6069946289062,125.9510498046875,27.8607177734375,67.4635009765625,0.0001497955381637439
1290,25.811906814575195,149.2568817138672,22.525327682495117,52.99761962890625,7.217422080429969e-06
1290,31.790584564208984,156.5888671875,22.804710388183594,55.1829833984375,3.714707781909965e-05
1290,628.0720825195312,201.4382781982422,12.42791748046875,51.561614990234375,7.16664681021939e-06
1320,0.0,170.95077514648438,15.596283912658691,55.440765380859375,6.999147444730625e-05
1320,0.0,147.6092987060547,21.61402130126953,97.81170654296875,5.343126758816652e-06
1320,601.7781982421875,362.7738037109375,38.7218017578125,117.7261962890625,4.724414338852512e-06
1350,627.69482421875,91.33970642089844,12.80517578125,50.97200012207031,4.917544629279291e-06
1350,456.0887756347656,151.6595001220703,27.92041015625,66.23458862304688,9.8633256584435e-07
1350,482.18682861328125,163.6141815185547,21.36175537109375,50.9705810546875,7.073122105794027e-05
1350,527.7593383789062,169.9472198486328,22.7767333984375,53.8104248046875,6.360116822179407e-05
1350,576.84765625,174.11538696289062,22.1068115234375,52.4339599609375,1.3004126230953261e-05
1350,583.5768432617188,172.14193725585938,25.17431640625,58.891326904296875,0.00017002310778480023
1350,592.2819213867188,174.2994384765625,21.764892578125,51.307342529296875,2.217535256932024e-05
1350,608.2534790039062,172.13377380371094,23.9188232421875,54.936187744140625,3.658625701064011e-06
1350,600.67529296875,178.93115234375,20.8206787109375,50.68768310546875,2.790152393572498e-06
1350,627.4829711914062,177.80831909179688,13.01702880859375,52.169708251953125,4.335624907980673e-06
1350,587.6148071289062,170.06301879882812,31.0433349609375,75.77279663085938,7.180808552220697e-06
1380,465.724365234375,158.7742919921875,21.63641357421875,51.40264892578125,0.0007147786091081798
1380,388.00665283203125,72.36965942382812,147.0806884765625,308.18377685546875,3.945864136767341e-06
1380,537.918701171875,181.00650024414062,21.3260498046875,50.975128173828125,2.8143324016127735e-05
1380,550.6549682617188,184.9389190673828,21.588134765625,51.754974365234375,4.354245902504772e-06
1380,600.63134765625,177.02293395996094,22.9930419921875,54.257965087890625,6.458940333686769e-06
1410,0.0,138.45477294921875,15.156907081604004,57.396087646484375,6.589578333660029e-06
1410,472.50909423828125,157.96234130859375,21.93341064453125,51.916259765625,0.0024625021032989025
1410,0.0,158.10768127441406,15.196125984191895,59.466217041015625,8.68937058839947e-06
1410,0.0,134.945068359375,21.68082618713379,98.56655883789062,8.445569619652815e-06
1410,480.6869812011719,160.35438537597656,21.490966796875,51.4808349609375,0.00030840569525025785
1410,627.0529174804688,165.6300811767578,13.44708251953125,51.78399658203125,2.3840038920752704e-05
1410,8.412576675415039,166.75033569335938,21.44683837890625,50.882568359375,1.5750491002108902e-05
1410,486.8178405761719,164.6959686279297,21.6895751953125,51.223358154296875,2.9626610285049537e-06
1410,609.0344848632812,173.06314086914062,23.2869873046875,54.89227294921875,1.5191969396255445e-05
1410,616.6464233398438,171.29273986816406,23.85357666015625,57.3697509765625,3.2677371564204805e-06
1410,466.2755126953125,167.24302673339844,21.07745361328125,50.994354248046875,4.917300429951865e-06
1410,613.7891235351562,129.72824096679688,26.71087646484375,135.17153930664062,5.802328928439238e-07
1410,589.1448974609375,96.07769012451172,51.3551025390625,240.07357788085938,4.747684670292074e-06
1410,626.1581420898438,183.54905700683594,14.34185791015625,57.2080078125,8.393342432100326e-05
1440,595.9375610351562,160.2252655029297,21.7498779296875,51.438995361328125,6.809511432948057e-06
1440,63.877532958984375,159.6693572998047,23.553054809570312,55.234039306640625,2.0089897589059547e-05
1440,601.0530395507812,166.3905792236328,22.4052734375,53.131103515625,3.163286601193249e-05
1440,615.4605712890625,164.71932983398438,21.6365966796875,52.146881103515625,8.919852916733362e-06
1440,608.3048706054688,168.08546447753906,23.583251953125,55.616546630859375,2.0588522602338344e-05
1440,616.8231811523438,178.41171264648438,23.4932861328125,54.819488525390625,1.4343056136567611e-05
1440,627.3970336914062,180.1558380126953,13.10296630859375,51.129425048828125,3.2985975849442184e-05
1470,625.6181030273438,154.0821533203125,14.88189697265625,56.576995849609375,2.315015808562748e-05
1470,552.2005004882812,165.21456909179688,21.9359130859375,51.916748046875,4.275130049791187e-05
1470,617.825439453125,164.96685791015625,22.674560546875,54.44622802734375,1.8731856243903167e-06
1470,627.2528686523438,171.88092041015625,13.24713134765625,59.10174560546875,2.40062445300282e-06
1500,627.38232421875,142.67822265625,13.11767578125,56.244354248046875,6.5192020883841906e-06
1530,512.6055297851562,157.3813934326172,21.4251708984375,52.056488037109375,2.788429264910519e-05
1530,626.98876953125,176.31546020507812,13.51123046875,58.0552978515625,3.4559789128252305e-06
1530,627.6674194335938,201.0843505859375,12.83258056640625,51.38482666015625,1.3694043445866555e-05
1560,577.0769653320312,147.53005981445312,24.7071533203125,58.345672607421875,5.834432158735581e-05
1560,561.7236328125,157.47035217285156,22.5875244140625,53.241424560546875,0.0027840551920235157
1560,399.6153259277344,157.19578552246094,21.14312744140625,51.006134033203125,7.951820407470223e-06
1560,569.3518676757812,159.33819580078125,21.2021484375,50.645538330078125,0.00036945275496691465
1560,583.8413696289062,158.45712280273438,22.4014892578125,53.5977783203125,0.004519365727901459
1560,577.2367553710938,148.02354431152344,36.3865966796875,81.729248046875,4.604827609000495e-06
1560,482.763916015625,77.35581970214844,148.4434814453125,306.14178466796875,4.701878424384631e-06
1560,598.9550170898438,158.89541625976562,20.8746337890625,51.650146484375,3.0406044970732182e-06
1560,0.0,170.8196563720703,15.745209693908691,55.54620361328125,2.2310694021143718e-06
1560,590.9837646484375,162.54193115234375,21.5230712890625,51.123748779296875,0.00020084803691133857
1590,464.593017578125,163.94696044921875,21.4151611328125,51.30047607421875,1.5222829460981302e-05
1590,600.38720703125,158.38433837890625,22.6082763671875,54.080535888671875,1.8774651834974065e-05
1590,617.0008544921875,159.05361938476562,21.5445556640625,51.427032470703125,1.4336164895212278e-05
1590,592.863037109375,165.00283813476562,21.4127197265625,51.84954833984375,8.928025636123493e-05
1590,609.7495727539062,161.941162109375,23.4425048828125,55.093780517578125,1.1858396646857727e-05
1590,626.91357421875,165.64593505859375,13.58642578125,51.749908447265625,2.475754081388004e-05
1590,0.0,175.56712341308594,15.39576244354248,55.429718017578125,1.3904101479056408e-06
1590,585.5723266601562,174.21786499023438,23.7845458984375,57.353973388671875,2.771913386823144e-06
1590,618.3466796875,172.81878662109375,22.1533203125,54.3486328125,4.430050921655493e-06
1620,386.72259521484375,151.74295043945312,22.584716796875,53.4124755859375,3.116319567197934e-05
1620,394.85150146484375,151.08380126953125,22.12060546875,52.49981689453125,0.0016622054390609264
1620,405.572509765625,149.6495361328125,22.624755859375,53.675994873046875,0.0014842869713902473
1620,495.5452575683594,119.439453125,40.994354248046875,99.3729248046875,1.7664038978182361e-06
1620,595.3709716796875,137.7389678955078,34.309326171875,79.68429565429688,1.736916965455748e-05
1620,609.7384643554688,105.2915267944336,30.76153564453125,134.470947265625,6.5696053752617445e-06
1620,590.1498413085938,75.44722747802734,50.35015869140625,232.21942138671875,7.395048669422977e-06
1620,622.2968139648438,149.34564208984375,18.20318603515625,77.9266357421875,4.856991836277302e-06
1620,401.32952880859375,159.67837524414062,21.020263671875,50.517242431640625,3.4284308640053496e-05
1620,627.156982421875,176.58059692382812,13.343017578125,51.270538330078125,9.156651685771067e-06
1650,398.6635437011719,141.53616333007812,29.67529296875,69.31204223632812,0.00037124898517504334
1650,393.29534912109375,148.31988525390625,25.027587890625,58.55377197265625,0.0003530571993906051
1650,387.8212890625,152.00119018554688,21.61273193359375,52.71246337890625,2.5970155547838658e-05
1650,408.3648681640625,153.27272033691406,20.9951171875,50.66168212890625,0.8175123929977417
1650,627.7067260742188,154.4133758544922,12.79327392578125,51.078887939453125,6.358816335705342e-06
1650,0.0,160.30235290527344,14.65859603881836,55.559783935546875,3.332647565912339e-06
1650,414.2005920410156,155.4642333984375,23.35577392578125,55.236419677734375,0.00014478684170171618
1650,51.15849304199219,168.8003692626953,21.221023559570312,51.531097412109375,1.3180180758354254e-05
1650,627.3466186523438,177.06741333007812,13.15338134765625,51.91357421875,7.402662049571518e-06
1680,262.82928466796875,98.03120422363281,23.689697265625,55.96028137207031,0.0002785372198559344
1680,627.39306640625,132.5207977294922,13.10693359375,51.246185302734375,7.520505732827587e-06
1680,616.8829956054688,141.05987548828125,21.2965087890625,51.0662841796875,1.6087795302155428e-05
1680,622.4371337890625,129.7519073486328,18.0628662109375,76.25555419921875,1.081975733541185e-05
1680,612.5125732421875,104.86552429199219,27.9874267578125,129.45089721679688,2.3868883545219433e-06
1680,591.655029296875,76.16234588623047,48.844970703125,233.724365234375,8.840983355185017e-06
1680,615.5419311523438,153.40769958496094,24.95806884765625,59.51092529296875,2.4104127078317106e-05
1680,626.7412719726562,154.7703399658203,13.75872802734375,52.661834716796875,3.833867231151089e-05
1680,0.0,165.86412048339844,16.32971954345703,51.773345947265625,0.00021781629766337574
1680,5.684971809387207,164.66107177734375,21.29755401611328,52.199462890625,2.593448925836128e-06
1680,394.126953125,163.4009246826172,22.23529052734375,51.8636474609375,1.9302364307804964e-05
1680,401.03717041015625,161.16549682617188,22.1197509765625,53.30108642578125,2.3171429347712547e-05
1680,409.4405822753906,158.4998016357422,21.89990234375,51.96600341796875,6.453519745264202e-05
1680,609.8099975585938,159.38204956054688,21.5048828125,50.929229736328125,2.4594064598204568e-05
1680,0.0,146.90135192871094,23.537275314331055,91.32888793945312,1.3084263628115878e-05
1680,0.0,93.25878143310547,49.139217376708984,236.24905395507812,8.830424121697433e-06
1680,415.96240234375,161.18972778320312,21.8792724609375,51.815460205078125,5.958848760201363e-06
1680,626.2571411132812,171.65744018554688,14.24285888671875,61.42034912109375,1.4775305317016318e-05
1710,224.80516052246094,158.9862060546875,21.09814453125,50.8232421875,5.416895419330103e-06
1710,416.3302307128906,150.4250946044922,22.14349365234375,52.168701171875,0.0025450638495385647
1710,423.6619873046875,154.16180419921875,22.428955078125,53.861968994140625,0.00010870456753764302
1710,431.1903991699219,157.62396240234375,22.6607666015625,53.26715087890625,1.543255893921014e-05
1710,410.6788635253906,157.7272491455078,21.12939453125,50.8206787109375,2.8133232262916863e-05
1740,474.32177734375,146.60548400878906,22.07122802734375,52.766265869140625,1.3284175111039076e-05
1740,413.3829650878906,131.1805877685547,47.0845947265625,105.9901123046875,7.442585683747893e-06
1740,437.0017395019531,151.04595947265625,23.7490234375,55.45196533203125,0.00013021857012063265
1740,402.0740966796875,153.1395263671875,20.48687744140625,50.9466552734375,2.087179382215254e-06
1740,409.91644287109375,150.08151245117188,26.2662353515625,60.936279296875,3.087413278990425e-05
1740,419.8016357421875,147.5125274658203,26.5880126953125,64.50991821289062,0.5266406536102295
1740,428.7950744628906,147.13352966308594,25.80755615234375,63.1798095703125,0.5039697885513306
1740,457.4058837890625,149.15663146972656,21.140869140625,51.45770263671875,5.141023848409532e-06
1740,466.3957824707031,149.52874755859375,21.5081787109375,52.180084228515625,2.0837348984059645e-06
1740,481.6784362792969,150.36082458496094,22.5909423828125,54.4796142578125,0.06298726797103882
1740,494.86492919921875,154.3621368408203,21.0821533203125,51.4200439453125,7.821500912541524e-05
1740,444.97601318359375,150.1663055419922,26.04290771484375,61.143310546875,3.249230940127745e-05
1740,461.87127685546875,144.3958282470703,30.97613525390625,73.71054077148438,8.542596333427355e-06
1740,474.8216247558594,138.06011962890625,35.17779541015625,80.6595458984375,1.471256746299332e-05
1740,488.8292541503906,150.6219482421875,30.372528076171875,71.02981567382812,3.458643050180399e-06
1740,505.9888610839844,161.09544372558594,23.253387451171875,55.23712158203125,8.750909728405531e-06
1740,430.2955017089844,137.8444366455078,34.25396728515625,86.14678955078125,6.897874845890328e-05
1740,486.8099670410156,159.6510772705078,22.91729736328125,53.914825439453125,0.00040432537207379937
1740,520.85107421875,164.58828735351562,21.8948974609375,52.365447998046875,0.011583797633647919
1740,0.0,176.41094970703125,14.86823558807373,54.597137451171875,7.559558071079664e-06
1740,526.4371948242188,167.97207641601562,22.8228759765625,54.01849365234375,8.744736078369897e-06
1740,513.4559326171875,162.653564453125,33.3099365234375,77.48614501953125,4.745624028146267e-05
1740,627.2628173828125,210.17034912109375,13.2371826171875,52.462738037109375,8.089738912531175e-06
1770,489.4966125488281,135.79237365722656,21.93133544921875,52.218048095703125,2.6565297957859002e-05
1770,606.7538452148438,136.734130859375,23.672607421875,56.63262939453125,0.00014712127449456602
1770,615.5444946289062,135.9575653076172,22.11865234375,53.503662109375,3.780500992434099e-05
1770,626.738525390625,133.40545654296875,13.761474609375,51.4891357421875,1.083999995898921e-05
1770,483.4285888671875,145.9974822998047,22.470458984375,51.883636474609375,0.00022775451361667365
1770,492.25299072265625,126.92945098876953,37.16156005859375,89.36431121826172,1.5678735508117825e-05
1770,576.8955078125,139.8313446044922,24.0928955078125,56.505706787109375,2.8180196750327013e-05
1770,595.448974609375,141.11984252929688,22.0072021484375,52.771942138671875,0.00011928148887818679
1770,409.1080322265625,149.68360900878906,22.577392578125,53.58148193359375,2.480778221070068e-06
1770,430.6380920410156,104.72129821777344,128.14883422851562,283.08221435546875,3.871847638947656e-06
1770,494.8424072265625,146.4266815185547,22.76849365234375,53.87225341796875,0.14843560755252838
1770,511.9925537109375,148.31976318359375,21.19970703125,51.8162841796875,0.00017509993631392717
1770,568.3634033203125,143.27552795410156,24.6876220703125,58.298431396484375,7.894290320109576e-06
1770,587.3190307617188,144.94525146484375,20.7696533203125,51.235321044921875,9.497111750533804e-05
1770,585.4761962890625,137.873779296875,30.1285400390625,70.32958984375,3.1194471375783905e-05
1770,599.187744140625,142.43882751464844,26.6654052734375,62.610321044921875,0.004888908937573433
1770,610.8377075195312,137.62692260742188,29.66229248046875,76.85894775390625,0.0001232934300787747
1770,591.2227172851562,83.87552642822266,49.27728271484375,227.012939453125,1.1273294148850255e-05
1770,499.42803955078125,148.58950805664062,26.1175537109375,63.62738037109375,0.0016549030551686883
1770,520.2872314453125,152.8553466796875,22.7110595703125,55.106903076171875,4.342765896581113e-05
1770,526.495361328125,150.5923309326172,27.1187744140625,64.2803955078125,5.908642924623564e-05
1770,624.6395874023438,149.39413452148438,15.86041259765625,60.56768798828125,6.257949280552566e-05
1770,490.4197998046875,155.07521057128906,21.5714111328125,50.563507080078125,0.001588139683008194
1770,487.6357116699219,147.739990234375,31.514129638671875,74.66217041015625,0.04362255334854126
1770,508.2431640625,154.12535095214844,28.7222900390625,64.41241455078125,0.0003442605957388878
1770,500.21527099609375,138.51759338378906,40.1849365234375,98.81787109375,1.567064828122966e-05
1770,515.3907470703125,145.7266845703125,34.0399169921875,81.57492065429688,2.0006405975436792e-05
1770,531.1998291015625,141.58969116210938,33.904052734375,80.490234375,0.00022420399182010442
1770,592.9736938476562,132.1468048095703,37.2669677734375,89.72369384765625,0.00013225467409938574
1770,479.7915954589844,154.4943389892578,29.79229736328125,70.13845825195312,0.00011464877752587199
1770,604.65576171875,155.02606201171875,28.305908203125,64.403076171875,7.856005686335266e-05
1770,616.4339599609375,162.71484375,22.7738037109375,54.72900390625,8.420687663601711e-06
1770,479.8744201660156,136.4503173828125,47.577239990234375,113.08224487304688,7.268619810929522e-05
1770,626.5542602539062,172.9766082763672,13.94573974609375,52.493682861328125,5.6998301261046436e-06
1770,0.0,184.61631774902344,14.233349800109863,55.055816650390625,1.858273390098475e-05
1770,611.155029296875,406.69384765625,29.344970703125,73.80615234375,5.271760073810583e-06
1770,600.8173828125,364.0079040527344,39.6826171875,116.49209594726562,1.1144892596348654e-05
1770,581.4473876953125,324.6263427734375,59.0526123046875,155.8736572265625,2.7559583486436168e-06
1800,0.0,189.0357666015625,22.84011459350586,55.037628173828125,3.5333387131686322e-06
1800,0.0,196.03448486328125,13.843364715576172,53.78424072265625,8.47990668262355e-05
1830,345.57806396484375,179.1571807861328,21.87615966796875,51.93585205078125,0.00018595588335301727
1830,351.9732971191406,176.5114288330078,22.1302490234375,52.219024658203125,0.0010209204629063606
1830,339.76226806640625,182.28515625,21.15277099609375,51.63995361328125,0.00014636888226959854
1830,358.3734436035156,178.49725341796875,23.288818359375,55.7720947265625,1.5846477253944613e-05
1830,0.0,203.90672302246094,14.498116493225098,52.377227783203125,9.036528354045004e-06
1830,599.982177734375,360.8343505859375,40.517822265625,119.6656494140625,4.366829671198502e-06
1860,218.4287872314453,197.3894500732422,21.164764404296875,50.598724365234375,7.312498837563908e-06
1860,362.11236572265625,194.10728454589844,22.045166015625,51.329986572265625,0.002282230881974101
1860,505.74200439453125,198.0301055908203,23.8836669921875,55.958526611328125,5.295735263644019e-06
1860,518.5093994140625,195.4341278076172,25.672119140625,57.49310302734375,2.7100737497676164e-05
1860,528.5787963867188,196.4159698486328,21.2674560546875,51.285430908203125,1.0139481673832051e-05
1860,627.9722290039062,195.5734100341797,12.52777099609375,50.52392578125,8.581841029808857e-06
1860,0.0,201.43992614746094,13.49267578125,53.36614990234375,1.4174050193105359e-05
1860,512.3991088867188,207.03836059570312,22.2388916015625,51.604400634765625,8.851959137246013e-06
1860,608.8720092773438,200.48907470703125,22.8594970703125,54.22882080078125,2.8970391213078983e-05
1860,367.8486022949219,200.02044677734375,21.74163818359375,52.006072998046875,0.0004914712044410408
1860,616.295654296875,208.0438995361328,21.3433837890625,50.65238952636719,8.381293810089119e-06
1860,627.1829223632812,211.93527221679688,13.31707763671875,60.519805908203125,9.880555808194913e-06
1890,0.0,105.60823059082031,14.053866386413574,54.44769287109375,1.0748230124590918e-05
1890,179.2224884033203,195.18630981445312,21.504608154296875,51.404327392578125,7.45076613384299e-06
1890,182.8181915283203,191.68531799316406,26.710235595703125,65.0152587890625,4.957554210704984e-06
1890,191.21408081054688,195.7716522216797,21.00848388671875,50.592376708984375,2.6325738872401416e-05
1890,104.5898208618164,99.16056823730469,148.64349365234375,318.82373046875,2.5833257950580446e-06
1890,0.0,201.36764526367188,13.861477851867676,54.186279296875,6.566110641870182e-06
1920,0.0,217.49658203125,13.574447631835938,53.996307373046875,8.345377864316106e-06
1950,0.0,172.4971466064453,23.25898551940918,105.07316589355469,8.769296982791275e-06
1950,578.9397583007812,196.18475341796875,33.0428466796875,80.09890747070312,2.7347957711754134e-06
1950,584.0243530273438,209.89825439453125,22.1728515625,52.2606201171875,3.846116214845097e-06
1950,0.0,218.46527099609375,14.4701509475708,51.6578369140625,7.746025403321255e-06
1950,1.325551986694336,209.65443420410156,31.312484741210938,74.83293151855469,6.160634802654386e-05
1950,1.601893424987793,224.09649658203125,21.33715057373047,51.724456787109375,5.984956260363106e-06
1950,7.590484619140625,226.81056213378906,22.01968002319336,51.96662902832031,1.537295065645594e-05
1980,627.7140502929688,34.06194305419922,12.78594970703125,56.65898895263672,2.4798109734547324e-06
1980,1.7872638702392578,204.3871612548828,22.77098846435547,53.57414245605469,2.3334703655564226e-05
1980,0.0,207.36312866210938,15.84650993347168,57.123626708984375,2.585272795840865e-06
1980,8.499797821044922,209.28439331054688,21.925701141357422,51.542144775390625,0.00023729838721919805
1980,82.38066864013672,214.42076110839844,21.40234375,50.96076965332031,1.9314584278617986e-06
1980,89.28263854980469,220.7386474609375,21.781753540039062,50.768280029296875,5.425479685072787e-05
