30,14.533254623413086,110.54643249511719,20.985918045043945,50.923065185546875,0.00019133769092150033
30,9.603758811950684,118.9071273803711,21.392539978027344,50.61707305908203,1.0087842383654788e-05
30,14.670465469360352,124.93090057373047,23.757993698120117,56.07897186279297,6.1644113884540275e-06
30,168.69427490234375,158.8965301513672,22.713653564453125,55.01171875,7.800087587384041e-06
30,176.11277770996094,160.3223114013672,23.22528076171875,54.67950439453125,2.0823461454710923e-05
30,561.566650390625,161.1903076171875,21.1292724609375,50.882781982421875,4.6833679334667977e-07
30,617.8479614257812,170.01930236816406,22.65203857421875,56.151275634765625,1.8205056449005497e-06
30,627.862060546875,172.0907745361328,12.637939453125,50.546600341796875,5.6361623137490824e-05
30,627.3082275390625,189.26324462890625,13.1917724609375,51.1875,4.6485624807246495e-06
60,605.0708618164062,145.39028930664062,30.6470947265625,72.1234130859375,9.051925189851318e-06
60,602.23095703125,156.11416625976562,22.1070556640625,52.679962158203125,9.280892300012056e-06
60,609.1092529296875,162.4048309326172,21.2586669921875,50.82159423828125,0.001156823942437768
60,615.1019897460938,158.80996704101562,22.141845703125,52.38494873046875,0.003024342004209757
60,617.798095703125,131.234375,22.701904296875,92.67086791992188,8.769857231527567e-06
60,281.56793212890625,158.9888916015625,21.51959228515625,51.79010009765625,7.4007771218020935e-06
60,626.1544799804688,161.55796813964844,14.34552001953125,51.5599365234375,0.0003330522740725428
60,611.8056640625,164.358154296875,28.6943359375,68.57501220703125,4.023911060357932e-06
90,0.0,124.24853515625,15.939519882202148,55.477752685546875,3.5637863220472354e-06
90,0.0,161.21620178222656,14.283209800720215,51.562286376953125,1.3881337963539409e-06
90,8.814191818237305,162.06546020507812,22.02181625366211,51.046356201171875,9.1304036686779e-06
90,90.10550689697266,162.58819580078125,22.476425170898438,52.777374267578125,1.7114083675551228e-05
90,96.95790100097656,161.691162109375,23.358963012695312,54.773895263671875,2.2243890271056443e-05
90,104.687255859375,160.98789978027344,22.808273315429688,52.46807861328125,0.00011486215225886554
90,202.70645141601562,168.541015625,21.8154296875,51.67437744140625,5.550109108298784e-06
90,617.0638427734375,160.9683074951172,23.4361572265625,56.720184326171875,2.8408446723915404e-06
90,627.1978149414062,162.6817169189453,13.30218505859375,50.5985107421875,1.215596330439439e-05
90,0.0,155.65902709960938,20.5778751373291,80.64263916015625,4.456981059774989e-06
90,2.7998790740966797,155.53599548339844,35.175498962402344,84.239013671875,8.394981705350801e-06
90,111.89498138427734,167.27041625976562,23.125160217285156,54.360992431640625,4.609986262948951e-06
90,207.9613037109375,174.42408752441406,21.85296630859375,52.782318115234375,6.223480340850074e-06
90,0.0,125.30545806884766,31.388261795043945,141.41207885742188,5.316131591825979e-06
90,0.0,108.4666976928711,46.32802963256836,214.61215209960938,7.656169145775493e-06
90,121.23506164550781,174.89697265625,20.83966064453125,50.648223876953125,1.2218516758366604e-06
90,601.1298217773438,362.5248718261719,39.37017822265625,117.97512817382812,7.233415090013295e-06
120,593.0084838867188,165.72889709472656,23.37890625,53.483489990234375,1.653900994824653e-06
120,600.4873657226562,160.5693817138672,24.20458984375,55.480743408203125,8.873807928466704e-06
120,608.4436645507812,163.75778198242188,24.150634765625,55.01202392578125,1.9854069250868633e-05
120,616.1614379882812,163.14906311035156,24.2940673828125,55.1387939453125,3.8268430216703564e-05
120,564.6859741210938,175.05894470214844,22.7529296875,53.142730712890625,4.609234383678995e-05
120,570.5359497070312,173.2189483642578,25.544921875,62.10089111328125,0.026571329683065414
120,627.142333984375,170.081298828125,13.357666015625,51.5277099609375,6.48469795123674e-05
120,552.4033813476562,174.84115600585938,25.805419921875,60.81103515625,2.9185268886067206e-06
120,578.7018432617188,172.6041259765625,26.1737060546875,61.480010986328125,0.0010005786316469312
120,558.6600952148438,181.80535888671875,28.5162353515625,68.97207641601562,1.791855879673676e-06
120,562.9249267578125,168.95468139648438,36.9119873046875,86.42111206054688,0.00015132274711504579
120,601.98779296875,362.2300720214844,38.51220703125,118.26992797851562,3.4815934668586124e-06
150,287.0180358886719,163.58717346191406,21.23394775390625,50.96014404296875,0.00020988307369407266
150,514.9075927734375,177.0897674560547,20.990234375,51.09765625,2.067690911644604e-05
150,520.2320556640625,179.56040954589844,22.6519775390625,54.32818603515625,1.4812324479862582e-05
150,525.4845581054688,184.79702758789062,25.45654296875,58.534881591796875,5.861718818778172e-06
180,0.0,68.04906463623047,14.325766563415527,51.70515441894531,2.6601235276757507e-06
180,0.0,28.442611694335938,33.38161849975586,138.8542938232422,7.340271622524597e-06
180,0.0,0.0,52.399085998535156,225.0117950439453,1.6259587937383913e-05
180,0.0,89.68153381347656,14.709372520446777,53.09661865234375,4.254630312061636e-06
180,0.0,79.90156555175781,20.89875602722168,77.29754638671875,9.531855539535172e-06
180,0.0,122.07345581054688,14.605894088745117,50.689056396484375,1.3418438356893603e-05
180,0.0,108.33566284179688,20.346805572509766,77.18270874023438,5.981657977827126e-06
180,0.0,75.76045227050781,31.930051803588867,134.65298461914062,7.268127774295863e-06
180,208.2333526611328,152.74635314941406,22.228912353515625,52.2786865234375,7.113575065886835e-06
180,8.848191261291504,213.7393035888672,22.99032211303711,55.39466857910156,3.1705990295449737e-06
180,601.2171630859375,362.6484375,39.2828369140625,117.8515625,4.129530225327471e-06
210,153.375,148.64910888671875,20.626922607421875,50.77496337890625,4.0710838220547885e-06
210,120.3537826538086,147.54852294921875,21.51415252685547,50.5859375,3.744692003238015e-05
210,263.6752624511719,138.60133361816406,26.48724365234375,63.15826416015625,7.653438842680771e-06
210,126.40840148925781,150.66419982910156,22.430908203125,53.03900146484375,1.9461838292045286e-06
210,114.92015075683594,155.55467224121094,21.434951782226562,51.285247802734375,0.00013459021283779293
210,118.60725402832031,159.768310546875,25.71661376953125,59.42706298828125,3.193072188878432e-06
210,600.6378784179688,362.7558288574219,39.86212158203125,117.74417114257812,6.23634923613281e-06
240,0.0,132.66378784179688,16.83295440673828,55.4805908203125,3.123739952570759e-05
240,80.10066986083984,144.97125244140625,22.088241577148438,52.874359130859375,3.960469257435761e-06
240,5.871993064880371,145.23353576660156,23.189029693603516,54.906585693359375,4.096905468031764e-05
240,73.57815551757812,151.50314331054688,21.79754638671875,51.0849609375,5.430073997558793e-06
240,178.6356658935547,148.27780151367188,21.189208984375,51.07940673828125,2.9734754207311198e-05
240,0.0,150.9541473388672,21.994522094726562,54.441650390625,0.0016365507617592812
240,0.0,113.03807830810547,27.090049743652344,121.53421783447266,9.533109732728917e-06
240,248.62611389160156,154.94786071777344,21.700729370117188,51.179962158203125,1.596829497430008e-05
240,610.4171752929688,163.29904174804688,22.0225830078125,52.3062744140625,7.778226972732227e-06
240,616.952880859375,169.68768310546875,22.875,53.467071533203125,2.958832283184165e-06
240,0.0,167.69566345214844,15.868535995483398,57.277587890625,2.99514931612066e-06
240,627.6564331054688,175.14401245117188,12.84356689453125,56.832489013671875,2.08198071049992e-05
240,601.5646362304688,364.14837646484375,38.93536376953125,116.35162353515625,6.045509962859796e-06
270,608.6260986328125,171.2903594970703,22.3675537109375,54.35137939453125,1.3210673387220595e-05
270,627.9141845703125,172.49026489257812,12.5858154296875,51.14599609375,1.4255291716835927e-05
270,440.5413818359375,174.478515625,22.13360595703125,52.3753662109375,2.7388934995542513e-06
270,616.3247680664062,176.47991943359375,23.4627685546875,54.719390869140625,4.669784175348468e-06
270,628.2461547851562,191.85704040527344,12.25384521484375,50.53216552734375,1.281637105421396e-05
270,600.8524169921875,362.0291748046875,39.6475830078125,118.4708251953125,4.4969733608013485e-06
300,186.15213012695312,150.87998962402344,21.320068359375,51.643218994140625,5.588098701991839e-06
300,193.43336486816406,153.62376403808594,21.50787353515625,51.492218017578125,3.394599843886681e-05
300,290.3439025878906,160.87664794921875,21.6357421875,51.080047607421875,3.5421991924522445e-05
300,627.3519287109375,161.6075897216797,13.1480712890625,52.03765869140625,6.9463858380913734e-06
300,600.87255859375,362.0027770996094,39.62744140625,118.49722290039062,1.0778629757624003e-06
330,0.0,0.0,46.65822982788086,115.49346923828125,3.390463234609342e-06
330,627.0787353515625,53.3966178894043,13.4212646484375,51.40970230102539,3.0511451768688858e-05
330,617.1079711914062,61.032615661621094,20.8121337890625,50.63288879394531,1.7328240573988296e-05
330,33.81536865234375,0.0,104.11228942871094,248.15655517578125,9.123842232838797e-07
330,15.581583023071289,138.33523559570312,28.501501083374023,64.39251708984375,3.824401119345566e-06
330,22.92176055908203,122.7158432006836,37.78605651855469,93.20191192626953,5.652024265145883e-05
330,19.221532821655273,158.38357543945312,22.46624183654785,54.680450439453125,8.016945503186435e-05
330,25.232177734375,151.53369140625,26.60821533203125,62.64471435546875,0.003029822139069438
330,35.2474365234375,148.31301879882812,27.891006469726562,65.54095458984375,1.438002163922647e-05
330,282.4074401855469,167.47743225097656,21.03631591796875,51.212066650390625,3.932572781195631e-06
330,288.9646301269531,163.41485595703125,22.34429931640625,53.861236572265625,2.92741924567963e-06
330,627.590087890625,166.60830688476562,12.909912109375,56.988006591796875,5.969092399027431e-06
330,0.0,176.31211853027344,14.110173225402832,51.20794677734375,6.570004188688472e-05
330,0.0,163.0670166015625,18.86925506591797,75.90939331054688,2.3251604943652637e-05
330,0.0,130.4917755126953,28.22222137451172,128.6234588623047,3.007849954883568e-06
330,6.038897514343262,167.2589111328125,27.382614135742188,64.65185546875,1.3493845472112298e-06
330,13.448869705200195,155.10525512695312,32.73523712158203,77.44143676757812,2.0964052964700386e-05
330,24.669322967529297,172.86349487304688,22.935874938964844,55.41497802734375,1.4404892681341153e-05
330,25.877422332763672,156.73605346679688,34.59661865234375,80.5511474609375,1.2878968846052885e-05
330,601.1430053710938,362.63311767578125,39.35699462890625,117.86688232421875,5.550394689635141e-06
360,46.40696716308594,5.525077819824219,55.84918212890625,131.35580444335938,1.7188764331876882e-06
360,627.7793579101562,140.56936645507812,12.72064208984375,50.56640625,9.340669748780783e-06
360,144.8600311279297,155.1727294921875,22.31787109375,54.091217041015625,9.030363435158506e-05
360,153.0727996826172,155.40667724609375,22.877532958984375,54.501251220703125,1.817264455894474e-05
360,161.3252716064453,154.56092834472656,22.82977294921875,54.61456298828125,8.037153747864068e-05
360,170.64303588867188,153.0744171142578,21.93023681640625,51.57257080078125,0.0006735164788551629
360,173.434326171875,146.5518035888672,28.06732177734375,65.0361328125,6.567369382537436e-06
360,183.020263671875,152.4645538330078,23.305694580078125,53.751678466796875,6.439522621803917e-06
360,208.71929931640625,151.51019287109375,23.79730224609375,55.30450439453125,6.987238975852961e-06
360,274.1976318359375,152.41075134277344,21.50311279296875,50.83709716796875,1.5095625713001937e-05
360,627.2424926757812,159.76231384277344,13.25750732421875,52.164520263671875,1.3755535292148124e-05
390,626.619873046875,146.0028839111328,13.880126953125,58.8948974609375,3.7453587538038846e-06
390,609.346435546875,162.56369018554688,23.18212890625,55.193817138671875,1.557395989948418e-06
390,617.4865112304688,159.6090545654297,23.01348876953125,56.46856689453125,3.0934215828892775e-06
390,627.8455810546875,169.16098022460938,12.6544189453125,50.561309814453125,1.4045278476260137e-05
390,601.3414306640625,362.9158630371094,39.1585693359375,117.58413696289062,8.426953172602225e-06
420,64.29441833496094,139.9351348876953,22.244140625,52.012603759765625,1.70533312484622e-05
420,193.16859436035156,162.16799926757812,22.33575439453125,52.013763427734375,1.0174886483582668e-05
420,185.49871826171875,166.75405883789062,20.672760009765625,51.3126220703125,2.1717562049161643e-05
420,199.8625946044922,171.20309448242188,21.077728271484375,51.97607421875,9.85886981652584e-06
420,530.2244262695312,172.6456298828125,21.234375,51.157196044921875,1.0830696055563749e-06
420,190.0394287109375,168.17694091796875,28.459259033203125,67.43106079101562,4.220305072522024e-06
420,628.25537109375,177.58445739746094,12.24462890625,51.250396728515625,6.463358204200631e-06
450,627.01416015625,151.41268920898438,13.48583984375,55.9619140625,3.284215563326143e-05
450,619.2647094726562,141.2759246826172,21.23529052734375,98.58746337890625,2.9832247037120396e-06
450,1.8743171691894531,177.40330505371094,21.238069534301758,50.638092041015625,8.20925288280705e-06
450,16.026063919067383,176.73583984375,23.436277389526367,55.57061767578125,1.3741406519329757e-06
450,626.015380859375,171.06903076171875,14.484619140625,61.069732666015625,5.241831331659341e-06
450,0.0,181.0147705078125,15.355305671691895,58.1292724609375,6.423360900953412e-06
450,9.421257019042969,183.51025390625,21.627376556396484,51.58001708984375,9.919529475155286e-06
480,163.41603088378906,153.64236450195312,21.51812744140625,51.326873779296875,1.0659920917532872e-05
480,166.60549926757812,147.78663635253906,26.7890625,64.28192138671875,1.4075314538786188e-05
480,627.6734008789062,161.85098266601562,12.82659912109375,52.50439453125,6.102805855334736e-06
480,24.921314239501953,170.426025390625,22.456451416015625,52.09625244140625,4.785569217347074e-06
480,33.499061584472656,167.175537109375,22.162216186523438,50.566314697265625,9.293675020671799e-07
480,0.0,176.40652465820312,15.770490646362305,55.77294921875,1.0431163900648244e-05
480,16.22626495361328,177.8088836669922,22.902851104736328,52.259063720703125,3.855337581626372e-06
480,585.321533203125,180.64849853515625,22.135986328125,53.77593994140625,1.3637742995342705e-05
480,592.2471923828125,179.16583251953125,22.62255859375,54.175567626953125,0.00014249231026042253
480,627.1849975585938,184.4935302734375,13.31500244140625,51.537628173828125,4.001501110906247e-06
510,7.322977066040039,168.94036865234375,23.31003189086914,54.88018798828125,1.075484306056751e-05
510,440.283203125,171.0395050048828,21.15179443359375,51.113189697265625,6.930286872375291e-06
510,0.0,177.12164306640625,14.245536804199219,51.017242431640625,7.401356469927123e-06
540,611.2360229492188,406.09423828125,29.26397705078125,74.40576171875,3.1969357223715633e-06
540,602.1904907226562,361.16387939453125,38.30950927734375,119.33612060546875,3.145778691759915e-06
600,533.3338012695312,141.31466674804688,58.3802490234375,140.57476806640625,1.227861616825976e-06
600,524.1824340820312,168.89288330078125,44.4166259765625,105.8887939453125,0.0001152030672528781
630,627.8701171875,147.14144897460938,12.6298828125,50.64129638671875,4.718273430626141e-06
630,627.24267578125,248.5330047607422,13.25732421875,51.73722839355469,2.645540917001199e-06
660,503.58477783203125,155.51361083984375,22.836181640625,52.601470947265625,9.181660061585717e-06
660,496.9819641113281,159.83741760253906,21.170562744140625,51.0257568359375,6.657639914919855e-06
660,485.9021301269531,169.48703002929688,24.3883056640625,57.3907470703125,3.963035123888403e-05
660,627.564208984375,175.5147705078125,12.935791015625,56.68768310546875,1.2974273886356968e-05
660,486.740966796875,189.48214721679688,23.5970458984375,53.5098876953125,1.2160508958913852e-05
660,481.3497619628906,196.3524932861328,24.34088134765625,57.615478515625,2.5386566449014936e-06
660,623.5952758789062,278.384765625,16.90472412109375,76.07293701171875,5.594380127149634e-06
720,627.4356689453125,241.56982421875,13.0643310546875,52.4815673828125,6.576965461135842e-06
750,596.627685546875,0.0,43.872314453125,122.6303482055664,6.767507784388727e-06
750,538.0527954101562,74.2979965209961,21.6419677734375,50.50639343261719,7.400367849186296e-06
750,544.026123046875,77.80980682373047,22.8653564453125,53.37561798095703,3.412684236536734e-06
750,627.7838745117188,241.43856811523438,12.71612548828125,51.19573974609375,9.56766598392278e-06
810,595.80029296875,0.0,44.69970703125,122.3411865234375,3.495774944894947e-05
810,576.129150390625,0.0,64.370849609375,170.60435485839844,3.465219606368919e-06
1200,73.18659210205078,165.01307678222656,21.805206298828125,50.659515380859375,0.0002611260861158371
1200,521.4210815429688,177.7556610107422,21.427978515625,50.777984619140625,7.795975398039445e-05
1200,65.34506225585938,170.62295532226562,25.197265625,59.90472412109375,3.856528928736225e-05
1200,77.22132873535156,169.95249938964844,24.354217529296875,58.697540283203125,1.0838056368811522e-05
1200,526.6259765625,184.5108642578125,21.90234375,50.749664306640625,1.654628067626618e-05
1230,532.5722045898438,148.39212036132812,30.9842529296875,75.30752563476562,9.881950063572731e-06
1230,530.2950439453125,163.3991241455078,21.0543212890625,50.7283935546875,9.08126967260614e-05
1230,542.259033203125,162.0862274169922,21.9407958984375,52.016510009765625,6.327003211481497e-05
1230,0.0,162.8201904296875,14.310125350952148,55.373504638671875,7.707449185545556e-06
1230,473.8320617675781,166.7354278564453,21.77655029296875,51.276336669921875,2.9232483939267695e-05
1230,480.4256896972656,170.52865600585938,21.22625732421875,50.6474609375,1.6672876199663733e-06
1230,537.2084350585938,172.613037109375,21.664794921875,51.09716796875,0.021495003253221512
1230,0.0,149.37123107910156,21.861652374267578,100.26800537109375,2.0079678506590426e-06
1230,79.94972229003906,176.734375,21.989273071289062,52.212799072265625,2.8687876692856662e-05
1230,71.1495590209961,177.6745147705078,27.431289672851562,63.634429931640625,1.2735931704810355e-05
1230,542.864501953125,178.15087890625,21.9384765625,52.789520263671875,9.755090286489576e-05
1230,62.537925720214844,186.94358825683594,26.917953491210938,61.8831787109375,2.107068576151505e-05
1230,78.58433532714844,188.90325927734375,26.130722045898438,62.4493408203125,4.504502430791035e-05
1230,71.4568099975586,180.46224975585938,37.56050109863281,88.54104614257812,6.507596594929055e-07
1230,85.93234252929688,195.45718383789062,25.564041137695312,60.23529052734375,3.092487531830557e-05
1230,96.49114990234375,197.59364318847656,21.485565185546875,51.634185791015625,3.134997086817748e-06
1230,71.00056457519531,201.47952270507812,24.940109252929688,58.875396728515625,3.6059050216863398e-06
1260,135.4414825439453,153.19293212890625,22.311859130859375,52.429656982421875,0.0019633204210549593
1260,555.5272827148438,167.5377960205078,21.335205078125,50.801513671875,3.6754361644852906e-05
1260,129.31082153320312,159.9539031982422,26.02789306640625,61.057769775390625,1.2850738130509853e-05
1260,128.15855407714844,146.71783447265625,36.877044677734375,88.41726684570312,5.170702934265137e-06
1260,70.37609100341797,190.13343811035156,25.038543701171875,57.99700927734375,4.611472377291648e-06
1260,80.1455078125,190.82852172851562,21.212051391601562,50.608123779296875,4.3886816456506494e-06
1260,48.579986572265625,201.01510620117188,21.320327758789062,50.864410400390625,7.973469564603874e-07
1260,62.128807067871094,194.97962951660156,26.01068115234375,60.886749267578125,6.474283054558327e-06
1260,39.917640686035156,206.84454345703125,24.03205108642578,55.96527099609375,1.8660660998648382e-06
1260,56.47822952270508,205.3762664794922,21.545604705810547,51.69136047363281,2.2496190013043815e-06
1290,627.8283081054688,139.0379638671875,12.67169189453125,50.990875244140625,5.804243755846983e-06
1290,568.6906127929688,155.7421875,20.7008056640625,50.6829833984375,1.2184795195935294e-05
1290,577.86279296875,154.1397705078125,20.439208984375,51.46282958984375,3.3951793739106506e-05
1290,585.5042724609375,153.656982421875,20.9356689453125,52.02655029296875,1.2693275493802503e-05
1290,593.5696411132812,154.47528076171875,20.6512451171875,51.09869384765625,7.548766461695777e-06
1290,559.84619140625,159.19442749023438,23.67041015625,55.72198486328125,9.799169674806762e-06
1290,138.8150177001953,169.74026489257812,21.34222412109375,50.8951416015625,3.1187252602649096e-07
1290,626.9401245117188,169.0735626220703,13.55987548828125,53.46685791015625,7.0647429311065935e-06
1290,627.621337890625,186.74099731445312,12.878662109375,51.63934326171875,1.7792225435186992e-06
1290,32.046566009521484,194.33096313476562,21.608505249023438,51.841461181640625,3.0172419428708963e-05
1290,38.19378662109375,191.72528076171875,24.429977416992188,56.82427978515625,2.8456161089707166e-05
1290,48.8310661315918,198.9750518798828,21.805789947509766,52.0799560546875,1.8518956039770273e-06
1290,56.92833709716797,198.74188232421875,21.377410888671875,51.64013671875,1.7997596160057583e-06
1290,15.110013008117676,208.5439910888672,24.94892120361328,58.09861755371094,1.5512223399127834e-06
1290,22.201114654541016,203.30084228515625,26.420120239257812,59.4925537109375,9.054489783011377e-05
1290,0.0,213.8780975341797,15.039639472961426,57.61845397949219,5.480444997374434e-06
1320,605.7257690429688,141.5491943359375,25.8402099609375,61.093353271484375,9.838159712671768e-06
1320,586.3007202148438,152.49526977539062,25.332275390625,58.6982421875,5.5783544667065144e-05
1320,592.9512329101562,141.43507385253906,34.744384765625,81.26492309570312,0.0004668952606152743
1320,600.37353515625,160.27146911621094,22.336181640625,51.8597412109375,0.0065131220035254955
1320,614.8301391601562,153.75022888183594,21.7052001953125,52.5791015625,8.496084774378687e-06
1320,627.4411010742188,154.13876342773438,13.05889892578125,51.732513427734375,3.0098674415057758e-06
1320,593.8016357421875,164.11154174804688,21.2344970703125,50.8560791015625,0.14389178156852722
1320,531.2413940429688,109.18194580078125,109.25860595703125,275.70013427734375,7.446199560945388e-06
1320,606.7608032226562,165.31419372558594,20.9166259765625,50.858489990234375,0.00392117677256465
1320,590.3522338867188,164.72662353515625,29.9920654296875,71.0384521484375,4.2549236241029575e-05
1320,0.0,202.8434295654297,14.200480461120605,50.699859619140625,7.411428214254556e-06
1320,1.418416976928711,207.47218322753906,21.771547317504883,51.13865661621094,1.1559344784473069e-05
1320,7.408787727355957,207.60830688476562,23.875831604003906,57.814544677734375,2.8417121029633563e-06
1320,14.774290084838867,215.07489013671875,23.41074562072754,56.57452392578125,1.439975676476024e-06
1350,0.0,179.07167053222656,16.52588653564453,55.095550537109375,3.818595359916799e-06
1350,8.079039573669434,185.83224487304688,21.055679321289062,51.193359375,2.0797642719116993e-06
1350,310.37310791015625,169.24826049804688,28.66961669921875,70.29971313476562,6.804285476391669e-06
1350,319.50091552734375,176.42779541015625,22.669921875,55.108306884765625,1.8764842025120743e-05
1350,0.0,103.02328491210938,59.010009765625,313.12042236328125,5.71688542549964e-06
1350,0.9705038070678711,196.37123107910156,21.298633575439453,50.86981201171875,8.51694949233206e-06
1380,450.7672119140625,159.37429809570312,21.80426025390625,50.7777099609375,5.713940117857419e-05
1380,482.9922180175781,164.59933471679688,21.46142578125,51.790313720703125,2.1733055746153696e-06
1380,494.35052490234375,166.55950927734375,21.5225830078125,52.6641845703125,6.95470444043167e-05
1380,0.0,173.31260681152344,15.344958305358887,57.36279296875,1.5212596053970628e-06
1380,488.6962890625,173.97991943359375,22.07525634765625,52.325225830078125,0.0003080169262830168
1380,486.5838623046875,185.91001892089844,25.7679443359375,60.05767822265625,1.5402050848933868e-05
1410,627.0523071289062,124.03849792480469,13.44769287109375,51.607940673828125,5.972041890345281e-06
1410,416.6612243652344,136.11492919921875,25.48468017578125,59.170074462890625,4.079070276929997e-05
1410,505.1515197753906,145.52023315429688,23.964874267578125,56.78448486328125,0.004122417885810137
1410,519.484619140625,147.04327392578125,23.083984375,54.289703369140625,0.000546582683455199
1410,607.0003051757812,133.65782165527344,30.68212890625,71.492919921875,2.9818518669344485e-05
1410,624.6701049804688,136.4792938232422,15.82989501953125,62.420501708984375,6.037666025804356e-05
1410,592.2469482421875,69.67305755615234,48.2530517578125,235.03793334960938,8.930833246267866e-06
1410,429.1673889160156,141.879638671875,25.33172607421875,59.25311279296875,4.243883267918136e-06
1410,504.90594482421875,138.600341796875,34.9954833984375,80.8446044921875,6.211242634890368e-06
1410,543.310791015625,150.56332397460938,21.8812255859375,53.094482421875,3.069573494940414e-06
1410,602.1823120117188,146.00735473632812,24.0086669921875,56.442535400390625,1.798218181647826e-05
1410,610.327880859375,147.670654296875,21.2001953125,51.503570556640625,4.284231545170769e-05
1410,613.6395874023438,109.3057861328125,26.86041259765625,122.51614379882812,6.963850410102168e-06
1410,421.9140625,147.690673828125,24.456787109375,58.490875244140625,0.00021602559718303382
1410,512.5457763671875,152.74530029296875,22.56103515625,53.4066162109375,0.009378761984407902
1410,527.6653442382812,152.28094482421875,23.0316162109375,55.216461181640625,8.302212518174201e-05
1410,535.8246459960938,154.26463317871094,22.6171875,54.00396728515625,1.3848195521859452e-05
1410,618.7300415039062,154.94287109375,21.66162109375,51.006591796875,0.00029651320073753595
1410,499.59381103515625,155.77586364746094,21.17572021484375,51.89239501953125,0.0020622441079467535
1410,626.9674682617188,161.1661834716797,13.53253173828125,50.563262939453125,0.003977712709456682
1410,417.3811340332031,157.94552612304688,22.43524169921875,54.09393310546875,4.0109880501404405e-06
1410,0.0,177.0991668701172,17.077404022216797,56.6331787109375,3.167687464156188e-05
1410,0.0,154.44869995117188,22.9913330078125,92.83712768554688,5.055675956100458e-06
1410,623.5421752929688,164.60067749023438,16.95782470703125,71.9212646484375,2.1981122699799016e-05
1410,600.7097778320312,359.94140625,39.79022216796875,120.55859375,6.127760570961982e-06
1440,602.3110961914062,133.7448272705078,21.3800048828125,51.1456298828125,5.591051831288496e-06
1440,610.0983276367188,132.99737548828125,21.171875,51.29736328125,6.434445094782859e-05
1440,613.985595703125,130.69593811035156,26.514404296875,62.63397216796875,1.6317868357873522e-05
1440,626.507080078125,131.6017303466797,13.992919921875,53.5740966796875,1.866254569904413e-05
1440,398.08404541015625,145.7141571044922,24.72637939453125,59.198699951171875,1.3977080925542396e-05
1440,590.811279296875,78.45543670654297,49.688720703125,224.4339599609375,3.821906830125954e-06
1440,608.9992065429688,145.5896453857422,27.080810546875,62.774749755859375,0.0005095473607070744
1440,622.5469360351562,143.83689880371094,17.95306396484375,65.42398071289062,0.0002679011086001992
1440,611.6439208984375,109.31141662597656,28.8560791015625,129.59024047851562,8.808506208879407e-06
1440,394.22967529296875,159.51856994628906,22.1343994140625,52.392242431640625,0.004306832328438759
1440,407.2413024902344,154.39852905273438,21.031005859375,51.80072021484375,2.4661445422680117e-05
1440,482.47222900390625,155.49514770507812,23.82275390625,57.110321044921875,2.8289381589274853e-05
1440,497.6205139160156,156.73513793945312,21.428558349609375,50.6263427734375,0.003186230082064867
1440,512.7120971679688,155.54388427734375,22.984375,53.5294189453125,0.0005901449476368725
1440,519.5775146484375,157.6580352783203,23.17919921875,53.70458984375,0.0006866708863526583
1440,602.23193359375,152.43594360351562,21.7783203125,52.371826171875,3.854319402307738e-06
1440,240.7346954345703,159.4031524658203,21.814132690429688,51.510650634765625,1.1613875358307268e-05
1440,490.1920471191406,159.43887329101562,21.54669189453125,50.581695556640625,0.00021633642609231174
1440,504.1700744628906,157.63900756835938,21.677215576171875,51.73724365234375,0.0013698863331228495
1440,527.7484130859375,160.20729064941406,20.6650390625,50.543914794921875,7.228439062600955e-05
1440,616.26220703125,162.78683471679688,23.20166015625,53.91217041015625,0.07003311812877655
1440,387.92864990234375,166.15589904785156,21.05908203125,50.508819580078125,8.381621228181757e-06
1440,550.8729858398438,92.02796936035156,89.62701416015625,285.30230712890625,3.4433855944371317e-06
1440,399.59002685546875,167.9969024658203,22.0631103515625,52.512054443359375,1.2517705727077555e-05
1440,626.4126586914062,173.3891143798828,14.08734130859375,50.682769775390625,0.00022064379299990833
1440,0.0,185.66909790039062,14.856733322143555,51.264801025390625,5.852553294971585e-05
1440,622.4202270507812,175.8396759033203,18.07977294921875,77.36990356445312,5.6121057241398375e-06
1440,611.6874389648438,408.5939636230469,28.81256103515625,71.90603637695312,3.4526715353422333e-06
1440,601.6934204101562,362.68011474609375,38.80657958984375,117.81988525390625,4.369754151412053e-06
1470,592.7738647460938,145.51641845703125,21.660888671875,52.05755615234375,8.098129910649732e-06
1470,600.3630981445312,153.18296813964844,23.3857421875,55.75616455078125,0.00010067366383736953
1470,367.498779296875,155.8592987060547,21.2642822265625,51.112884521484375,4.001763591077179e-05
1470,504.072021484375,159.22451782226562,20.8572998046875,50.828125,1.9046510715270415e-05
1470,594.9612426757812,148.3515167236328,34.4078369140625,80.73355102539062,0.00010300934809492901
1470,363.5338439941406,151.184326171875,30.16583251953125,71.77362060546875,3.6140988868282875e-06
1470,465.0668640136719,161.7010955810547,21.88287353515625,52.602081298828125,1.3200748981034849e-05
1470,471.3471374511719,159.14056396484375,24.878173828125,58.4708251953125,2.9812921638949774e-05
1470,480.35888671875,160.19015502929688,22.09942626953125,52.43096923828125,1.8307100617676042e-05
1470,488.4957580566406,159.74107360839844,24.663299560546875,57.06524658203125,5.943853466305882e-06
1470,512.150146484375,160.96546936035156,20.951904296875,51.20428466796875,2.1164247300475836e-05
1470,586.3572387695312,160.32293701171875,22.1837158203125,53.077850341796875,3.89656524930615e-05
1470,593.2656860351562,160.3544464111328,25.7532958984375,59.35662841796875,0.006698809564113617
1470,457.51275634765625,168.58668518066406,23.9359130859375,56.05621337890625,3.533036579028703e-05
1470,497.2001037597656,165.2673797607422,21.785064697265625,52.465301513671875,5.604889793175971e-06
1470,602.9763793945312,170.6863555908203,22.02392578125,52.708404541015625,0.026646237820386887
1470,611.8577270507812,166.7614288330078,25.484130859375,58.487579345703125,0.00013092764129396528
1470,626.0927734375,168.83233642578125,14.4072265625,53.988037109375,2.427027175144758e-05
1470,0.0,174.6050262451172,14.857966423034668,55.713409423828125,1.4706482716064784e-06
1470,541.5279541015625,112.05781555175781,98.9720458984375,286.0152587890625,1.972234713321086e-06
1470,617.1696166992188,150.26100158691406,23.33038330078125,96.08029174804688,4.333202468842501e-06
1470,595.9052734375,99.86066436767578,44.5947265625,233.04971313476562,5.106584012537496e-06
1470,608.28076171875,183.00762939453125,21.1912841796875,51.76434326171875,3.412350270082243e-05
1470,603.8399047851562,172.0691680908203,30.86962890625,74.85504150390625,1.4296447261585854e-05
1470,627.4592895507812,192.043701171875,13.04071044921875,51.262664794921875,1.8301445379620418e-05
1470,609.912841796875,402.19268798828125,30.587158203125,78.30731201171875,4.4554981286637485e-06
1470,600.2462768554688,358.61358642578125,40.25372314453125,121.88641357421875,1.1243683729844633e-05
1500,611.425048828125,0.0,29.074951171875,61.258453369140625,4.115459432796342e-06
1500,594.7523803710938,0.0,45.74761962890625,126.3924560546875,2.4110272534016985e-06
1500,582.1264038085938,16.36324691772461,25.3018798828125,58.60025405883789,6.391039642039686e-05
1500,578.599609375,27.962772369384766,20.8370361328125,50.83626937866211,4.857366548094433e-06
1500,362.1374816894531,158.83663940429688,21.314208984375,51.76092529296875,0.00011713415005942807
1500,375.5909729003906,158.62985229492188,23.23480224609375,54.876312255859375,6.764228601241484e-05
1500,147.7246551513672,161.40902709960938,22.752227783203125,53.419525146484375,7.441904472216265e-06
1500,356.3834228515625,151.04794311523438,35.58984375,85.1702880859375,5.452829100249801e-06
1500,367.0981140136719,160.56040954589844,24.66046142578125,58.98681640625,0.0003751999174710363
1500,384.35546875,163.57412719726562,23.71649169921875,54.643035888671875,2.8306301828706637e-05
1500,392.41973876953125,163.04115295410156,23.27947998046875,54.8714599609375,5.408333890954964e-05
1500,400.3522644042969,165.26377868652344,20.93316650390625,51.049896240234375,1.417898602085188e-05
1500,407.9315490722656,163.9555206298828,21.230712890625,51.163055419921875,1.962130909305415e-06
1500,416.7902526855469,163.56973266601562,21.3916015625,50.72027587890625,1.4221208175513311e-06
1500,503.3194274902344,164.3883056640625,25.957794189453125,59.50909423828125,3.168996045133099e-05
1500,155.13479614257812,170.6853485107422,21.592987060546875,51.206268310546875,0.00014858378563076258
1500,255.5850372314453,167.8153533935547,21.631271362304688,51.66748046875,0.000360862904926762
1500,354.52484130859375,167.83738708496094,21.290283203125,51.195770263671875,4.035902293253457e-06
1500,497.91058349609375,170.37411499023438,21.13311767578125,51.128509521484375,1.5295807997972588e-06
1500,261.3417663574219,167.00108337402344,25.83526611328125,59.322479248046875,8.940231964515988e-06
1500,510.5962829589844,180.64901733398438,22.310028076171875,53.060882568359375,0.002615103730931878
1500,516.1646118164062,176.33242797851562,25.2774658203125,58.700897216796875,3.175089432261302e-06
1500,569.5252685546875,185.38575744628906,21.1595458984375,50.580047607421875,1.7024487533490174e-05
1500,576.2037963867188,184.8618621826172,23.689697265625,56.533233642578125,3.3446513043600135e-06
1500,361.3927001953125,178.08444213867188,21.04083251953125,52.074981689453125,2.6943332613882376e-06
1500,626.8392944335938,191.48965454101562,13.66070556640625,58.55126953125,8.65764741320163e-06
1500,570.1026000976562,197.6964111328125,23.5916748046875,55.1834716796875,3.1582887459080666e-05
1500,602.1221313476562,361.880859375,38.37786865234375,118.619140625,4.700645604316378e-06
1530,281.4591064453125,1.8103561401367188,36.90118408203125,88.9579849243164,4.85958616991411e-06
1530,295.5323486328125,14.613525390625,23.18035888671875,54.72522735595703,1.0605548595776781e-05
1530,297.6802978515625,14.655864715576172,33.11053466796875,75.21875,2.915939603553852e-06
1530,282.7265319824219,21.923433303833008,21.33685302734375,51.24934387207031,0.0001257191033801064
1530,287.7843933105469,20.22041893005371,25.8316650390625,61.95616912841797,5.218867590883747e-05
1530,628.0971069335938,153.9893341064453,12.40289306640625,50.731781005859375,6.651611329289153e-06
1530,55.6822509765625,70.40377807617188,89.54847717285156,229.837890625,8.601522495155223e-06
1530,97.30806732177734,166.45310974121094,35.181678771972656,83.45797729492188,5.339102699508658e-06
1530,76.89620971679688,121.1847915649414,57.731475830078125,137.298828125,2.6157071260968223e-05
1530,57.210601806640625,155.75448608398438,41.981964111328125,105.33636474609375,7.155965249694418e-06
1530,69.79763793945312,149.793212890625,43.73725891113281,108.18832397460938,0.00034819074789993465
1530,80.69770812988281,178.60287475585938,36.910888671875,85.08349609375,1.9858272935380228e-05
1530,279.1943359375,218.35447692871094,24.4764404296875,57.46992492675781,6.492164175142534e-06
1530,271.51641845703125,221.95973205566406,25.567138671875,59.18077087402344,6.655558081547497e-06
1530,627.0869750976562,249.20492553710938,13.41302490234375,52.83575439453125,3.5131290587742114e-06
1530,601.834716796875,361.5281066894531,38.665283203125,118.97189331054688,5.055728706793161e-06
1560,627.5814208984375,171.23558044433594,12.9185791015625,52.22308349609375,6.426296295103384e-06
1560,170.22125244140625,209.5214080810547,30.570587158203125,72.25361633300781,9.829926057136618e-06
1560,162.24273681640625,221.86795043945312,22.373199462890625,54.123504638671875,1.3187485819798894e-05
1560,171.21710205078125,228.4036407470703,21.6744384765625,51.36167907714844,7.736047700745985e-05
1590,42.04426956176758,161.02456665039062,22.89004135131836,53.413421630859375,4.054558758070925e-06
1590,243.78094482421875,176.58132934570312,22.223236083984375,51.976043701171875,0.000234992170589976
1590,249.15020751953125,183.9486541748047,21.4306640625,50.9569091796875,3.132390702376142e-05
1620,609.5786743164062,168.5631103515625,22.67578125,53.269622802734375,1.4466430911852513e-05
1620,627.6411743164062,170.52218627929688,12.85882568359375,51.34918212890625,1.0977028068737127e-05
1620,230.71478271484375,176.36932373046875,22.564178466796875,54.63482666015625,3.9756323531037197e-05
1620,238.30633544921875,179.23077392578125,23.058502197265625,54.427642822265625,7.654409273527563e-06
1620,616.7902221679688,174.07598876953125,23.70977783203125,55.133331298828125,3.903532160620671e-06
1650,104.16004943847656,152.3909912109375,21.621429443359375,51.450897216796875,5.781048002972966e-06
1650,93.20899200439453,155.9616241455078,21.720855712890625,51.010467529296875,5.32596095581539e-06
1650,584.3510131835938,150.01922607421875,21.2933349609375,50.829681396484375,9.932962711900473e-06
1650,576.390869140625,157.89712524414062,21.821044921875,50.7188720703125,1.81593386514578e-05
1650,627.8292236328125,153.41766357421875,12.6707763671875,50.814208984375,3.497280431474792e-06
1650,111.52269744873047,160.1827392578125,20.940513610839844,50.83013916015625,0.00010031469719251618
1650,82.80500030517578,166.84327697753906,21.0875244140625,51.074798583984375,3.7724341837019892e-06
1650,97.17194366455078,160.20550537109375,24.07427978515625,57.70697021484375,0.0047790491953492165
1650,88.14981842041016,165.43634033203125,26.855255126953125,63.19354248046875,2.8825323170167394e-05
1650,91.19182586669922,153.02857971191406,34.58796691894531,83.78497314453125,2.7837288143928163e-05
1650,105.4494400024414,159.31552124023438,31.38121795654297,77.19625854492188,6.234624834178248e-06
1650,610.308837890625,405.89044189453125,30.191162109375,74.60955810546875,3.0350392989930697e-06
1650,600.9724731445312,361.81292724609375,39.52752685546875,118.68707275390625,3.1534020763501758e-06
1710,433.13714599609375,158.0050048828125,21.6953125,51.3087158203125,1.6588024664088152e-05
1710,439.0614013671875,154.38059997558594,23.180419921875,53.68798828125,8.687232366355602e-06
1710,600.2850952148438,360.37359619140625,40.21490478515625,120.12640380859375,3.590788764995523e-06
1740,606.6541748046875,136.5388946533203,22.6209716796875,53.30133056640625,2.3749431420583278e-05
1740,601.294677734375,144.36358642578125,23.4066162109375,53.849853515625,0.00014102691784501076
1740,594.8917236328125,146.91580200195312,21.585205078125,52.291290283203125,2.5792737687879708e-06
1740,606.2151489257812,153.58831787109375,26.1588134765625,60.53009033203125,5.7050379837164655e-05
1770,627.8007202148438,130.88357543945312,12.69927978515625,51.411224365234375,1.5452690149686532e-06
1770,394.00189208984375,147.43345642089844,26.383056640625,60.89727783203125,7.853005627111997e-06
1770,426.2778625488281,157.6209716796875,21.54852294921875,51.087615966796875,7.070236733852653e-06
1770,440.13568115234375,157.59402465820312,22.2696533203125,52.3756103515625,2.9231787266326137e-05
1770,486.4344177246094,155.5613555908203,22.78387451171875,51.911895751953125,0.008471381850540638
1770,627.353515625,153.8280029296875,13.146484375,52.5753173828125,1.0566922355792485e-05
1770,388.84515380859375,154.9638671875,21.11328125,50.6419677734375,1.6922599570534658e-06
1770,432.5256652832031,159.2820281982422,22.33123779296875,53.332061767578125,2.185422636102885e-05
1770,448.8516540527344,157.66555786132812,21.1815185546875,52.23175048828125,9.446126227885543e-07
1770,466.801513671875,156.22003173828125,27.03668212890625,64.93991088867188,5.648715523420833e-05
1770,476.4460754394531,153.7780303955078,27.6551513671875,66.51849365234375,0.961582362651825
1770,492.15960693359375,157.99679565429688,25.3265380859375,60.537841796875,4.239508052705787e-05
1770,617.7384643554688,137.16416931152344,22.76153564453125,98.68673706054688,9.739604820424574e-07
1770,0.0,171.1951446533203,15.257671356201172,55.26531982421875,2.623729642436956e-06
1770,159.25074768066406,164.5203094482422,27.167266845703125,65.15695190429688,1.9741581127163954e-05
1770,552.5665893554688,166.3152618408203,20.92919921875,51.252410888671875,1.1948993687838083e-06
1770,560.9706420898438,169.19737243652344,20.509765625,50.51239013671875,2.869449781428557e-05
1770,625.7062377929688,166.1337432861328,14.79376220703125,60.709625244140625,1.8104352420778014e-05
1770,568.097900390625,176.42323303222656,23.589599609375,55.26995849609375,1.178406591861858e-06
1770,467.5433349609375,140.945068359375,43.899169921875,98.50048828125,1.5303705367841758e-05
1770,482.8455505371094,161.99618530273438,30.649627685546875,71.06243896484375,5.125637017044937e-06
1800,549.0101318359375,132.03140258789062,34.0616455078125,85.02093505859375,2.0913295884383842e-05
1800,555.2847900390625,139.70205688476562,20.1943359375,50.621124267578125,9.832548357735504e-07
1800,114.22321319580078,156.5199737548828,21.843711853027344,51.498443603515625,0.00022980011999607086
1800,126.21493530273438,154.46990966796875,21.82354736328125,51.69708251953125,8.47409464768134e-05
1800,408.6743469238281,144.02984619140625,21.41143798828125,50.96502685546875,1.720028194540646e-05
1800,465.7110290527344,152.7415313720703,21.76153564453125,51.617889404296875,6.769973879272584e-06
1800,560.6513061523438,146.58187866210938,21.5750732421875,50.9610595703125,3.8495330954901874e-05
1800,523.6219482421875,132.49951171875,102.51708984375,244.89694213867188,1.8829540522347088e-06
1800,79.39273071289062,160.46701049804688,27.07421875,64.75723266601562,6.033679255779134e-06
1800,192.02490234375,148.808349609375,21.7130126953125,51.88812255859375,7.171322977228556e-06
1800,472.9173583984375,154.51321411132812,22.2672119140625,52.0838623046875,0.0001412327983416617
1800,487.5287780761719,154.34927368164062,23.0169677734375,54.011260986328125,1.0086582733492833e-06
1800,525.4135131835938,144.9503173828125,30.7391357421875,71.71023559570312,4.37390281149419e-06
1800,562.9822387695312,147.5955810546875,29.0465087890625,69.06747436523438,1.318837917096971e-06
1800,1.6747350692749023,164.6422882080078,21.993549346923828,52.80230712890625,3.953853592975065e-06
1800,120.61717987060547,162.67306518554688,21.97901153564453,51.343017578125,0.028251247480511665
1800,113.772705078125,143.98431396484375,36.31524658203125,80.14877319335938,2.1742800981883192e-06
1800,131.64266967773438,158.56845092773438,23.613433837890625,55.5101318359375,1.3011119790462544e-06
1800,185.0587921142578,154.3815460205078,22.0240478515625,51.662017822265625,3.0299984246084932e-06
1800,479.8862609863281,158.25332641601562,22.98162841796875,53.8924560546875,0.00023931486066430807
1800,530.547607421875,138.78656005859375,41.160888671875,101.28646850585938,2.2894121229910525e-06
1800,543.3015747070312,133.89453125,48.431884765625,117.43185424804688,1.0
1800,559.46728515625,142.9240264892578,41.6151123046875,100.16458129882812,0.000236710169701837
1800,8.638875007629395,173.25192260742188,21.169757843017578,51.179840087890625,8.984096893982496e-06
1800,87.90892028808594,165.82025146484375,21.053192138671875,50.540191650390625,5.047851300332695e-05
1800,97.96025848388672,164.91709899902344,21.348602294921875,51.38909912109375,1.3765420590061694e-06
1800,108.01290130615234,163.483642578125,21.37334442138672,51.0760498046875,4.7491284931311384e-05
1800,554.6828002929688,155.6701202392578,31.8045654296875,73.96609497070312,1.033291937346803e-06
1800,0.0,175.04237365722656,14.761816024780273,53.440093994140625,5.518789294001181e-06
1800,573.2959594726562,149.75103759765625,37.3341064453125,91.22113037109375,1.2812375643989071e-05
1800,533.4841918945312,105.10022735595703,69.5919189453125,171.75350952148438,1.8909920981968753e-05
1800,600.2313842773438,359.41217041015625,40.26861572265625,121.08782958984375,5.8231062212144025e-06
1830,541.2994995117188,29.934463500976562,84.8428955078125,206.40615844726562,0.006646638736128807
1830,538.0888061523438,122.57786560058594,20.7420654296875,53.64373779296875,1.2405567758833058e-05
1830,534.3941040039062,102.24211120605469,35.6370849609375,86.47665405273438,1.1546067980816588e-05
1830,543.0252075195312,95.98530578613281,40.4742431640625,99.246826171875,3.220234430045821e-05
1830,539.8045654296875,67.40727996826172,61.3717041015625,147.631103515625,0.8308363556861877
1830,560.5415649414062,75.89710998535156,53.1016845703125,128.89639282226562,0.00018352785264141858
1830,627.1754760742188,130.7623291015625,13.32452392578125,50.551483154296875,8.324838745465968e-06
1830,626.0574340820312,142.47573852539062,14.44256591796875,61.303375244140625,3.892591848853044e-06
1830,590.64990234375,58.06932830810547,49.85009765625,237.74685668945312,8.104974767775275e-06
1830,626.9241333007812,169.02529907226562,13.57586669921875,51.69891357421875,1.01680288935313e-05
1830,521.87939453125,62.614990234375,94.862060546875,232.25112915039062,4.998176336812321e-06
1830,530.3236694335938,110.05068969726562,66.926025390625,160.654541015625,9.017219326779013e-07
