30,627.6311645507812,157.02565002441406,12.86883544921875,50.72186279296875,6.610910531890113e-06
30,627.3636474609375,177.720458984375,13.1363525390625,50.62225341796875,1.3793102880299557e-05
30,57.170780181884766,182.9771270751953,22.81917953491211,54.169097900390625,2.4993817078211578e-06
30,0.0,199.75180053710938,16.336524963378906,56.113311767578125,7.572631602670299e-06
30,610.1094360351562,407.981201171875,30.39056396484375,72.518798828125,5.411407073552255e-06
30,599.020751953125,367.5721130371094,41.479248046875,112.92788696289062,5.713245172955794e-06
60,625.9935913085938,48.844520568847656,14.50640869140625,57.59642028808594,2.578385874585365e-06
60,536.3867797851562,105.44098663330078,24.822265625,57.05339813232422,9.057304851012304e-06
60,525.25634765625,111.28672790527344,44.416015625,112.60272216796875,2.718799987633247e-05
60,627.4400024414062,150.5011444091797,13.05999755859375,57.674468994140625,4.112097485631239e-06
60,519.768310546875,165.3934783935547,23.7578125,55.2386474609375,7.1887361627887e-06
60,506.63189697265625,170.45179748535156,22.1563720703125,52.557891845703125,1.3742559303864255e-06
60,513.2750244140625,173.3253631591797,22.3194580078125,52.986663818359375,1.244083705387311e-05
60,602.2833862304688,363.780517578125,38.21661376953125,116.719482421875,5.3181397561274935e-06
90,0.0,0.0,66.76329803466797,325.3612060546875,1.728947609080933e-06
90,0.0,178.68141174316406,16.157121658325195,53.81915283203125,0.00029025934054516256
90,0.0,153.39736938476562,22.333179473876953,95.80819702148438,5.4354832172975875e-06
90,0.0,97.53540802001953,45.75189971923828,232.48880004882812,2.0527979813778074e-06
90,610.4241333007812,193.5436248779297,22.9930419921875,53.11712646484375,8.717083801457193e-06
90,616.2044677734375,198.5233917236328,23.9471435546875,54.85009765625,5.36193192601786e-06
90,627.3052978515625,201.4536590576172,13.1947021484375,50.6513671875,1.1991061001026537e-05
120,398.4422912597656,146.83212280273438,26.0052490234375,61.1708984375,2.3137710741139017e-05
120,0.0,159.9306640625,14.795675277709961,56.059722900390625,5.234293712419458e-05
120,0.0,138.4560546875,22.075185775756836,102.1617431640625,4.178167728241533e-06
120,120.25228118896484,167.06295776367188,22.668800354003906,55.2586669921875,1.6521429643034935e-05
120,127.64586639404297,168.61697387695312,22.78119659423828,54.166412353515625,1.5715326071585878e-06
150,626.759765625,147.26101684570312,13.740234375,51.467864990234375,3.433400479480042e-06
150,627.6600341796875,162.69000244140625,12.8399658203125,53.374786376953125,6.583322374353884e-06
150,623.2542114257812,167.02993774414062,17.24578857421875,76.49026489257812,3.041041964024771e-05
180,628.6578979492188,52.47944641113281,11.84210205078125,50.8551025390625,6.2238664213509765e-06
180,408.2353820800781,140.23414611816406,20.98089599609375,50.538848876953125,0.00018848071340471506
180,489.605712890625,152.36605834960938,22.883544921875,55.73199462890625,2.416598135823733e-06
180,0.0,171.40972900390625,13.218313217163086,50.70025634765625,1.4612926406698534e-06
180,16.36187171936035,172.10118103027344,22.150846481323242,54.029815673828125,8.146907930495217e-07
180,89.59966278076172,168.42344665527344,22.407058715820312,52.392913818359375,3.097270791840856e-06
180,97.51292419433594,166.10479736328125,21.95361328125,51.652496337890625,4.4614421312871855e-06
180,585.7047729492188,181.7615203857422,23.037353515625,53.839813232421875,4.888444163952954e-05
180,593.0115356445312,182.79782104492188,22.840576171875,54.15948486328125,8.413905743509531e-05
180,616.5972290039062,179.45799255371094,21.3560791015625,51.4271240234375,6.449489592341706e-05
180,626.975341796875,178.70396423339844,13.524658203125,51.227630615234375,2.1050338546046987e-05
180,600.9141235351562,187.1542205810547,20.91650390625,51.18402099609375,8.25579118099995e-05
180,608.671630859375,184.23565673828125,21.5338134765625,53.0296630859375,7.142969934648136e-06
180,622.9749755859375,180.8987274169922,17.5250244140625,76.19438171386719,9.316489013144746e-06
180,583.521484375,195.78895568847656,23.650390625,55.82745361328125,5.519702881429112e-07
180,589.545166015625,188.08663940429688,29.849853515625,71.86270141601562,6.537668468808988e-06
210,349.2072448730469,141.19419860839844,21.78582763671875,52.989898681640625,3.77786705030303e-06
210,358.0817565917969,138.1462860107422,21.62237548828125,51.37835693359375,0.0008129322668537498
210,365.27911376953125,134.376220703125,22.45361328125,53.584228515625,2.20411607187998e-06
210,2.6685256958007812,151.43304443359375,21.90890121459961,51.582763671875,2.9319312488951255e-06
210,480.1075134277344,154.9111785888672,21.26824951171875,50.79376220703125,6.460985787271056e-06
210,0.0,152.78456115722656,15.823217391967773,53.865203857421875,1.3262326774565736e-06
210,486.4883728027344,159.44700622558594,23.00335693359375,54.1929931640625,3.5295197449158877e-06
210,467.4788818359375,166.74142456054688,21.685791015625,51.83575439453125,5.971444625174627e-05
210,474.4026794433594,167.89889526367188,21.5721435546875,51.34332275390625,0.0003133689460810274
210,477.6108703613281,161.84881591796875,27.03594970703125,64.053466796875,2.848027861546143e-06
210,602.027099609375,364.24664306640625,38.472900390625,116.25335693359375,5.689755198545754e-06
240,278.27764892578125,121.52360534667969,25.87030029296875,61.943817138671875,1.0137944173038704e-06
240,273.2568664550781,137.2388458251953,22.45880126953125,52.67877197265625,0.025677530094981194
240,265.6941833496094,123.42985534667969,36.5777587890625,81.12579345703125,1.037689253280405e-05
240,203.1708221435547,71.23942565917969,136.79542541503906,284.9932861328125,6.469394975283649e-06
240,175.3045196533203,152.31080627441406,21.56048583984375,50.64166259765625,2.5085826109716436e-06
240,279.7440185546875,142.23663330078125,21.1661376953125,51.09686279296875,5.9140388657397125e-06
240,420.3389892578125,157.4630584716797,30.847900390625,74.28683471679688,3.195262252120301e-06
240,437.017822265625,156.14035034179688,31.2799072265625,74.94873046875,4.023949713882757e-06
240,145.6725616455078,159.98345947265625,22.719085693359375,54.144378662109375,1.8566489643490058e-06
240,169.475341796875,158.25343322753906,21.613037109375,50.547882080078125,1.7923117411555722e-05
240,424.492919921875,176.6374053955078,21.6243896484375,51.379852294921875,0.0048207915388047695
240,431.9038391113281,173.3818359375,24.31842041015625,56.88299560546875,0.0005504103610292077
240,446.673828125,171.33889770507812,21.71588134765625,52.399505615234375,4.311108568799682e-05
240,454.98382568359375,169.74452209472656,20.5518798828125,50.614959716796875,2.8843298878200585e-06
240,411.24658203125,177.53683471679688,23.18084716796875,55.046295166015625,1.953903483808972e-05
240,439.7410583496094,175.75279235839844,22.11572265625,51.3582763671875,0.00044662010623142123
240,418.7957458496094,186.18927001953125,21.97076416015625,51.5618896484375,0.00263440003618598
270,273.57464599609375,125.5897216796875,23.41278076171875,53.05517578125,1.2493745998654049e-05
270,0.0,129.18263244628906,15.774340629577637,55.236419677734375,9.878794116957579e-06
270,280.9205627441406,130.26385498046875,22.69024658203125,53.501251220703125,9.645188583817799e-06
270,288.0744323730469,132.27645874023438,23.14947509765625,54.198486328125,3.4729548588074977e-06
270,56.180484771728516,168.8605499267578,21.41440200805664,50.888885498046875,2.8601320991583634e-06
270,504.14178466796875,114.22383117675781,52.011962890625,126.19937133789062,6.554299488925608e-06
270,500.538330078125,146.57119750976562,41.424560546875,101.07608032226562,4.663395884563215e-05
270,504.0899353027344,182.81387329101562,23.509979248046875,56.564178466796875,1.6114358004415408e-05
270,509.45233154296875,173.85604858398438,28.7890625,66.3194580078125,7.581187219329877e-06
270,611.0972900390625,407.3960876464844,29.4027099609375,73.10391235351562,2.3864945433160756e-06
270,601.7439575195312,361.63812255859375,38.75604248046875,118.86187744140625,8.992282346298452e-06
300,359.78594970703125,120.41361999511719,21.44598388671875,50.773712158203125,0.0004061982617713511
300,366.6705322265625,117.45536804199219,21.25518798828125,52.91339111328125,1.4245329111872707e-06
300,344.5580749511719,129.81980895996094,23.22601318359375,55.05487060546875,6.113916128924757e-07
300,353.5130310058594,129.99710083007812,23.7921142578125,55.3226318359375,5.53175732420641e-06
300,0.0,175.4125518798828,15.78107738494873,56.486602783203125,9.119613423536066e-06
300,610.0663452148438,403.6585388183594,30.43365478515625,76.84146118164062,2.681570322238258e-06
300,600.5725708007812,360.4810485839844,39.92742919921875,120.01895141601562,8.522507414454594e-06
300,580.231201171875,321.8885192871094,60.268798828125,158.61148071289062,7.060526513669174e-06
330,5.9707841873168945,161.18142700195312,29.93463134765625,72.06961059570312,1.9066103050136007e-05
330,4.411120414733887,172.336181640625,22.31033706665039,52.961944580078125,2.1975316485622898e-05
330,11.674833297729492,177.613525390625,21.344133377075195,50.65234375,0.009168214164674282
330,0.0,116.82786560058594,81.40740966796875,291.477783203125,6.154859420348657e-06
330,20.715755462646484,176.0779266357422,21.590072631835938,52.57989501953125,7.923313205537852e-06
330,602.0445556640625,360.84393310546875,38.4554443359375,119.65606689453125,2.361671249673236e-06
360,466.1986083984375,121.14317321777344,22.4620361328125,53.2999267578125,1.851706656452734e-06
360,479.0580139160156,120.95931243896484,22.3724365234375,55.110511779785156,1.4803626072534826e-05
360,449.48260498046875,129.69482421875,22.5506591796875,52.837615966796875,1.303358658333309e-06
360,472.97003173828125,126.67415618896484,22.79095458984375,53.54145050048828,7.411881142616039e-06
360,414.5765075683594,135.70384216308594,28.32177734375,68.08236694335938,8.329805041284999e-07
360,521.4534912109375,136.7321014404297,21.44140625,51.080841064453125,4.16345892517711e-06
360,2.775691032409668,168.28321838378906,21.617305755615234,51.033660888671875,6.4542723521299195e-06
360,6.861761093139648,176.82864379882812,22.17169189453125,53.539031982421875,0.0013851473340764642
360,13.23025894165039,173.6359405517578,22.81792449951172,53.842803955078125,4.326504949858645e-06
360,0.0,174.7166290283203,16.03236198425293,55.921142578125,4.7808116505621e-06
360,601.7540283203125,363.34906005859375,38.7459716796875,117.15093994140625,3.79293874175346e-06
390,488.25469970703125,123.05994415283203,21.7381591796875,53.195396423339844,5.69335952604888e-06
390,542.7078247070312,128.17051696777344,25.4873046875,60.42376708984375,3.330135587020777e-05
390,424.9931640625,141.6938018798828,21.94525146484375,55.397552490234375,4.874067144555738e-06
390,457.3729553222656,131.04481506347656,22.52032470703125,53.3282470703125,9.549707101541571e-06
390,480.7964172363281,127.91797637939453,22.5838623046875,52.06102752685547,2.017174119828269e-05
390,530.0817260742188,132.39273071289062,23.7449951171875,57.633819580078125,5.0329075747868046e-05
390,528.4918823242188,119.92832946777344,36.1094970703125,85.69168090820312,0.00019448852981440723
390,552.363037109375,134.58914184570312,22.5518798828125,54.298797607421875,3.889152139890939e-06
390,535.4993896484375,137.06744384765625,25.63720703125,60.784088134765625,0.002376816002652049
390,0.0,175.24252319335938,14.624003410339355,53.67626953125,4.86261797050247e-06
390,602.1422119140625,362.46856689453125,38.3577880859375,118.03143310546875,5.195664471102646e-06
420,401.76800537109375,150.66665649414062,21.3050537109375,54.200653076171875,9.845966815191787e-07
420,513.36083984375,139.8572235107422,21.6114501953125,52.355010986328125,3.59435512109485e-06
420,519.1567993164062,134.52545166015625,30.7283935546875,73.39682006835938,5.356075052986853e-05
420,528.636962890625,146.12948608398438,21.9749755859375,51.492462158203125,4.427519888849929e-05
420,534.3208618164062,141.80914306640625,24.101318359375,57.47369384765625,4.019876087113516e-06
420,0.0,178.876708984375,14.996628761291504,55.494110107421875,3.4601602237671614e-05
420,7.295354843139648,177.1929168701172,23.645999908447266,56.2340087890625,1.3898373936171993e-06
420,0.0,139.13052368164062,30.24074935913086,134.5877685546875,2.86875365418382e-06
420,0.0,114.82968139648438,47.354164123535156,229.24859619140625,5.242161023488734e-06
420,0.0,190.12937927246094,23.049423217773438,54.86090087890625,4.6353488869499415e-06
420,601.9564208984375,362.2173767089844,38.5435791015625,118.28262329101562,4.062834250362357e-06
450,391.90789794921875,145.5902099609375,26.73101806640625,62.979827880859375,1.735445039230399e-05
450,391.83209228515625,132.78591918945312,37.36810302734375,91.45809936523438,2.244558163511101e-05
450,400.21484375,153.66795349121094,25.9193115234375,59.869873046875,1.1844675100292079e-05
450,599.7137451171875,359.93988037109375,40.7862548828125,120.56011962890625,5.1975675887661055e-06
510,608.44189453125,186.87423706054688,23.848876953125,56.638519287109375,4.653116047848016e-05
510,616.4857788085938,193.2217254638672,21.6522216796875,51.33392333984375,7.288074266398326e-05
510,626.9317016601562,193.7073516845703,13.56829833984375,50.901275634765625,1.709271782601718e-05
510,601.9048461914062,361.02734375,38.59515380859375,119.47265625,4.885645921604009e-06
540,602.93896484375,155.28103637695312,24.284423828125,56.29779052734375,0.00019434724526945502
540,613.1996459960938,151.96217346191406,25.9697265625,60.409088134765625,3.748017843463458e-05
540,625.4133911132812,146.42835998535156,15.08660888671875,60.81866455078125,8.957566024037078e-06
540,530.71533203125,166.944580078125,22.6419677734375,53.635955810546875,7.375004315690603e-06
540,297.1135559082031,166.30078125,22.3280029296875,51.4775390625,0.01263545174151659
540,309.8841552734375,172.0722198486328,23.56787109375,54.640380859375,2.8700178518192843e-06
540,543.5455932617188,170.94781494140625,21.4945068359375,52.14715576171875,1.739303797876346e-06
540,609.3280029296875,163.86463928222656,23.0972900390625,54.6944580078125,0.0013243877328932285
540,626.61083984375,168.03805541992188,13.88916015625,52.120147705078125,8.282609633170068e-05
540,272.65557861328125,168.71090698242188,24.15557861328125,58.28326416015625,0.959904134273529
540,287.4045104980469,167.38919067382812,25.569091796875,61.603973388671875,0.0005035846261307597
540,301.8991394042969,170.1661376953125,23.9793701171875,55.878814697265625,0.0007211729534901679
540,537.0153198242188,175.71884155273438,21.740478515625,51.36102294921875,1.6295600289595313e-05
540,256.4900817871094,177.22381591796875,25.6966552734375,61.242950439453125,6.052423486835323e-05
540,266.94696044921875,177.49893188476562,22.15093994140625,51.413787841796875,5.010638778912835e-05
540,280.5381164550781,176.9618682861328,22.94024658203125,51.192901611328125,5.046633305028081e-05
540,292.22369384765625,166.58447265625,30.99432373046875,74.7164306640625,0.001080682617612183
540,423.6612548828125,184.65048217773438,22.0262451171875,51.477020263671875,3.107757220277563e-05
540,616.87548828125,179.72251892089844,21.3687744140625,50.795074462890625,1.1682659533107653e-05
540,261.2384033203125,170.93544006347656,31.27838134765625,72.50784301757812,0.0001604373101145029
540,271.1871337890625,163.4873809814453,34.12322998046875,82.78829956054688,0.0021548920776695013
570,42.94624328613281,171.43612670898438,22.70185089111328,52.738372802734375,8.362746484635863e-06
570,320.0201110839844,159.125732421875,21.2138671875,50.90264892578125,5.990409135847585e-06
570,513.7609252929688,172.07513427734375,22.0166015625,51.816162109375,1.3509104519471293e-06
570,0.0,176.0752716064453,14.520566940307617,56.237579345703125,1.1007427929143887e-05
570,0.0,153.84844970703125,20.838422775268555,98.10733032226562,2.0399409095261944e-06
570,52.75258255004883,173.75802612304688,22.70827865600586,55.480010986328125,2.7697396944859065e-05
570,47.0899658203125,182.66375732421875,22.593406677246094,52.34130859375,7.904610538389534e-05
600,145.40402221679688,160.48147583007812,22.755859375,52.524017333984375,2.186202436860185e-05
600,148.62454223632812,156.4028778076172,27.90728759765625,67.060546875,1.3190957588449237e-06
600,447.9793701171875,173.52635192871094,22.68524169921875,53.43963623046875,0.005257754120975733
600,455.5401611328125,169.41404724121094,21.55328369140625,50.507843017578125,1.3825842870573979e-05
600,461.57452392578125,168.21926879882812,24.466064453125,57.04718017578125,2.6113827971130377e-06
600,442.0904846191406,178.71847534179688,22.95465087890625,55.8734130859375,0.003493762807920575
630,104.89934539794922,148.35179138183594,21.657363891601562,51.85223388671875,1.1555453966138884e-05
630,109.45568084716797,153.92881774902344,25.76117706298828,60.014312744140625,0.00020534064969979227
630,116.9693374633789,151.39779663085938,25.68413543701172,57.82049560546875,1.2439295460353605e-05
630,177.65869140625,160.43807983398438,21.5389404296875,50.5068359375,9.69340248957451e-07
630,79.8072509765625,171.46527099609375,23.101531982421875,53.18292236328125,2.1280327473505167e-06
630,73.79500579833984,178.44696044921875,22.619125366210938,52.668548583984375,2.094465344271157e-06
630,103.5985336303711,160.7449493408203,24.958709716796875,61.04827880859375,3.211972216377035e-05
630,601.5723266601562,363.48095703125,38.92767333984375,117.01904296875,4.722144694824237e-06
660,0.0,142.0482940673828,12.740089416503906,51.021240234375,6.690840564260725e-06
660,8.645944595336914,150.04461669921875,21.265838623046875,51.076751708984375,8.005226845853031e-05
660,4.1154069900512695,141.71922302246094,30.60250473022461,72.61447143554688,1.1525704394443892e-05
660,13.492741584777832,145.06224060058594,26.64842987060547,60.4857177734375,5.279518518364057e-06
660,17.953655242919922,140.2042236328125,33.32891845703125,77.72470092773438,2.400674929958768e-06
660,53.14158248901367,143.9874725341797,26.510013580322266,60.88323974609375,3.486326750135049e-05
660,61.651424407958984,144.40867614746094,26.138065338134766,58.34930419921875,4.727146006189287e-06
660,0.0,152.60137939453125,15.445062637329102,57.440093994140625,1.442170196241932e-05
660,28.294788360595703,142.68905639648438,33.65240478515625,78.2071533203125,9.28779900277732e-06
660,39.86201477050781,152.75811767578125,24.487945556640625,58.259674072265625,1.8423324945615605e-05
660,41.869544982910156,140.9640350341797,32.62348937988281,77.40731811523438,0.00018872367218136787
660,457.0135192871094,161.46078491210938,22.5037841796875,52.174957275390625,3.067732905037701e-06
660,464.52679443359375,162.06922912597656,22.43389892578125,52.910003662109375,8.055402759055141e-06
660,472.3533935546875,169.83160400390625,22.47381591796875,53.452667236328125,3.5146972550137434e-06
690,627.6405639648438,123.92292785644531,12.85943603515625,50.57159423828125,6.924889476067619e-06
690,7.669157981872559,148.83274841308594,23.051677703857422,54.349029541015625,1.2443118748706183e-06
690,385.5302429199219,159.96096801757812,20.99725341796875,50.581634521484375,1.442331267753616e-05
720,596.724365234375,0.0,43.775634765625,125.206787109375,1.4590729051633389e-06
720,625.7094116210938,33.682945251464844,14.79058837890625,58.723663330078125,6.60982695990242e-05
720,505.53741455078125,69.16661071777344,24.7822265625,58.06341552734375,0.0003043604374397546
720,508.275146484375,67.26571655273438,32.6055908203125,78.6343994140625,2.840326851583086e-05
720,82.8643569946289,161.8050079345703,21.433853149414062,51.011199951171875,6.586192284885328e-06
720,416.6990051269531,170.68038940429688,21.51910400390625,50.753448486328125,2.5012391233758535e-06
720,601.3101806640625,362.275634765625,39.1898193359375,118.224365234375,9.545291504764464e-06
750,482.6951599121094,41.43084716796875,22.392822265625,53.36363220214844,0.00016767463239375502
750,488.9745178222656,36.660919189453125,21.9049072265625,50.9063720703125,8.712946873856708e-05
750,623.8356323242188,43.800758361816406,16.66436767578125,62.14500427246094,0.00016829257947392762
750,477.78057861328125,36.22427749633789,31.71405029296875,76.50651550292969,5.564773891819641e-05
750,612.4679565429688,36.17087173461914,28.03204345703125,92.59326171875,2.6700241505750455e-05
750,0.0,142.6645050048828,13.061009407043457,50.67572021484375,2.258456106574158e-06
750,7.761187553405762,148.59872436523438,24.394290924072266,57.728179931640625,2.2500826162286103e-06
750,22.10253143310547,154.92665100097656,28.09162139892578,64.3935546875,5.520207196241245e-05
750,0.37698841094970703,155.03793334960938,23.36136245727539,54.647796630859375,4.595947757479735e-06
750,18.747011184692383,156.67697143554688,21.3068904876709,51.5496826171875,6.423483682738151e-06
750,32.2376708984375,160.00379943847656,21.23137664794922,51.278076171875,0.0015700944932177663
750,0.0,160.23095703125,13.969727516174316,51.83258056640625,1.5591702322126366e-05
750,457.2829284667969,161.86087036132812,21.73046875,51.2086181640625,6.519469025079161e-06
750,463.80108642578125,160.63189697265625,22.36236572265625,54.14886474609375,6.237235538719688e-06
750,626.0291748046875,168.62353515625,14.4708251953125,55.829437255859375,1.4973625184211414e-05
750,601.6138916015625,363.033935546875,38.8861083984375,117.466064453125,5.166158189240377e-06
780,558.93212890625,126.43303680419922,24.6663818359375,58.68164825439453,6.373474025167525e-05
780,593.0782470703125,129.20309448242188,21.5013427734375,51.8614501953125,1.7865160771179944e-05
780,498.5077819824219,143.55807495117188,21.972259521484375,51.282012939453125,3.497776197036728e-05
780,509.4793701171875,142.38246154785156,24.5045166015625,57.63714599609375,0.0001871217682491988
780,551.2754516601562,131.54953002929688,24.1072998046875,56.446075439453125,0.0002558139094617218
780,505.2002868652344,151.3402099609375,21.247833251953125,50.59454345703125,0.9886974096298218
780,548.7515258789062,135.80264282226562,31.373291015625,78.05007934570312,1.168277549368213e-06
780,586.891845703125,139.39663696289062,32.7108154296875,79.93124389648438,4.085275577381253e-06
780,592.5565185546875,157.73886108398438,21.6104736328125,52.66021728515625,1.8138579207516159e-06
780,627.35302734375,177.1411590576172,13.14697265625,51.592620849609375,4.806471679330571e-06
780,600.8851318359375,360.93609619140625,39.6148681640625,119.56390380859375,4.830269517697161e-06
810,586.9223022460938,146.2821807861328,21.4844970703125,51.304168701171875,1.5199531844700687e-05
810,573.0178833007812,132.3571014404297,45.0377197265625,105.95016479492188,3.4405954920657678e-06
810,594.0125732421875,145.36117553710938,21.961181640625,52.70050048828125,0.0001967564458027482
810,626.9126586914062,141.59259033203125,13.58734130859375,53.7635498046875,1.6147987480508164e-05
810,571.8857421875,151.19114685058594,23.2685546875,55.442596435546875,1.5681382137699984e-05
810,576.8912963867188,149.7551727294922,28.6986083984375,68.40396118164062,0.7928243279457092
810,587.0813598632812,146.1018524169922,31.465576171875,75.8824462890625,0.9999903440475464
810,600.0994262695312,146.95281982421875,31.5430908203125,75.66091918945312,0.0009143540519289672
810,528.3741455078125,115.21623229980469,112.1258544921875,273.3018798828125,6.073183612897992e-06
810,614.6207885742188,148.47372436523438,25.87921142578125,75.0606689453125,0.00014468554581981152
810,624.4288940429688,156.04583740234375,16.07110595703125,60.75927734375,0.00023328974202740937
810,586.197021484375,164.63714599609375,22.1922607421875,53.392913818359375,0.0001418322790414095
810,600.3035888671875,167.93478393554688,22.23291015625,51.375946044921875,5.0885315431514755e-05
810,599.8540649414062,360.08685302734375,40.64593505859375,120.41314697265625,4.76632976642577e-06
840,540.2042236328125,150.32591247558594,21.134033203125,50.559173583984375,1.9779910871875472e-05
840,627.3067626953125,146.5172882080078,13.1932373046875,50.50445556640625,1.009801599138882e-05
840,0.0,152.169677734375,15.32390308380127,55.829925537109375,5.291837624099571e-06
840,64.65076446533203,155.685546875,21.960464477539062,51.780609130859375,1.3376608876569662e-05
840,545.5845336914062,153.0968017578125,22.816650390625,53.580718994140625,0.0003390026977285743
840,548.5180053710938,158.15786743164062,26.662353515625,62.2943115234375,3.3504297789477278e-06
840,600.2493286132812,361.1390380859375,40.25067138671875,119.3609619140625,4.830789748666575e-06
870,0.8396730422973633,148.70632934570312,24.5216064453125,57.472442626953125,2.9391455882432638e-06
870,0.0,159.20130920410156,16.16305160522461,55.30511474609375,1.5630232155672275e-05
870,7.949383735656738,161.24301147460938,22.012527465820312,52.1063232421875,6.3645916270616e-06
870,2.2250242233276367,167.62429809570312,21.63397216796875,51.23883056640625,3.5586508602136746e-05
870,627.4786376953125,184.04525756835938,13.0213623046875,51.825531005859375,6.628990831814008e-06
870,616.2457885742188,190.12066650390625,22.0831298828125,51.001861572265625,1.6336711269104853e-05
870,599.8986206054688,360.475341796875,40.60137939453125,120.024658203125,5.146292551216902e-06
900,417.75537109375,143.1011199951172,22.421875,54.6798095703125,8.256631645053858e-07
900,560.553466796875,146.10118103027344,21.433349609375,51.118011474609375,7.829903188394383e-05
930,183.745849609375,138.5972137451172,28.25384521484375,68.87503051757812,6.3589495766791515e-06
930,622.4091186523438,145.79563903808594,18.09088134765625,75.9681396484375,8.542499017494265e-06
930,627.47265625,168.5305633544922,13.02734375,51.18682861328125,2.2293734218692407e-05
930,601.6091918945312,362.6500244140625,38.89080810546875,117.8499755859375,5.073076863482129e-06
960,98.39319610595703,154.77188110351562,20.796005249023438,50.79144287109375,4.753410848934436e-06
960,8.441747665405273,159.67922973632812,21.338489532470703,51.869049072265625,3.08171388496703e-06
960,456.24395751953125,154.76170349121094,21.37225341796875,50.978546142578125,0.00033294022432528436
990,88.5226821899414,153.79483032226562,20.9241943359375,50.79791259765625,0.026386315003037453
990,12.351875305175781,72.59877014160156,151.02822875976562,298.70147705078125,1.219852583744796e-05
990,0.0,161.0771484375,13.67015552520752,53.201904296875,2.730357118707616e-05
990,39.30234909057617,164.0691375732422,21.024925231933594,50.57733154296875,0.001712470198981464
990,45.2804069519043,158.82266235351562,21.92001724243164,54.0198974609375,6.4245004978147335e-06
990,627.5534057617188,160.98211669921875,12.94659423828125,56.44189453125,6.144391136331251e-06
990,29.13321304321289,165.72964477539062,20.627662658691406,51.741546630859375,8.891368452168535e-06
990,601.6260375976562,363.1558837890625,38.87396240234375,117.3441162109375,5.388495537772542e-06
1020,29.995620727539062,147.75067138671875,21.608680725097656,52.283447265625,9.430353202333208e-06
1020,13.040753364562988,145.8923797607422,21.986862182617188,53.92645263671875,2.647085466378485e-06
1020,12.802038192749023,135.0680389404297,34.859336853027344,77.75274658203125,2.4767145987425465e-06
1020,0.0,100.6314697265625,86.98670959472656,280.6007385253906,1.1480520697659813e-05
1020,22.93303680419922,150.9158935546875,21.64366912841797,51.09039306640625,0.9999847412109375
1020,10.60635757446289,115.83184814453125,50.537803649902344,119.93701171875,4.548268861981342e-06
1020,57.12732696533203,146.2418212890625,27.175994873046875,64.615966796875,6.115569703979418e-05
1020,16.286231994628906,69.30118560791016,106.09654235839844,254.7259521484375,8.071236152318306e-06
1020,514.1021728515625,156.02725219726562,23.9586181640625,56.026458740234375,6.190001840877812e-06
1020,520.7238159179688,164.46627807617188,21.810302734375,51.514251708984375,1.2357922969385982e-05
1050,0.0,151.4873046875,13.994972229003906,56.206451416015625,2.3619602870894596e-05
1050,463.65850830078125,151.75587463378906,22.48236083984375,53.7249755859375,8.693133167980704e-06
1050,448.092041015625,156.3660430908203,24.54522705078125,56.482757568359375,3.21078987326473e-05
1050,456.6099548339844,155.56979370117188,21.69683837890625,51.625274658203125,0.0003220242215320468
1050,627.8206176757812,186.64779663085938,12.67938232421875,51.812774658203125,3.6874894249194767e-06
1050,601.2637329101562,361.99658203125,39.23626708984375,118.50341796875,5.9606845752568915e-06
1080,423.2225341796875,152.78704833984375,22.08642578125,51.59112548828125,2.6141311536775902e-05
1080,478.2204284667969,153.6111602783203,23.22320556640625,54.730743408203125,8.12240887171356e-06
1080,411.7084655761719,155.94866943359375,20.739501953125,50.768585205078125,4.991156856704038e-07
1080,416.43389892578125,155.5930938720703,24.06060791015625,57.358062744140625,4.130891102249734e-05
1080,471.7068786621094,157.35134887695312,22.8934326171875,54.822235107421875,1.7309510440099984e-05
1080,465.5306091308594,164.51766967773438,21.78277587890625,51.91607666015625,6.4893665694398805e-06
1080,601.5389404296875,362.82525634765625,38.9610595703125,117.67474365234375,4.132863068662118e-06
1110,592.1831665039062,147.31948852539062,23.0469970703125,53.73736572265625,7.465076578228036e-06
1110,617.8983154296875,172.25856018066406,20.802001953125,50.592315673828125,3.527511125867022e-06
1110,627.83837890625,172.34817504882812,12.66162109375,50.642303466796875,8.821353549137712e-05
1110,623.414794921875,160.45423889160156,17.085205078125,74.17434692382812,1.854829679359682e-05
1110,455.0513000488281,187.34014892578125,23.61761474609375,56.18731689453125,4.597218776325462e-06
1110,627.2738647460938,188.25704956054688,13.22613525390625,56.7340087890625,1.645381962589454e-05
1110,600.9392700195312,363.4929504394531,39.56072998046875,117.00704956054688,6.645555913564749e-06
1140,627.2911987304688,113.35840606689453,13.20880126953125,56.670143127441406,3.936722805519821e-06
1140,504.27471923828125,184.95407104492188,23.6385498046875,54.718017578125,1.5353374465121306e-06
1140,601.6170654296875,361.488037109375,38.8829345703125,119.011962890625,6.795634362788405e-06
1170,627.2926635742188,91.4817886352539,13.20733642578125,50.725608825683594,3.016419032064732e-05
1170,617.7860107421875,97.50752258300781,20.435791015625,50.69270324707031,9.704384865472093e-06
1170,585.5567016601562,105.85076904296875,22.6236572265625,53.195831298828125,7.261012342496542e-06
1170,481.3626403808594,117.44996643066406,38.413848876953125,93.8443603515625,3.5242424019088503e-06
1170,0.0,139.86376953125,16.230884552001953,53.29608154296875,2.1750372980022803e-05
1170,480.1910400390625,131.59715270996094,27.93292236328125,66.19912719726562,8.207210157706868e-06
1170,496.78271484375,131.36363220214844,32.680419921875,76.50833129882812,5.886124927201308e-05
1170,0.0,57.91477966308594,59.712913513183594,316.8875732421875,1.9114477254333906e-05
1170,488.0965881347656,138.56021118164062,27.388519287109375,66.21701049804688,0.00047574928612448275
1170,496.83819580078125,146.5532684326172,21.570556640625,50.805145263671875,4.327506394474767e-05
1170,1.3882017135620117,151.83348083496094,21.581886291503906,50.724029541015625,4.363597327028401e-05
1170,502.5973815917969,148.04281616210938,22.361663818359375,55.546722412109375,1.7975768059841357e-05
1170,0.0,158.526611328125,15.307310104370117,52.621856689453125,9.702905117592309e-06
1170,6.921808242797852,153.35562133789062,24.097431182861328,58.286773681640625,1.7397222109138966e-05
1170,483.0192565917969,153.35321044921875,21.33038330078125,53.4466552734375,9.021658115671016e-06
1170,0.0,136.2498321533203,23.74101448059082,102.021240234375,2.3938116555655142e-06
1170,490.57232666015625,161.30467224121094,21.0855712890625,51.684295654296875,1.8416985767544247e-05
1200,626.9896850585938,71.38479614257812,13.51031494140625,57.33570861816406,7.1988006311585195e-06
1200,498.32659912109375,48.507911682128906,59.4385986328125,143.47042846679688,1.4071409168536775e-05
1200,443.3177185058594,42.634857177734375,121.75247192382812,288.74786376953125,2.2990014258539304e-05
1200,468.5199279785156,31.542037963867188,86.89382934570312,213.66510009765625,3.39079815603327e-05
1200,463.7710266113281,63.05267333984375,63.800628662109375,147.6156005859375,0.0011097879614681005
1200,490.1815490722656,94.6932144165039,42.414337158203125,98.17949676513672,1.4022285540704615e-05
1200,484.782958984375,70.33164978027344,59.5443115234375,146.85775756835938,0.00836733914911747
1200,436.65557861328125,24.844482421875,91.22967529296875,230.85684204101562,4.193304903310491e-06
1200,502.9781188964844,109.52557373046875,39.661285400390625,93.45559692382812,1.3415955436357763e-05
1200,498.48919677734375,129.01190185546875,32.047607421875,78.36734008789062,0.00109803956001997
1200,515.2215576171875,131.28262329101562,29.255126953125,70.25811767578125,7.588927473989315e-06
1200,503.4898376464844,151.5336456298828,22.240386962890625,53.1651611328125,0.0019479850307106972
1200,510.0989990234375,142.69189453125,24.031982421875,57.92730712890625,4.066168185090646e-05
1200,491.3708801269531,156.3223876953125,20.8311767578125,50.94158935546875,4.099184479855467e-06
1200,627.4716796875,168.2308807373047,13.0283203125,50.699066162109375,2.3697803044342436e-05
1200,626.6644287109375,183.42413330078125,13.8355712890625,52.65789794921875,4.238054771121824e-06
1230,594.90087890625,0.0,45.59912109375,126.81182098388672,6.4361279328295495e-06
1230,569.978515625,161.89102172851562,21.19775390625,50.5086669921875,8.019806045922451e-07
1230,593.1179809570312,168.37057495117188,21.7861328125,52.839874267578125,6.8452113737293985e-06
1230,576.9087524414062,170.6071319580078,21.327392578125,52.21282958984375,2.531546215323033e-06
1230,585.7313842773438,169.82835388183594,21.43212890625,52.500244140625,4.164980055065826e-06
1230,626.990234375,167.70285034179688,13.509765625,56.927490234375,8.797566806606483e-06
1230,602.4694213867188,363.08892822265625,38.03057861328125,117.41107177734375,5.538170626095962e-06
1260,487.2320556640625,0.0,98.94921875,236.365478515625,2.0171094092802377e-06
1260,531.3941040039062,34.487762451171875,55.645263671875,135.44911193847656,1.081909317690588e-06
1260,505.1546325683594,26.14575958251953,67.34671020507812,165.91213989257812,9.190956689053564e-07
1260,432.46258544921875,0.0,136.58880615234375,269.0888977050781,0.00041037998744286597
1260,472.88262939453125,50.95960998535156,75.40521240234375,183.19821166992188,4.343194177636178e-06
1260,611.6193237304688,409.2760009765625,28.88067626953125,71.2239990234375,6.087025212764274e-06
1260,601.5855712890625,361.5111083984375,38.9144287109375,118.9888916015625,6.789033704990288e-06
1290,567.959228515625,131.5664520263672,22.126708984375,52.750946044921875,1.5952731473589665e-06
1290,627.9714965820312,129.3058624267578,12.52850341796875,50.755645751953125,1.1096912203356624e-05
1290,561.74658203125,137.58006286621094,22.8768310546875,54.061614990234375,2.900522122217808e-05
1290,575.7294921875,136.3942413330078,23.10986328125,54.784515380859375,8.927887392928824e-06
1290,601.7564086914062,363.818115234375,38.74359130859375,116.681884765625,8.885484930942766e-06
1320,417.15985107421875,151.84844970703125,21.06890869140625,50.54815673828125,7.403792096738471e-06
1320,8.658308982849121,169.928466796875,21.629722595214844,51.761749267578125,3.044112190764281e-06
1320,80.92189025878906,166.4319305419922,21.5616455078125,50.81549072265625,7.363552754213742e-07
1320,601.3275146484375,361.2259521484375,39.1724853515625,119.2740478515625,8.954449185694102e-06
1350,369.0255126953125,136.27366638183594,22.228759765625,54.45745849609375,1.950678779394366e-05
1350,360.6874084472656,140.27142333984375,23.0103759765625,54.290771484375,1.0676014426280744e-05
1380,359.98638916015625,135.69573974609375,22.07574462890625,52.69732666015625,0.0004989407025277615
1380,345.88751220703125,140.6946563720703,23.62237548828125,56.4688720703125,2.168703213101253e-05
1380,366.1867370605469,134.70423889160156,25.6455078125,61.606353759765625,3.3004162105498835e-05
1380,351.8755798339844,138.1501922607422,26.30963134765625,61.828582763671875,0.000247340154601261
1380,0.0,169.711181640625,15.266234397888184,54.8717041015625,5.939179573033471e-06
1380,600.5311279296875,361.23443603515625,39.9688720703125,119.26556396484375,3.388821141925291e-06
1410,0.0,144.70628356933594,16.78656768798828,55.8724365234375,3.119857865385711e-05
1410,0.0,117.76754760742188,22.86945152282715,98.16073608398438,1.851088768489717e-06
1410,202.51364135742188,143.68838500976562,21.053680419921875,50.816162109375,2.7015064461011207e-06
1410,210.62832641601562,143.89320373535156,21.380859375,50.59283447265625,7.305584404093679e-06
1410,216.222900390625,143.25836181640625,24.310028076171875,59.182373046875,8.386915396840777e-06
1410,234.40675354003906,144.6344451904297,21.035552978515625,50.701324462890625,0.00010343278700020164
1410,247.64559936523438,144.79603576660156,23.06365966796875,54.89263916015625,5.194713139644591e-06
1410,223.0839385986328,144.8663330078125,25.774505615234375,60.902740478515625,1.33029625430936e-05
1410,228.6130828857422,141.71231079101562,30.158828735351562,73.74649047851562,1.6044570656958967e-05
1410,239.48114013671875,145.86126708984375,24.39678955078125,58.005157470703125,1.0623770322126802e-05
1440,483.3277893066406,69.45494842529297,61.293853759765625,147.114990234375,2.3116625015973113e-05
1440,455.1799011230469,78.52716064453125,86.96389770507812,205.6507568359375,1.9438932213233784e-05
1440,483.341796875,117.90311431884766,43.4505615234375,107.91985321044922,3.929998638341203e-05
1440,462.3822937011719,107.60523986816406,57.730804443359375,144.10800170898438,1.0899605513259303e-05
1440,497.8587341308594,130.46563720703125,33.776885986328125,80.810791015625,0.0008036305080167949
1440,495.56390380859375,143.888916015625,24.88226318359375,58.75286865234375,1.5836401871638373e-05
1440,627.7527465820312,156.0056915283203,12.74725341796875,50.699462890625,5.196863639866933e-06
1440,610.7059326171875,407.8336486816406,29.7940673828125,72.66635131835938,2.925116859842092e-06
1440,600.8458251953125,362.473388671875,39.6541748046875,118.026611328125,5.087578301754547e-06
1470,588.9906005859375,0.0,51.5093994140625,201.30648803710938,1.1963579709117766e-05
1470,476.2940979003906,0.0,138.57150268554688,275.5127258300781,1.175489705929067e-05
1470,568.7000732421875,0.0,71.7999267578125,289.4841003417969,9.819807019084692e-06
1470,593.6798095703125,70.80011749267578,46.8201904296875,243.92745971679688,7.95723644841928e-06
1470,0.0,167.758544921875,14.367671966552734,55.51580810546875,3.2364714570576325e-05
1530,163.2501983642578,161.4156036376953,21.6123046875,51.43817138671875,2.65140497504035e-05
1530,169.48919677734375,168.0857696533203,21.714080810546875,51.736419677734375,0.0026882400270551443
1530,182.88909912109375,168.21389770507812,23.523040771484375,54.713287353515625,1.1453868864919059e-05
1530,161.77578735351562,174.14315795898438,25.50958251953125,61.300689697265625,3.6568887935573002e-06
1530,162.4324188232422,155.23516845703125,36.17962646484375,85.17849731445312,3.328766297272523e-06
1530,175.23324584960938,175.35621643066406,21.525238037109375,52.9417724609375,9.860794989435817e-07
1560,97.54966735839844,155.1962432861328,22.70770263671875,53.384521484375,1.673793485679198e-05
1560,102.76993560791016,157.3031005859375,25.118576049804688,58.833221435546875,0.002416582079604268
1560,98.500244140625,143.748291015625,34.67498779296875,86.35369873046875,2.6826728571904823e-05
1560,110.00273895263672,159.10299682617188,26.15412139892578,62.520660400390625,4.7904606617521495e-05
1560,117.78229522705078,164.03421020507812,25.81720733642578,60.76220703125,7.363050372077851e-06
1590,25.895219802856445,150.7477264404297,21.593801498413086,52.470184326171875,8.151127076416742e-06
1590,33.80418395996094,154.91946411132812,21.56977081298828,50.838836669921875,0.00035588329774327576
1590,40.05821228027344,152.38815307617188,24.00164031982422,57.123138427734375,0.000268663396127522
1590,111.90547943115234,166.975341796875,22.22014617919922,53.561676025390625,0.0016451486153528094
1590,627.7828369140625,163.3300018310547,12.7171630859375,51.53179931640625,4.231403636367759e-06
1590,103.62284851074219,153.59628295898438,37.72430419921875,84.58663940429688,4.470058229344431e-06
1590,40.921104431152344,87.82763671875,139.09036254882812,301.35009765625,1.6332285667886026e-05
1590,592.564697265625,171.25326538085938,20.7476806640625,50.89349365234375,1.1688899576256517e-05
1590,599.8641357421875,178.70095825195312,21.5992431640625,52.5870361328125,1.8954468714582617e-06
1590,623.564208984375,169.3810272216797,16.935791015625,75.68844604492188,8.24046310299309e-06
1590,627.357177734375,195.12103271484375,13.142822265625,52.197723388671875,6.180252967169508e-05
1590,627.8502197265625,210.33050537109375,12.6497802734375,57.63037109375,5.896850780118257e-06
1620,491.3608093261719,159.52047729492188,21.31317138671875,51.109039306640625,9.59380258791498e-07
1620,502.1697082519531,160.42274475097656,21.461761474609375,51.575286865234375,0.00017620583821553737
1620,30.21843910217285,169.25059509277344,22.186857223510742,52.92169189453125,0.002809750847518444
1620,0.0,106.10835266113281,103.48970031738281,283.01373291015625,1.193818843603367e-05
1620,37.48064422607422,168.92466735839844,22.84973907470703,54.418853759765625,0.9999946355819702
1620,32.48491287231445,152.92022705078125,34.932247161865234,81.72991943359375,3.4609790873219026e-06
1620,45.75275421142578,171.93927001953125,21.75757598876953,52.183349609375,0.0001422109198756516
1620,497.6728820800781,166.84405517578125,20.414398193359375,50.820220947265625,7.403375548165059e-06
1620,601.47119140625,361.99993896484375,39.02880859375,118.50006103515625,4.450673714018194e-06
1650,466.0878601074219,154.74282836914062,22.031982421875,52.135345458984375,4.939739483234007e-06
1650,600.1734619140625,360.7479553222656,40.3265380859375,119.75204467773438,4.199980139674153e-06
1680,8.388324737548828,168.83740234375,23.138172149658203,55.659423828125,3.6454534892982338e-06
1680,16.217185974121094,168.25607299804688,22.93640899658203,55.159027099609375,2.3339946437772596e-06
1710,592.7503662109375,110.66512298583984,23.1568603515625,54.943702697753906,2.6254540443915175e-06
1710,7.114043235778809,153.11167907714844,23.078990936279297,56.351043701171875,1.5024901358628995e-06
1710,48.6717414855957,155.19573974609375,21.88582992553711,52.788116455078125,7.105361873982474e-05
1710,2.9893875122070312,165.53146362304688,21.209138870239258,50.68402099609375,0.00019785189942922443
1710,0.0,167.36354064941406,16.22455406188965,53.576812744140625,5.277906893752515e-06
1770,627.617431640625,113.5930404663086,12.882568359375,51.77088165283203,9.71208828559611e-06
1830,40.0945930480957,146.68618774414062,22.977699279785156,55.521270751953125,2.70895475296129e-06
1830,627.5171508789062,145.69830322265625,12.98284912109375,52.047332763671875,4.429577984410571e-06
