30,381.8062438964844,163.326416015625,35.2841796875,84.12237548828125,0.9999995231628418
30,302.8804626464844,175.18736267089844,23.714111328125,56.704925537109375,0.9999426603317261
30,336.4771423339844,169.43917846679688,32.17926025390625,77.06396484375,0.9999996423721313
30,544.349853515625,159.2156524658203,22.66796875,54.06964111328125,0.19420693814754486
30,184.29734802246094,175.16543579101562,21.5716552734375,53.60699462890625,0.0008757751202210784
30,311.9465026855469,176.72447204589844,20.9970703125,50.89068603515625,0.0025356237310916185
30,329.0613098144531,172.33544921875,28.6888427734375,67.6943359375,0.00022022616758476943
30,288.9306945800781,176.65110778808594,21.2293701171875,51.053680419921875,0.00028405906050466
30,385.33551025390625,172.4463348388672,24.8363037109375,59.275054931640625,0.03650038689374924
30,393.9249572753906,165.10763549804688,30.41546630859375,74.60440063476562,0.00016995631449390203
30,322.1379699707031,174.72402954101562,21.8011474609375,54.265899658203125,7.794785778969526e-05
30,558.5796508789062,156.06790161132812,21.3182373046875,51.944091796875,4.6223784011090174e-05
30,535.216064453125,155.13462829589844,27.7535400390625,65.57479858398438,0.0003195808385498822
30,369.6026611328125,161.25616455078125,33.54736328125,80.7032470703125,2.8384665711200796e-05
30,280.2139587402344,169.93130493164062,26.07305908203125,62.702850341796875,2.065536864392925e-05
30,192.72152709960938,174.46896362304688,21.41015625,52.629364013671875,0.004136980511248112
30,338.3878479003906,170.73118591308594,22.7252197265625,54.643035888671875,4.027074282930698e-06
30,179.8341064453125,183.65869140625,21.20904541015625,51.553375244140625,4.4067614908271935e-06
30,42.269290924072266,186.79708862304688,21.47705841064453,51.99395751953125,1.9657865777844563e-05
30,276.034912109375,174.80328369140625,21.6827392578125,51.204498291015625,4.417508080223342e-06
30,549.5452270507812,162.9110565185547,26.927490234375,62.7540283203125,5.9995676565449685e-05
30,172.39791870117188,176.34153747558594,21.10626220703125,51.1531982421875,6.492027750937268e-06
30,391.9290466308594,164.96615600585938,23.5020751953125,54.9986572265625,3.372693026904017e-05
30,346.877197265625,168.00003051757812,29.19354248046875,71.47244262695312,1.3061709978501312e-05
30,344.6549377441406,187.78750610351562,22.40362548828125,53.716064453125,1.032581735671556e-06
30,201.14097595214844,175.4095001220703,21.089813232421875,51.467071533203125,6.424573712138226e-06
30,108.85354614257812,92.46575927734375,142.205810546875,304.75250244140625,3.4855558624258265e-05
30,356.4473876953125,168.7836456298828,28.066650390625,67.67398071289062,6.831607151980279e-06
30,472.2152404785156,74.9063720703125,141.10238647460938,300.5657043457031,4.127565716771642e-06
30,225.739501953125,174.46861267089844,22.6865234375,55.56121826171875,2.467273770889733e-05
30,239.64401245117188,119.15956115722656,129.102783203125,277.82366943359375,9.031540685100481e-06
30,608.4820556640625,151.11984252929688,22.9720458984375,52.897216796875,2.1171535991015844e-05
30,379.7970886230469,171.6392822265625,22.8094482421875,50.86883544921875,6.7182827478973195e-06
30,301.4850769042969,158.94712829589844,33.73663330078125,80.86138916015625,1.0642667120919214e-06
30,628.0853881835938,153.17356872558594,12.41461181640625,50.754364013671875,5.4316383284458425e-06
30,369.83203125,171.57872009277344,23.47698974609375,56.85626220703125,1.8699140582612017e-06
30,323.1448059082031,155.05059814453125,44.7864990234375,106.3656005859375,4.5732344915450085e-06
60,390.00927734375,139.95826721191406,25.4959716796875,62.368621826171875,3.6038145481143147e-06
60,380.39178466796875,150.65452575683594,21.87347412109375,51.947509765625,0.006624479778110981
60,377.4334716796875,132.70094299316406,36.181640625,80.09893798828125,4.685548901761649e-06
60,472.3714904785156,149.10472106933594,32.42254638671875,77.44912719726562,6.57517448416911e-05
60,489.7472839355469,152.1822509765625,21.8935546875,52.544708251953125,0.0006999206379987299
60,505.5324401855469,155.949951171875,22.870452880859375,55.174041748046875,5.652907020703424e-06
60,511.7079162597656,153.49404907226562,27.314117431640625,64.07672119140625,0.0003873908135574311
60,627.156982421875,142.45492553710938,13.343017578125,57.578033447265625,9.466179108130746e-06
60,371.3652648925781,152.28268432617188,23.9874267578125,56.188079833984375,7.3032992986554746e-06
60,386.86260986328125,154.62753295898438,21.8509521484375,51.193328857421875,0.8107747435569763
60,319.99432373046875,96.9678955078125,135.4127197265625,280.2586669921875,1.505756131336966e-06
60,493.23248291015625,154.28359985351562,25.879638671875,62.742462158203125,0.04597015678882599
60,501.03643798828125,150.40792846679688,35.8228759765625,89.03445434570312,0.0022194087505340576
60,527.46533203125,155.9002227783203,23.039306640625,52.055938720703125,2.7629005217022495e-06
60,397.4019470214844,155.51353454589844,22.60614013671875,54.380645751953125,1.7523201677249745e-05
60,482.349609375,158.60162353515625,23.1552734375,56.272064208984375,0.000680623110383749
60,435.47808837890625,144.8807373046875,117.00335693359375,267.4677734375,4.094285486644367e-06
60,521.349853515625,160.22276306152344,22.642333984375,54.314788818359375,1.435086869605584e-05
60,241.62908935546875,136.1725311279297,41.646240234375,105.74688720703125,2.9345799703150988e-05
60,376.0513916015625,155.6498260498047,29.68695068359375,67.87014770507812,2.5827670469880104e-05
60,480.3001403808594,152.33815002441406,35.012298583984375,84.43826293945312,0.9999982118606567
60,525.7594604492188,156.27963256835938,35.8248291015625,84.23138427734375,8.71651282068342e-05
60,537.1483764648438,159.89828491210938,30.093017578125,70.21481323242188,2.0765003228007117e-06
60,391.0740051269531,162.09555053710938,22.89208984375,55.033782958984375,7.245552296808455e-06
60,512.0757446289062,150.1165313720703,39.6947021484375,95.21200561523438,0.9999997615814209
60,253.03517150878906,150.21340942382812,42.14091491699219,113.6585693359375,0.0001944295654539019
60,234.07427978515625,123.52230072021484,85.96026611328125,205.32177734375,1.4544893019774463e-05
60,488.619873046875,171.09286499023438,22.9814453125,57.73040771484375,9.439982022740878e-06
60,267.5328369140625,166.82546997070312,36.5709228515625,91.00311279296875,0.00041710157529450953
60,489.6788330078125,162.64280700683594,33.6221923828125,81.18807983398438,0.001504745683632791
60,261.07568359375,178.1997528076172,30.841796875,75.3046875,4.022276698378846e-06
60,268.9636535644531,169.0321502685547,49.68695068359375,122.72648620605469,0.0007202028064057231
60,467.3320007324219,156.28170776367188,42.92022705078125,104.75732421875,6.31845323368907e-05
60,486.4720153808594,186.75723266601562,25.72845458984375,62.201080322265625,7.296502008102834e-05
60,474.8008728027344,136.2900390625,52.995025634765625,126.46600341796875,0.04036776348948479
60,460.782958984375,111.03912353515625,84.28558349609375,197.96066284179688,1.6503370716236532e-05
60,494.27423095703125,140.3086395263672,53.4189453125,128.44276428222656,2.0333432985353284e-05
60,518.304931640625,179.87596130371094,27.3492431640625,66.27951049804688,2.123273952747695e-05
60,488.6695251464844,118.61725616455078,80.89993286132812,196.159423828125,5.3882009524386376e-05
60,262.4481506347656,123.30068969726562,89.224853515625,222.95529174804688,1.6951529460129677e-06
90,388.4148254394531,157.9393310546875,37.46966552734375,89.76956176757812,0.9999959468841553
90,480.87127685546875,156.242919921875,38.417724609375,93.24285888671875,0.9999995231628418
90,439.94781494140625,152.66290283203125,39.584228515625,95.68463134765625,0.9999998807907104
90,343.32794189453125,165.27993774414062,34.25140380859375,82.01834106445312,0.9999984502792358
90,294.0718078613281,171.49441528320312,24.58709716796875,58.361083984375,0.999671459197998
90,167.88009643554688,176.07618713378906,21.8653564453125,52.0491943359375,0.5885577201843262
90,281.16107177734375,172.22262573242188,21.62591552734375,51.859832763671875,0.022130783647298813
90,377.07232666015625,157.94337463378906,34.7386474609375,85.48226928710938,0.0005822506500408053
90,452.9989318847656,156.90542602539062,35.9688720703125,86.35330200195312,0.039845626801252365
90,469.34576416015625,158.97042846679688,35.54730224609375,82.8458251953125,0.001220439444296062
90,177.069580078125,173.56027221679688,21.335906982421875,51.77783203125,0.000633598945569247
90,338.2793273925781,171.18380737304688,27.77593994140625,65.41693115234375,1.453194363421062e-05
90,302.3934631347656,174.51319885253906,22.14056396484375,51.243408203125,0.0014080636901780963
90,493.4949645996094,161.59722900390625,35.656524658203125,82.9871826171875,0.0001741093146847561
90,209.5422821044922,175.31744384765625,21.088653564453125,51.2554931640625,0.0695071816444397
90,489.54150390625,164.02783203125,22.61663818359375,54.3475341796875,3.0406126825255342e-05
90,350.8122253417969,171.94961547851562,24.66259765625,57.382110595703125,1.708369018160738e-05
90,431.05877685546875,155.97825622558594,34.40252685546875,83.38720703125,0.00011174904648214579
90,393.4704284667969,170.97845458984375,23.9798583984375,57.550872802734375,0.0001413944992236793
90,217.764892578125,172.84347534179688,21.723358154296875,52.097747802734375,1.6236423107329756e-05
90,362.53961181640625,162.2858428955078,33.702880859375,79.12542724609375,0.0001344316842732951
90,449.01348876953125,165.81768798828125,23.2567138671875,56.030426025390625,1.0811027095769532e-06
90,408.9293212890625,160.10745239257812,35.5379638671875,84.98428344726562,6.504669272544561e-06
90,329.3509521484375,169.688720703125,27.59442138671875,65.63580322265625,7.4483518801571336e-06
90,483.2909851074219,163.5023193359375,21.6722412109375,51.800750732421875,3.949930032831617e-06
90,387.2367248535156,168.46792602539062,22.80950927734375,52.515411376953125,1.8631748389452696e-05
90,421.3367004394531,160.76368713378906,30.271728515625,70.59237670898438,3.3746725875971606e-06
90,455.4756774902344,162.4130401611328,23.03997802734375,52.303314208984375,1.9964762032032013e-05
90,292.7543029785156,160.94149780273438,34.05438232421875,84.489013671875,5.289809450914618e-06
90,95.32154846191406,102.59544372558594,137.59881591796875,290.60333251953125,4.479058407014236e-05
90,182.86724853515625,170.79330444335938,26.993499755859375,66.32821655273438,1.181070842903864e-06
90,378.650634765625,168.0303192138672,25.14569091796875,58.58673095703125,4.965044354321435e-06
120,313.2914733886719,161.00680541992188,38.51373291015625,92.77529907226562,0.9999995231628418
120,361.0462951660156,154.07138061523438,39.78643798828125,96.26605224609375,0.9999982118606567
120,253.92637634277344,171.54266357421875,25.220809936523438,59.781524658203125,0.9999715089797974
120,418.15771484375,156.4650115966797,36.27032470703125,88.67654418945312,0.9999673366546631
120,374.46954345703125,155.8912353515625,38.0948486328125,92.2706298828125,0.9970496892929077
120,387.0794372558594,158.633544921875,30.533447265625,74.3802490234375,0.8663507103919983
120,243.3657684326172,175.40887451171875,22.637100219726562,53.198974609375,0.03412994369864464
120,262.47857666015625,175.35037231445312,22.828125,53.1787109375,0.01649995520710945
120,349.8870544433594,152.50997924804688,36.0472412109375,90.447265625,0.01240782905369997
120,407.0220031738281,157.028564453125,35.56671142578125,85.90609741210938,0.013630756177008152
120,123.61751556396484,176.09268188476562,21.39411163330078,51.359283447265625,0.008693275973200798
120,431.7404479980469,159.78012084960938,31.3643798828125,73.82025146484375,0.00013529096031561494
120,327.0716552734375,162.57916259765625,34.74993896484375,81.26327514648438,0.00028656431823037565
120,342.94085693359375,159.23886108398438,27.73602294921875,66.37100219726562,7.921647920738906e-05
120,425.4228515625,162.68325805664062,22.29644775390625,52.9481201171875,0.00043494507553987205
120,392.9758605957031,159.18374633789062,21.55218505859375,50.80462646484375,0.000177680907654576
120,419.19580078125,161.84710693359375,21.2200927734375,51.878875732421875,7.443340291501954e-05
120,392.0321960449219,153.05682373046875,37.70281982421875,90.45547485351562,0.004121458623558283
120,398.660888671875,160.40576171875,23.5423583984375,58.62530517578125,6.260945519898087e-05
120,168.3929443359375,181.74569702148438,20.85662841796875,50.53070068359375,0.08329907059669495
120,303.7705078125,168.0377197265625,31.78076171875,76.68115234375,3.754983117687516e-05
120,320.8020935058594,173.71263122558594,23.49761962890625,57.655731201171875,8.752987014304381e-06
120,353.17584228515625,160.4698486328125,26.3817138671875,61.2745361328125,4.072139927302487e-05
120,410.3120422363281,162.309814453125,24.42919921875,58.34381103515625,4.166538201388903e-05
120,146.2989959716797,176.21847534179688,20.156219482421875,50.592376708984375,0.00023989535111468285
120,369.0710144042969,172.1256866455078,22.692138671875,55.08001708984375,5.9457725001266226e-05
120,387.84124755859375,114.0875473022461,78.95977783203125,197.58587646484375,2.09309728234075e-05
120,175.52679443359375,173.19146728515625,28.01385498046875,65.78878784179688,7.680515409447253e-06
120,384.6300048828125,157.182373046875,23.720703125,55.536651611328125,0.0006484761252067983
120,374.20703125,159.28155517578125,26.89703369140625,65.4696044921875,1.930994949361775e-05
120,184.63235473632812,169.41830444335938,26.5501708984375,66.25732421875,3.7062457067804644e-06
120,374.5223388671875,108.1627197265625,119.92205810546875,286.36029052734375,3.7820231227669865e-05
150,111.279296875,160.8367462158203,47.32220458984375,114.63847351074219,0.9999994039535522
150,178.16041564941406,152.49073791503906,46.8441162109375,113.29283142089844,0.9999902248382568
150,55.64129638671875,174.14501953125,30.41851806640625,72.9176025390625,0.99997878074646
150,149.06582641601562,155.29867553710938,43.17974853515625,105.03082275390625,0.9999680519104004
150,210.1953887939453,165.87985229492188,36.52197265625,87.939453125,0.989372193813324
150,195.14205932617188,153.6851806640625,45.61846923828125,112.5166015625,0.11498762667179108
150,171.02371215820312,161.88909912109375,36.9599609375,89.2567138671875,0.005192312877625227
150,100.28065490722656,167.34335327148438,42.097900390625,101.80645751953125,0.0007183247362263501
150,133.53208923339844,151.9380645751953,47.627899169921875,120.10661315917969,0.00018425409507472068
150,150.4399871826172,166.01683044433594,30.2177734375,73.29425048828125,0.0003083098563365638
150,51.3007926940918,181.50503540039062,24.480838775634766,56.57855224609375,8.336094469996169e-05
150,65.92587280273438,177.39244079589844,27.788864135742188,64.1138916015625,0.0009947086218744516
150,187.832275390625,169.53216552734375,30.7286376953125,73.73858642578125,0.0017260777531191707
150,99.40585327148438,137.42926025390625,71.42929077148438,165.75930786132812,1.3618429875350557e-05
150,216.53831481933594,182.09999084472656,23.909088134765625,55.2989501953125,9.801039414014667e-05
150,126.94807434082031,165.90066528320312,35.405059814453125,89.82373046875,0.0003245645493734628
150,205.88406372070312,170.01849365234375,28.8934326171875,69.132080078125,8.614749094704166e-05
150,162.11764526367188,139.2531280517578,72.58670043945312,172.0077362060547,3.7881301977904513e-05
150,224.0301055908203,176.27664184570312,30.202880859375,70.59042358398438,9.786337614059448e-06
150,117.42433166503906,175.80189514160156,30.633056640625,75.558837890625,2.9210216325736837e-06
150,164.81817626953125,170.31875610351562,27.747467041015625,68.47640991210938,0.00024906673934310675
150,134.4213104248047,138.3148193359375,76.2901611328125,179.99752807617188,2.8599547476915177e-06
150,154.6778106689453,169.62753295898438,21.07855224609375,52.004425048828125,6.209098955878289e-06
150,160.46971130371094,173.7338409423828,21.8905029296875,53.746795654296875,6.774254143238068e-05
150,220.27525329589844,165.26544189453125,25.99029541015625,60.51055908203125,4.1467421397101134e-05
150,193.4883270263672,174.668701171875,21.5009765625,51.724334716796875,3.6875035220873542e-06
150,42.25954818725586,177.86732482910156,27.155902862548828,64.070556640625,9.470857548876666e-06
150,186.60336303710938,173.51930236816406,20.30499267578125,51.28802490234375,1.3940559711045353e-06
150,197.71620178222656,163.59091186523438,27.119720458984375,65.91751098632812,4.59508873973391e-06
150,44.50303268432617,163.18460083007812,43.155277252197266,102.2113037109375,8.084733053692617e-06
150,627.9988403320312,137.66836547851562,12.50115966796875,50.731842041015625,6.73857175570447e-06
180,627.7747802734375,132.71302795410156,12.7252197265625,50.574554443359375,5.944845725025516e-06
180,627.5255737304688,152.03944396972656,12.97442626953125,50.684539794921875,1.4660478882433381e-05
270,626.08447265625,169.0860595703125,14.41552734375,54.517852783203125,2.0885989215457812e-05
270,611.1019287109375,405.7822265625,29.3980712890625,74.7177734375,2.9370637548709055e-06
270,600.988525390625,364.12353515625,39.511474609375,116.37646484375,8.31883789942367e-06
300,127.68498992919922,174.87069702148438,23.59564971923828,53.38934326171875,4.684378382080467e-06
300,0.0,183.48133850097656,16.056472778320312,55.919891357421875,3.254851208112086e-06
360,0.0,175.37591552734375,15.794832229614258,57.891937255859375,3.284417289250996e-06
390,626.4302978515625,177.8538055419922,14.0697021484375,53.88726806640625,3.7484355743799824e-06
390,601.8458251953125,361.5864562988281,38.6541748046875,118.91354370117188,6.399978246918181e-06
420,591.0196533203125,0.0,41.937744140625,54.16630935668945,3.20218205160927e-05
420,616.8976440429688,0.0,23.60235595703125,51.651771545410156,5.0036801440001e-06
420,589.94287109375,0.0,50.55712890625,124.80438232421875,2.8994600143050775e-05
420,572.419189453125,0.0,68.080810546875,185.26541137695312,1.697232437436469e-05
420,599.6445922851562,5.923084259033203,21.7916259765625,52.97733688354492,0.2190093994140625
420,608.0362548828125,10.910762786865234,21.2177734375,52.29060363769531,1.53601558849914e-06
420,456.787109375,157.81515502929688,21.447265625,51.254608154296875,3.802699438892887e-06
420,26.380462646484375,165.87350463867188,21.14995574951172,50.598114013671875,2.083993194901268e-06
420,32.018829345703125,163.82838439941406,23.728965759277344,56.521087646484375,1.077308570529567e-05
420,39.69282150268555,163.048828125,21.084136962890625,51.1795654296875,1.737841330395895e-06
420,17.873619079589844,174.2351837158203,22.858596801757812,53.4959716796875,1.1425930779296323e-06
420,22.946069717407227,173.22354125976562,26.555173873901367,63.56134033203125,5.9932655858574435e-05
420,37.21683120727539,171.8963165283203,25.588958740234375,62.065826416015625,3.507601036289998e-07
420,28.95543670654297,181.40660095214844,27.287460327148438,63.0872802734375,9.048627589436364e-07
450,596.069580078125,0.0,44.430419921875,122.68717193603516,2.9852965326426784e-06
450,625.5941772460938,89.92752838134766,14.90582275390625,59.43622589111328,2.3276816136785783e-06
450,627.0916137695312,113.79981994628906,13.40838623046875,51.54986572265625,7.711374928476289e-05
450,622.0240478515625,104.42797088623047,18.4759521484375,75.53186798095703,2.71226090262644e-05
450,590.8394165039062,60.14037322998047,49.66058349609375,235.03085327148438,5.698470886272844e-06
450,501.2861328125,136.56478881835938,27.4447021484375,65.6124267578125,0.9995604157447815
450,626.447021484375,137.66494750976562,14.052978515625,52.479888916015625,8.632042408862617e-06
450,492.91162109375,143.0166015625,24.8900146484375,59.562744140625,1.847878775151912e-05
450,444.2193908691406,97.11111450195312,123.14230346679688,286.82977294921875,6.5264239310636185e-06
450,621.6814575195312,133.32315063476562,18.81854248046875,79.28640747070312,9.470342774875462e-06
450,610.0671997070312,98.13912200927734,30.43280029296875,140.00820922851562,1.2161367521912325e-05
450,509.3695983886719,144.52471923828125,25.894927978515625,61.02960205078125,9.540736209601164e-05
450,627.0006713867188,160.02105712890625,13.49932861328125,53.062103271484375,1.3129098988429178e-05
450,493.79876708984375,133.5212860107422,43.151123046875,103.9454345703125,1.725273364172608e-07
450,622.01513671875,159.4183349609375,18.48486328125,80.41619873046875,4.6453101276711095e-06
450,547.3074951171875,112.75924682617188,93.1925048828125,235.23309326171875,8.474090464005712e-06
450,601.387939453125,363.1050109863281,39.112060546875,117.39498901367188,3.7447732665896183e-06
480,606.7822265625,116.12751770019531,25.31640625,59.106597900390625,1.7821803339757025e-05
480,591.7725830078125,119.23855590820312,32.4803466796875,77.32156372070312,3.1236777431331575e-05
480,622.8472900390625,121.01675415039062,17.6527099609375,60.36688232421875,3.7540165067184716e-05
480,593.7033081054688,90.4984359741211,46.79669189453125,189.98788452148438,6.391049282683525e-06
480,599.3063354492188,118.66667175292969,38.245849609375,91.56436157226562,0.9999698400497437
480,607.788330078125,135.48190307617188,24.0684814453125,57.741424560546875,4.0666018321644515e-06
480,615.9727172851562,123.13910675048828,24.52728271484375,87.65209197998047,0.003467877861112356
480,622.848876953125,144.14675903320312,17.651123046875,61.23907470703125,0.00015639758203178644
480,602.8366088867188,148.76953125,21.3514404296875,50.524383544921875,1.3581582436472672e-07
480,601.2935180664062,361.0341796875,39.20648193359375,119.4658203125,9.6934618341038e-06
510,0.0,177.2225799560547,15.190387725830078,54.134063720703125,7.008929514995543e-06
510,611.2156982421875,406.50543212890625,29.2843017578125,73.99456787109375,6.033074896549806e-06
510,601.2225341796875,362.6676940917969,39.2774658203125,117.83230590820312,7.892573194112629e-06
570,8.217830657958984,162.37307739257812,21.459335327148438,51.229156494140625,3.968768214690499e-05
570,602.0405883789062,360.88079833984375,38.45941162109375,119.61920166015625,3.2877078410820104e-06
750,0.0,183.38279724121094,15.109917640686035,56.28472900390625,1.2691887150140246e-06
750,177.1006622314453,180.62994384765625,22.491607666015625,53.10711669921875,0.00020615239918697625
750,169.23007202148438,185.8814697265625,21.637481689453125,53.07135009765625,4.04181855628849e-06
750,183.76971435546875,185.5443572998047,21.26495361328125,51.93597412109375,1.0616093277349137e-05
780,0.0,172.78001403808594,16.200624465942383,58.83734130859375,2.241171387140639e-06
780,0.0,147.984619140625,22.155364990234375,99.46463012695312,1.350989009551995e-06
780,7.07932186126709,176.44093322753906,24.138484954833984,57.01092529296875,3.929322247131495e-06
780,0.0,340.9519348144531,63.590232849121094,139.54806518554688,3.460913148956024e-06
780,601.9381713867188,365.9046936035156,38.56182861328125,114.59530639648438,1.8177715901401825e-06
810,0.0,158.7138214111328,13.713419914245605,50.679779052734375,1.7478940208093263e-05
810,0.9445381164550781,166.62075805664062,21.740495681762695,51.4664306640625,5.49997748748865e-05
810,8.250967979431152,167.12326049804688,21.37445831298828,50.55084228515625,1.2223294106661342e-05
810,3.3576107025146484,159.8678436279297,30.24498176574707,71.7283935546875,4.341251951700542e-06
810,17.052669525146484,168.3738555908203,20.885990142822266,50.983795166015625,3.33412299369229e-06
810,25.199634552001953,167.3188018798828,20.95325469970703,51.085296630859375,5.719290584238479e-06
810,0.0,174.9482879638672,14.539082527160645,52.093963623046875,3.76206185137562e-06
810,0.0,150.36537170410156,23.74111557006836,98.75701904296875,7.062284566927701e-06
840,0.0,172.8142547607422,15.175708770751953,52.72747802734375,8.927413000492379e-05
840,7.9261579513549805,176.0990447998047,22.510746002197266,52.65167236328125,0.0003107600787188858
840,0.0,177.6092529296875,23.989418029785156,61.404693603515625,0.0003440115833655
840,13.260356903076172,179.049560546875,24.98154067993164,59.940093994140625,0.0001523955725133419
840,22.114582061767578,179.1765899658203,24.734291076660156,58.495880126953125,2.225781099696178e-05
840,33.52739334106445,181.82740783691406,21.254180908203125,50.96905517578125,6.662010036961874e-06
840,40.10650634765625,180.2238006591797,23.108734130859375,55.8359375,7.154348168114666e-06
840,0.0,163.7198486328125,34.21915817260742,90.56851196289062,1.3632411537400912e-05
840,0.0,190.38323974609375,16.739131927490234,62.493316650390625,1.0973478765663458e-06
870,0.0,208.41268920898438,15.754353523254395,57.768310546875,2.3353818505711388e-06
870,7.137231826782227,209.5015106201172,23.484912872314453,55.35255432128906,3.5985187878395664e-06
900,0.0,206.37368774414062,15.663926124572754,59.07476806640625,7.423287797792e-07
900,9.22487735748291,208.42678833007812,21.504444122314453,51.708251953125,1.4773359907849226e-05
930,0.0411224365234375,184.0680694580078,24.134611129760742,57.086334228515625,1.2833542314183433e-05
930,8.206701278686523,184.16015625,21.74245834350586,52.112548828125,5.513157884706743e-05
930,13.778899192810059,191.02743530273438,25.438343048095703,59.349609375,3.656762999071361e-07
930,65.24015808105469,195.1569061279297,21.84417724609375,51.3927001953125,8.020479981496464e-06
930,0.0,193.03489685058594,15.93082332611084,61.787750244140625,9.198557563649956e-06
930,3.326357841491699,184.7640838623047,31.502609252929688,76.10804748535156,1.0942963854176924e-05
960,627.6073608398438,178.16226196289062,12.89263916015625,51.141387939453125,1.0995195225405041e-05
990,0.0,137.2261199951172,13.894062042236328,55.836822509765625,7.725500836386345e-06
1020,617.41455078125,141.2227783203125,21.049560546875,50.94171142578125,2.029058668995276e-05
1020,626.9220581054688,147.71192932128906,13.57794189453125,51.394256591796875,5.260710895527154e-05
1020,618.9563598632812,124.6938705444336,21.54364013671875,92.46097564697266,2.74701596936211e-06
1020,627.5852661132812,162.76771545410156,12.91473388671875,58.07611083984375,7.582149009977002e-06
1020,0.0,175.80465698242188,16.27627944946289,56.626129150390625,5.838564902660437e-06
1020,185.49510192871094,174.15313720703125,22.135101318359375,52.852569580078125,2.3455932023352943e-06
1050,0.0,121.12916564941406,31.377954483032227,135.6643524169922,7.491578344342997e-06
1050,6.919399261474609,168.1287078857422,26.256072998046875,60.71923828125,5.912284905207343e-06
1050,16.673507690429688,170.5045623779297,21.61269760131836,51.89422607421875,1.6793319446151145e-05
1050,24.909645080566406,169.63624572753906,21.35687255859375,52.102783203125,9.330725333711598e-06
1050,121.4686508178711,167.3812713623047,21.35352325439453,51.178375244140625,4.949873527948512e-06
1050,127.90731811523438,169.21034240722656,24.0238037109375,56.580902099609375,1.1959346011281013e-06
1050,0.0,119.16150665283203,44.211830139160156,216.68270874023438,5.54445387024316e-06
1050,0.0,160.50729370117188,23.682275772094727,108.17782592773438,1.0715234566305298e-05
1080,8.314079284667969,162.00857543945312,24.03280258178711,56.957061767578125,4.94197274747421e-06
1080,15.880315780639648,169.55950927734375,24.613428115844727,56.785003662109375,4.618399543687701e-06
1080,24.028526306152344,168.240234375,21.608840942382812,51.94012451171875,6.70966483085067e-06
1140,542.2234497070312,121.36222839355469,95.65966796875,227.01039123535156,2.0122532077948563e-05
1140,556.6558837890625,152.90673828125,63.0977783203125,151.55426025390625,4.021628683403833e-06
1140,569.9378662109375,193.54273986816406,43.7777099609375,114.18061828613281,7.120153213691083e-07
1140,626.9168090820312,231.48269653320312,13.58319091796875,52.3529052734375,5.3824046517547686e-06
1140,589.6084594726562,175.42950439453125,50.89154052734375,238.75335693359375,2.9228719995444408e-06
1200,481.1085510253906,149.1405029296875,21.34393310546875,50.937530517578125,6.3215516092896e-06
1200,600.6528930664062,364.7617492675781,39.84710693359375,115.73825073242188,9.311914254794829e-06
1260,0.0,160.090576171875,15.031946182250977,54.472991943359375,4.797930614586221e-06
1260,611.4358520507812,405.8653564453125,29.06414794921875,74.6346435546875,5.072675321571296e-06
1260,602.235107421875,362.099853515625,38.264892578125,118.400146484375,9.999273061112035e-06
1260,580.4129028320312,320.4608459472656,60.08709716796875,160.03915405273438,2.931280050688656e-06
1290,0.0,159.67852783203125,14.19133186340332,55.00457763671875,6.673341431451263e-06
1290,600.5753173828125,359.5855407714844,39.9246826171875,120.91445922851562,4.096495558769675e-06
1320,0.0,167.21702575683594,14.624594688415527,55.105316162109375,1.2456271178962197e-05
1350,576.6093139648438,150.65003967285156,23.4559326171875,54.3768310546875,8.964368134911638e-06
1350,0.0,178.27207946777344,15.994726181030273,53.546844482421875,3.926192948711105e-05
1350,610.9390258789062,408.39129638671875,29.56097412109375,72.10870361328125,5.741856057284167e-06
1350,599.22021484375,365.05828857421875,41.27978515625,115.44171142578125,4.458754119696096e-06
1350,578.401611328125,323.23516845703125,62.098388671875,157.26483154296875,5.5973900998651516e-06
1380,626.4561157226562,127.63382720947266,14.04388427734375,59.21312713623047,8.424800398643129e-06
1380,426.0013122558594,169.62652587890625,21.53277587890625,52.030059814453125,2.8563990781549364e-05
1380,0.0,191.2392578125,14.557079315185547,54.386077880859375,2.1629468847095268e-06
1380,610.6867065429688,404.91607666015625,29.81329345703125,75.58392333984375,4.942171017319197e-06
1380,601.3369140625,362.0105895996094,39.1630859375,118.48941040039062,6.047557235433487e-06
1410,425.7269287109375,173.07174682617188,20.836669921875,51.041473388671875,8.060352456595865e-07
1410,0.0,183.7122039794922,15.49921703338623,54.574920654296875,9.585145562596153e-06
1440,627.4209594726562,186.1446075439453,13.07904052734375,50.859619140625,1.2343340131337754e-05
1440,620.1096801757812,428.1560363769531,20.39031982421875,52.343963623046875,5.8670761973189656e-06
1440,609.7021484375,406.7357177734375,30.7978515625,73.7642822265625,4.265412371751154e-06
1440,597.2680053710938,362.69866943359375,43.23199462890625,117.80133056640625,3.928224487026455e-06
1470,434.0904846191406,160.44187927246094,20.61065673828125,50.573822021484375,2.752156615315471e-05
1470,439.4653015136719,165.97914123535156,21.92327880859375,52.751678466796875,3.3613782761676703e-06
1470,601.75048828125,362.1872863769531,38.74951171875,118.31271362304688,4.438351879798574e-06
1500,104.27108001708984,141.70809936523438,21.58349609375,51.639862060546875,1.8557124349172227e-05
1500,105.13951110839844,151.00732421875,25.245574951171875,59.634490966796875,0.0024019216652959585
1500,118.01673889160156,152.53538513183594,21.299163818359375,52.67694091796875,2.930765504061128e-06
1500,434.06573486328125,159.08851623535156,21.70379638671875,52.130096435546875,7.973728315846529e-06
1500,441.531982421875,163.1984100341797,21.36572265625,51.471923828125,3.2441041639685864e-06
1500,447.9539794921875,166.48463439941406,21.1044921875,51.832061767578125,4.007600182376336e-06
1500,99.42252349853516,161.58328247070312,21.405731201171875,52.4127197265625,1.7816453691921197e-05
1500,102.56285858154297,138.53271484375,35.44104766845703,86.87405395507812,8.83096220150037e-07
1500,361.7251281738281,169.9412078857422,21.658935546875,51.888092041015625,2.070657046715496e-06
1530,449.2965087890625,163.8744354248047,24.4552001953125,57.531219482421875,4.798809186468134e-06
1530,374.9315185546875,176.90431213378906,20.968994140625,51.983184814453125,1.3808897165290546e-05
1530,456.1778869628906,173.4311981201172,23.402099609375,55.705810546875,7.721602742094547e-05
1530,462.5645446777344,178.8323974609375,22.92401123046875,54.819580078125,2.2999993234407157e-05
1530,369.82208251953125,183.9993896484375,21.78814697265625,52.21112060546875,2.1501631636056118e-05
1530,363.108642578125,188.2728271484375,23.13134765625,53.601837158203125,1.7992739458350115e-06
1560,610.731689453125,407.52276611328125,29.768310546875,72.97723388671875,4.478787559492048e-06
1560,600.956787109375,362.381103515625,39.543212890625,118.118896484375,7.685072887397837e-06
1590,0.0,184.58750915527344,16.044889450073242,56.418060302734375,2.1941227714705747e-06
1620,457.4264221191406,177.1532440185547,21.22821044921875,50.61358642578125,3.3379787964804564e-06
1620,627.3455810546875,176.40365600585938,13.1544189453125,51.479766845703125,6.976452823437285e-06
1650,528.2794799804688,189.41030883789062,26.7008056640625,59.376129150390625,3.820886377070565e-06
1650,526.751220703125,174.2291259765625,39.307373046875,95.14688110351562,4.5786937334924005e-06
1650,532.7368774414062,198.27818298339844,39.8946533203125,101.29975891113281,7.734900464129169e-06
1710,214.84237670898438,138.33030700683594,26.390167236328125,63.56219482421875,2.4916093025240116e-05
1710,142.05282592773438,74.19570922851562,142.39974975585938,284.7607116699219,3.2607297271169955e-06
1710,601.329833984375,363.6737365722656,39.170166015625,116.82626342773438,4.185466423223261e-06
1740,8.068770408630371,171.98643493652344,21.762367248535156,51.738372802734375,2.5983383693528594e-06
1740,611.0158081054688,405.3956298828125,29.48419189453125,75.1043701171875,5.422643425845308e-06
1740,601.2308349609375,361.9573974609375,39.2691650390625,118.5426025390625,5.569227596424753e-06
1740,580.648681640625,321.413818359375,59.851318359375,159.086181640625,2.950451971628354e-06
1770,0.0,144.9244842529297,14.606978416442871,56.60491943359375,2.5095130695262924e-05
1770,18.541255950927734,143.2928466796875,21.898765563964844,52.656097412109375,1.0802290489664301e-05
1770,25.826688766479492,142.95333862304688,21.69463539123535,51.288848876953125,7.921756150608417e-06
1770,627.4599609375,152.47865295410156,13.0400390625,55.466094970703125,2.120719273079885e-06
1770,0.0,132.30337524414062,21.494766235351562,101.91647338867188,4.13157113143825e-06
1770,602.5945434570312,362.09124755859375,37.90545654296875,118.40875244140625,6.569856395799434e-06
1800,525.2630004882812,0.0,94.04541015625,208.27798461914062,1.6871323396117077e-06
1800,495.236572265625,0.0,136.44091796875,307.0875244140625,1.6448297174065374e-05
1800,521.241455078125,133.19908142089844,21.4061279296875,51.409210205078125,5.6770077208057046e-05
1800,528.2964477539062,131.12269592285156,22.6396484375,53.251373291015625,5.056032478023553e-06
1800,410.7194519042969,141.06719970703125,21.37847900390625,51.2109375,3.2175262276723515e-06
1800,515.837158203125,139.11798095703125,21.4879150390625,51.15106201171875,8.25004099169746e-06
1800,416.1649475097656,145.62620544433594,21.82342529296875,51.2191162109375,1.1490060387586709e-05
1800,564.0549926757812,145.51589965820312,33.0721435546875,79.52008056640625,4.1313796828035265e-05
1800,574.6532592773438,155.7876434326172,24.7021484375,58.26470947265625,6.642077096330468e-06
1830,594.8524169921875,144.2823486328125,21.1336669921875,50.9771728515625,3.310669626443996e-06
1830,601.0475463867188,146.95904541015625,21.565185546875,51.158294677734375,8.357372280443087e-06
1830,601.62841796875,361.8931579589844,38.87158203125,118.60684204101562,4.740169515571324e-06
