60,169.14682006835938,169.0457763671875,21.431884765625,50.97235107421875,1.6359205119442777e-06
60,425.28460693359375,164.01275634765625,21.53057861328125,52.6727294921875,5.811688424728345e-06
60,23.912553787231445,197.30606079101562,23.826757431030273,54.157928466796875,2.679241333680693e-06
90,1.8258743286132812,166.16648864746094,21.853208541870117,52.481170654296875,1.2510414308053441e-05
90,0.0,170.15249633789062,15.163677215576172,56.099609375,5.910419076826656e-06
90,8.248079299926758,173.11753845214844,21.560848236083984,51.3223876953125,0.0002053893986158073
90,15.881083488464355,172.19973754882812,21.854530334472656,51.93487548828125,3.103448398178443e-05
90,23.640186309814453,171.1910400390625,22.37348175048828,52.575592041015625,7.551588623755379e-06
90,120.73454284667969,166.9537353515625,23.943939208984375,54.89691162109375,2.3273041733773425e-06
120,480.60260009765625,141.1156005859375,20.9893798828125,51.23876953125,3.652751502158935e-06
120,532.4696655273438,146.01919555664062,21.68115234375,51.047332763671875,3.000838887601276e-06
120,537.5274658203125,152.08013916015625,21.998779296875,51.508148193359375,0.00029482468380592763
120,551.8328857421875,150.8764190673828,22.9337158203125,54.519287109375,8.171362424036488e-06
120,544.2498779296875,159.1370391845703,23.04248046875,55.234954833984375,1.7657588387010037e-06
120,627.2299194335938,178.34266662597656,13.27008056640625,51.9373779296875,1.3589588888862636e-05
120,600.0509033203125,359.27789306640625,40.4490966796875,121.22210693359375,6.9184925450826995e-06
150,10.798640251159668,137.9125518798828,23.42548370361328,54.56494140625,1.1319176337565295e-05
150,15.44499397277832,149.41583251953125,23.42738914489746,54.239959716796875,0.0006032822420820594
150,23.630996704101562,149.53631591796875,20.900047302246094,51.794708251953125,3.650394137366675e-05
150,31.284957885742188,152.40426635742188,23.827560424804688,55.208099365234375,1.6496178432134911e-06
150,111.65214538574219,156.8605499267578,22.811676025390625,53.078369140625,8.067173439485487e-06
150,10.21176528930664,155.5526123046875,21.53955841064453,51.266632080078125,1.766629793564789e-05
150,18.491302490234375,147.92221069335938,30.08246612548828,72.3751220703125,7.035932867438532e-07
150,599.6416015625,358.5561218261719,40.8583984375,121.94387817382812,6.288738859439036e-06
180,0.0,153.4254913330078,15.459420204162598,55.79364013671875,6.796762590965955e-06
180,0.40940284729003906,162.33692932128906,22.739498138427734,54.64654541015625,2.0259469692973653e-06
180,7.501702308654785,167.88072204589844,23.750743865966797,57.54412841796875,2.414626123936614e-06
180,0.0,175.26736450195312,16.074344635009766,57.145904541015625,1.6043210052885115e-05
210,626.5392456054688,129.26431274414062,13.96075439453125,56.4930419921875,6.885278708068654e-06
210,0.6755647659301758,143.77386474609375,23.453323364257812,55.3841552734375,2.9385878406174015e-06
210,87.18661499023438,135.9800262451172,22.567535400390625,53.17535400390625,5.397398126660846e-06
210,48.95228576660156,143.87921142578125,22.919921875,53.983734130859375,9.849124580796342e-06
210,80.60650634765625,140.70571899414062,21.255905151367188,51.137969970703125,7.826538421795703e-06
210,0.0,156.2330322265625,14.8799409866333,53.719329833984375,3.053048931178637e-05
210,7.429662704467773,153.8268585205078,23.736858367919922,56.598602294921875,5.094113021186786e-06
210,57.20618438720703,146.91995239257812,21.047500610351562,51.416748046875,7.6272299338597804e-06
210,63.69092559814453,147.836669921875,22.014984130859375,51.68634033203125,8.072044693108182e-06
210,15.937129974365234,160.01934814453125,23.437015533447266,57.09136962890625,1.7457281273891567e-06
210,23.359834671020508,158.255126953125,23.492948532104492,55.840850830078125,3.948656740249135e-06
210,0.0,154.01889038085938,20.058372497558594,79.1885986328125,8.220016752602533e-05
210,0.0,124.87429809570312,27.16010284423828,123.80633544921875,2.446260623401031e-05
210,0.0,115.94082641601562,43.43641662597656,210.78604125976562,5.094434072816512e-06
270,465.2633056640625,154.47146606445312,21.82818603515625,51.577911376953125,8.806171535979956e-06
270,458.0395812988281,158.0798797607422,23.30816650390625,55.094482421875,2.371267100897967e-06
270,471.5194396972656,157.76869201660156,23.4317626953125,55.988037109375,1.0682691709007486e-06
270,599.9258422851562,358.1780090332031,40.57415771484375,122.32199096679688,5.258398687146837e-06
300,409.8421630859375,149.1484375,21.08892822265625,51.360809326171875,4.184636054560542e-06
300,496.0998229980469,137.08865356445312,22.154693603515625,50.7281494140625,0.00010988306166836992
300,502.43218994140625,140.02789306640625,23.4478759765625,56.209716796875,1.1332516578477225e-06
300,489.22503662109375,147.2322998046875,22.45953369140625,53.9014892578125,5.76151524001034e-06
300,491.8447570800781,138.29583740234375,30.516998291015625,72.287841796875,3.3838057333923643e-06
300,601.2017822265625,360.3032531738281,39.2982177734375,120.19674682617188,4.404950686875964e-06
330,617.369140625,146.8176727294922,21.4383544921875,53.2152099609375,3.820607525995001e-05
330,481.2315368652344,153.35379028320312,22.85174560546875,53.96240234375,7.939529496070463e-06
330,494.227294921875,151.00584411621094,24.83203125,59.318695068359375,1.0109125469170976e-05
330,624.8507080078125,152.43704223632812,15.6492919921875,54.362762451171875,0.00012623782095033675
330,592.36376953125,72.68215942382812,48.13623046875,240.6549072265625,7.009638466115575e-06
330,564.1204223632812,39.122406005859375,76.37957763671875,311.7510986328125,2.3784470613463782e-05
330,485.4255065917969,155.89608764648438,26.673095703125,63.982208251953125,2.224210766144097e-05
330,479.7643127441406,144.78811645507812,38.407562255859375,90.76571655273438,8.835327207634691e-06
330,627.5816650390625,175.63868713378906,12.9183349609375,51.492919921875,3.6768842619494535e-06
330,599.7890625,360.655029296875,40.7109375,119.844970703125,4.908366008748999e-06
360,627.0741577148438,132.9344024658203,13.42584228515625,52.305267333984375,4.8843434342416e-05
360,430.7064514160156,146.971435546875,21.83245849609375,51.187744140625,6.422050500987098e-05
360,426.44970703125,128.0692138671875,35.9495849609375,81.10018920898438,5.329038685886189e-07
360,366.302001953125,90.61773681640625,137.2110595703125,284.886962890625,4.187661943433341e-06
360,439.0478210449219,146.85479736328125,21.57659912109375,50.953826904296875,0.01673187129199505
360,446.1189880371094,145.6045379638672,22.17364501953125,53.598052978515625,0.00012491800589486957
360,618.6138916015625,149.6485137939453,21.580810546875,50.910736083984375,1.5624866136931814e-05
360,454.90704345703125,152.84912109375,23.31634521484375,54.59503173828125,1.4017512512509711e-05
360,610.7619018554688,155.32456970214844,22.7603759765625,52.856597900390625,3.8318503357004374e-05
360,626.795166015625,155.3168182373047,13.704833984375,51.160491943359375,0.001056477427482605
360,7.891866683959961,161.3155517578125,24.14919662475586,56.11260986328125,1.3742650253334432e-06
360,464.4549255371094,161.8770294189453,20.9449462890625,50.74700927734375,2.3371683255390963e-06
360,613.0228271484375,115.42247009277344,27.4771728515625,131.33328247070312,2.545387360441964e-05
360,590.784912109375,81.575439453125,49.715087890625,241.3907470703125,1.2094711792087764e-06
360,618.4365234375,165.334228515625,22.0634765625,53.662750244140625,4.758044451591559e-05
360,626.808349609375,172.85690307617188,13.691650390625,52.15087890625,0.00012746969878207892
360,622.3302612304688,177.12533569335938,18.16973876953125,78.49832153320312,2.1381196347647347e-05
390,444.8460693359375,140.29510498046875,21.957275390625,51.87774658203125,0.00013038430188316852
390,459.0741271972656,141.05140686035156,21.40631103515625,50.81414794921875,0.00022483099019154906
390,409.28570556640625,147.91305541992188,21.35650634765625,50.96484375,0.0007690122583881021
390,448.1313171386719,138.72576904296875,27.58624267578125,66.28689575195312,2.6805782908922993e-06
390,383.9268493652344,71.99851989746094,139.76296997070312,297.36968994140625,6.220798695721896e-06
390,464.11773681640625,150.75830078125,22.24566650390625,53.45452880859375,3.0316745323943906e-05
390,601.4623413085938,361.6527404785156,39.03765869140625,118.84725952148438,2.9109771730873035e-06
420,627.5304565429688,141.84814453125,12.96954345703125,51.19512939453125,1.8333414118387736e-05
420,409.8330383300781,150.3643035888672,22.1221923828125,53.17022705078125,4.078844540345017e-06
420,618.677978515625,148.71603393554688,21.822021484375,54.719146728515625,4.222285497235134e-06
420,401.7125549316406,157.1134490966797,21.1468505859375,51.01031494140625,1.108715878217481e-06
420,416.70135498046875,153.5913543701172,21.60028076171875,51.43310546875,1.9680862806126243e-06
420,572.40771484375,54.53590393066406,68.09228515625,313.28057861328125,1.1244219422223978e-05
420,423.52789306640625,153.34893798828125,22.9656982421875,55.06951904296875,8.867707492754562e-07
420,626.89208984375,160.89305114746094,13.60791015625,56.0615234375,7.427854143315926e-05
420,617.6535034179688,175.04168701171875,22.84649658203125,56.150604248046875,8.086784873739816e-06
420,626.9009399414062,183.03396606445312,13.59906005859375,52.00909423828125,6.12148578511551e-05
420,610.9100952148438,406.1966857910156,29.58990478515625,74.30331420898438,3.4282734304724727e-06
420,601.8353881835938,362.0681457519531,38.66461181640625,118.43185424804688,4.768003236677032e-06
450,627.3028564453125,116.30529022216797,13.1971435546875,50.784996032714844,6.222198408067925e-06
450,8.260095596313477,131.69813537597656,22.33504867553711,53.941436767578125,1.1124207048851531e-05
450,169.17486572265625,138.13845825195312,22.1534423828125,54.271575927734375,0.00028268396272324026
450,0.9373865127563477,139.12551879882812,23.460811614990234,55.836029052734375,1.1372725566616282e-05
450,626.9304809570312,138.81777954101562,13.56951904296875,52.207550048828125,1.5479014109587297e-05
450,0.0,149.28173828125,14.229145050048828,50.9281005859375,4.831351816392271e-06
450,488.14410400390625,139.966796875,22.1441650390625,53.18853759765625,0.000400606106268242
450,495.427001953125,139.24757385253906,23.1455078125,54.94366455078125,7.103080861270428e-06
450,504.73748779296875,141.15020751953125,22.9910888671875,54.179473876953125,1.220506692334311e-05
450,544.3384399414062,142.9308624267578,20.8157958984375,50.562347412109375,2.0396126274135895e-05
450,612.4899291992188,103.8648452758789,28.01007080078125,134.74069213867188,2.9424381864373572e-06
450,592.9688720703125,73.96597290039062,47.5311279296875,234.75094604492188,8.587129741499666e-06
450,8.35976791381836,152.4609375,21.531429290771484,52.322845458984375,2.554941829657764e-06
450,423.90521240234375,150.30560302734375,21.43060302734375,50.61993408203125,0.0005681092152372003
450,431.31597900390625,149.4622039794922,23.0966796875,56.188873291015625,3.729861418833025e-05
450,440.23736572265625,148.4539337158203,21.42071533203125,51.159637451171875,0.00010075262252939865
450,482.2304382324219,143.95034790039062,21.559814453125,52.123291015625,3.480413943179883e-05
450,622.8486328125,143.1474609375,17.6513671875,77.42605590820312,1.6869000319275074e-05
450,0.0,153.313232421875,18.939138412475586,78.21371459960938,2.664288149389904e-05
450,0.0,132.93824768066406,29.532764434814453,126.31571960449219,2.001576149268658e-06
450,7.007349967956543,165.62149047851562,24.692546844482422,58.49835205078125,1.5947468909871532e-06
450,418.0293273925781,158.63063049316406,21.2991943359375,51.629058837890625,7.970855222083628e-06
450,627.5276489257812,169.57496643066406,12.97235107421875,51.647216796875,1.1935137081309222e-05
450,601.955810546875,361.97161865234375,38.544189453125,118.52838134765625,4.6342033783730585e-06
480,574.1746826171875,120.57283782958984,24.56103515625,58.400672912597656,1.5743207768537104e-05
480,627.0158081054688,126.64216613769531,13.48419189453125,51.13641357421875,5.961668193776859e-06
480,160.9190216064453,142.25604248046875,20.97674560546875,51.721343994140625,7.189159077825025e-05
480,562.2785034179688,129.93853759765625,21.794677734375,52.846527099609375,2.9270475351950154e-05
480,568.20654296875,129.664306640625,25.8040771484375,60.2119140625,8.643820910947397e-05
480,489.8921203613281,136.92562866210938,22.6929931640625,52.380645751953125,1.774154407030437e-05
480,561.316650390625,120.9149398803711,36.50732421875,87.0777359008789,6.411652975657489e-06
480,582.73876953125,137.92103576660156,21.091064453125,50.78662109375,1.0908609510806855e-05
480,617.8897705078125,139.75631713867188,22.302734375,52.021331787109375,1.4431265299208462e-05
480,495.8959045410156,140.1859588623047,23.078094482421875,55.208648681640625,7.850280780985486e-06
480,514.6356811523438,144.99334716796875,21.65625,51.19903564453125,1.2446121218090411e-06
480,8.450800895690918,156.76583862304688,22.10614776611328,53.190887451171875,1.1376479051250499e-05
480,433.3857421875,150.5683135986328,22.31329345703125,53.027069091796875,0.0004250103665981442
480,455.5419616699219,147.85064697265625,21.3017578125,51.46490478515625,3.88130411010934e-06
480,572.8314208984375,142.623291015625,26.5537109375,61.18701171875,3.4798431443050504e-05
480,626.9475708007812,146.8370361328125,13.55242919921875,59.0323486328125,1.4471106624114327e-05
480,0.0,163.46351623535156,13.395830154418945,50.66180419921875,9.04396983969491e-06
480,440.073974609375,153.46612548828125,23.59552001953125,56.67279052734375,1.0005884178099222e-05
480,447.24615478515625,153.45372009277344,24.519775390625,58.631805419921875,9.421272261533886e-05
480,0.657109260559082,167.51470947265625,24.006553649902344,56.533843994140625,6.494467925222125e-06
480,8.379778861999512,176.53082275390625,21.672386169433594,51.135528564453125,5.623061042570043e-06
480,600.2149047851562,358.83349609375,40.28509521484375,121.66650390625,3.167021077388199e-06
510,626.7562255859375,101.22592163085938,13.7437744140625,50.97325134277344,7.909633495728485e-06
510,610.0043334960938,62.666168212890625,30.49566650390625,143.20465087890625,4.273531430953881e-06
510,594.4736938476562,32.42344665527344,46.02630615234375,240.7526397705078,7.254167485370999e-06
510,159.21229553222656,131.43392944335938,23.185699462890625,55.481048583984375,1.4914168787072413e-05
510,598.4220581054688,120.85199737548828,27.4232177734375,63.44499969482422,4.297017767385114e-06
510,609.50390625,125.14840698242188,21.0625,50.6080322265625,3.873702098644571e-06
510,627.1759033203125,122.5811538696289,13.3240966796875,51.27043914794922,1.7595708413864486e-05
510,152.9012451171875,140.20799255371094,21.779937744140625,52.8795166015625,0.0008146363543346524
510,584.71142578125,115.73373413085938,39.2027587890625,91.02194213867188,3.339243266964331e-05
510,621.8602294921875,115.93262481689453,18.6397705078125,76.1279525756836,3.433554411458317e-06
510,490.90887451171875,134.81832885742188,23.09722900390625,53.744232177734375,3.7359195630415343e-06
510,498.5964050292969,133.69969177246094,23.020721435546875,53.25750732421875,0.0002973128866869956
510,591.9012451171875,132.7865447998047,27.502685546875,64.22622680664062,0.00011196771811228245
510,604.6554565429688,132.707275390625,27.458251953125,62.37939453125,7.177611223596614e-06
510,74.99856567382812,64.03848266601562,144.74795532226562,294.58099365234375,4.828440978599247e-06
510,511.1495056152344,139.08779907226562,23.757110595703125,55.200531005859375,1.2264127917660517e-06
510,596.204833984375,115.1746826171875,40.2720947265625,98.79544067382812,1.7697255316306837e-05
510,612.62353515625,129.99945068359375,27.87646484375,78.96282958984375,2.9985019409650704e-06
510,626.7005004882812,143.57717895507812,13.79949951171875,53.84478759765625,3.0287041226984002e-05
510,492.139404296875,133.76983642578125,32.50067138671875,76.19085693359375,7.2473694672225975e-06
510,597.0982055664062,147.31727600097656,28.06689453125,64.59255981445312,9.440017493034247e-06
510,600.7532348632812,361.4112243652344,39.74676513671875,119.08877563476562,2.9435550459311344e-06
540,499.78594970703125,123.3668212890625,22.0006103515625,50.650787353515625,6.562327325809747e-05
540,136.73741149902344,131.2798614501953,23.50653076171875,55.46539306640625,2.655920752658858e-06
540,144.8664093017578,134.4972381591797,23.42401123046875,55.853424072265625,1.48941553561599e-05
540,627.4996948242188,131.15188598632812,13.00030517578125,52.239227294921875,3.5529437809600495e-06
540,152.0127716064453,144.97763061523438,22.073638916015625,52.34912109375,2.957254218927119e-05
540,157.90357971191406,139.90635681152344,22.8057861328125,53.65484619140625,9.381090421811678e-06
540,505.3078918457031,134.4751739501953,22.084991455078125,51.433319091796875,0.0012542958138510585
540,519.5206298828125,134.09715270996094,23.1866455078125,54.067718505859375,0.00010788370127556846
540,497.5322570800781,136.86508178710938,23.920989990234375,58.095794677734375,2.0608478735084645e-05
540,510.31854248046875,134.23292541503906,24.9847412109375,59.377197265625,1.2942067769472487e-05
540,529.1522827148438,143.24822998046875,20.84130859375,51.51580810546875,2.4395383206865517e-06
540,481.1236572265625,146.79835510253906,20.34521484375,50.5633544921875,1.3154450471120072e-06
540,499.6856384277344,137.25186157226562,32.560089111328125,75.195556640625,2.6400643946544733e-06
540,626.7918701171875,153.1459503173828,13.7081298828125,52.628448486328125,1.2254435205250047e-05
540,618.23388671875,128.37794494628906,22.26611328125,98.61770629882812,2.2428239390137605e-06
540,627.2046508789062,175.7727508544922,13.29534912109375,51.761871337890625,4.393509698275011e-06
540,602.2839965820312,362.49371337890625,38.21600341796875,118.00628662109375,3.6002697925141547e-06
570,134.68800354003906,130.77102661132812,23.13043212890625,53.60736083984375,1.9453917047940195e-05
570,627.5819091796875,130.80088806152344,12.9180908203125,52.60595703125,6.6381644501234405e-06
570,128.5504608154297,136.59051513671875,23.537384033203125,54.17108154296875,2.4311761080753058e-05
570,110.64398193359375,147.41207885742188,24.04522705078125,56.058868408203125,3.9130576624302194e-05
570,120.07778930664062,143.8259735107422,23.79461669921875,56.8680419921875,2.1798714442411438e-05
570,478.72216796875,149.46456909179688,21.36627197265625,51.879241943359375,9.43567356443964e-05
570,485.1872863769531,152.20928955078125,21.53955078125,51.159881591796875,0.33973678946495056
570,493.5548400878906,151.3438262939453,21.800628662109375,53.256439208984375,0.00031608864082954824
570,625.97900390625,150.41641235351562,14.52099609375,61.76202392578125,9.435831998416688e-06
570,98.1415023803711,159.364013671875,22.049667358398438,52.275299072265625,8.680416613060515e-06
570,104.95523071289062,157.54698181152344,22.031753540039062,51.512451171875,5.656488428940065e-05
570,553.115966796875,159.516845703125,21.808349609375,51.716217041015625,3.53285031451378e-06
570,618.4530029296875,136.219482421875,22.0469970703125,99.78692626953125,2.5914685011230176e-06
570,482.2884521484375,152.545166015625,33.58746337890625,80.01947021484375,0.0010695639066398144
570,617.7517700195312,176.99749755859375,21.0010986328125,50.699493408203125,1.4540300981025212e-05
570,627.2559204101562,176.37294006347656,13.24407958984375,52.055267333984375,2.761331597866956e-05
570,602.2296752929688,362.38275146484375,38.27032470703125,118.11724853515625,3.682442866193014e-06
600,627.6146240234375,139.9333038330078,12.8853759765625,51.24237060546875,1.700574102869723e-06
600,512.451904296875,146.73876953125,22.7757568359375,51.9144287109375,3.562688289093785e-05
600,249.2049102783203,166.4069061279297,21.497573852539062,50.809844970703125,2.510356125640101e-06
600,482.1858215332031,159.70838928222656,22.10528564453125,51.840057373046875,0.0005882708355784416
600,104.953125,169.05035400390625,21.816986083984375,52.333099365234375,5.3219605433696415e-06
600,627.4450073242188,170.3140411376953,13.05499267578125,51.747100830078125,7.957327397889458e-06
600,486.19183349609375,164.8453826904297,25.865966796875,60.24176025390625,3.015435140696354e-06
630,158.883544921875,145.49630737304688,22.716217041015625,56.32940673828125,9.104962828132557e-07
630,145.59597778320312,148.51101684570312,22.720977783203125,52.624267578125,2.4155006030923687e-05
630,153.92469787597656,157.1516571044922,21.74957275390625,52.233001708984375,0.00021564983762800694
630,89.32469177246094,169.32789611816406,22.094131469726562,53.2093505859375,3.493727035674965e-06
630,104.10401916503906,166.37350463867188,22.382476806640625,52.221282958984375,3.0428027457674034e-05
630,97.58444213867188,170.8447723388672,22.828262329101562,55.022613525390625,2.995790055138059e-05
660,128.52186584472656,146.48565673828125,22.243988037109375,53.171966552734375,3.245707148380461e-06
660,96.42733001708984,162.8127899169922,21.51422119140625,50.822418212890625,6.218223279574886e-05
660,82.2442626953125,170.24099731445312,21.878997802734375,52.80517578125,6.582286459888564e-06
660,88.36382293701172,173.04359436035156,22.538253784179688,54.15423583984375,6.300841050688177e-06
660,0.0,202.4599609375,13.473588943481445,51.294158935546875,3.4453728403605055e-06
660,0.0,190.03343200683594,18.506208419799805,77.98979187011719,2.70782607003639e-06
690,595.8988037109375,0.0,44.6011962890625,121.06608581542969,3.1217980449582683e-06
690,152.610107421875,172.32862854003906,21.072967529296875,50.886871337890625,9.361642696603667e-06
690,73.87869262695312,180.8082733154297,21.893783569335938,52.22454833984375,2.471398829584359e-06
690,80.1998291015625,186.44354248046875,21.518173217773438,51.24365234375,6.16559532318206e-07
690,487.9891052246094,179.2119903564453,25.656585693359375,60.52587890625,1.3829535419063177e-05
720,609.7296142578125,60.53339385986328,21.8626708984375,51.330963134765625,5.847871307196328e-06
720,80.69281005859375,178.02481079101562,20.801223754882812,50.525848388671875,2.3322479592025047e-06
720,151.69293212890625,177.7776641845703,21.123046875,50.658416748046875,5.712710844818503e-06
720,627.4312133789062,167.25048828125,13.06878662109375,58.012664794921875,1.1606257430685218e-05
720,73.14973449707031,183.85198974609375,21.877349853515625,50.697540283203125,4.188664388493635e-05
720,31.381298065185547,190.7178497314453,24.367294311523438,57.25054931640625,7.81497021762334e-07
720,39.367393493652344,189.24832153320312,23.702590942382812,55.83551025390625,1.2584090427480987e-06
720,48.396976470947266,191.1123809814453,23.015430450439453,54.447723388671875,1.5521796740358695e-05
720,63.817604064941406,188.30282592773438,22.423416137695312,53.34027099609375,3.9342663512798026e-05
720,57.675750732421875,195.5986328125,20.716827392578125,50.87188720703125,2.63420702140138e-06
750,131.77418518066406,177.47366333007812,21.87603759765625,51.275054931640625,1.1510337571962737e-05
750,417.8694763183594,169.96255493164062,21.88916015625,51.2945556640625,1.0310091965948232e-05
750,135.00881958007812,177.44354248046875,26.9544677734375,65.73385620117188,4.681234258896438e-06
750,456.52764892578125,184.53038024902344,23.3209228515625,57.64776611328125,4.3586292122199666e-06
750,0.0,190.39129638671875,15.918354988098145,58.2728271484375,6.4170790210482664e-06
750,0.0,166.31814575195312,23.25860023498535,99.6597900390625,4.559486569633009e-06
750,462.52789306640625,192.32177734375,25.32098388671875,58.09710693359375,2.9829059258190682e-06
750,471.2820739746094,193.08343505859375,22.00372314453125,53.356964111328125,2.1963921881251736e-06
750,7.978298187255859,198.51673889160156,23.059925079345703,55.82781982421875,6.804428267059848e-06
750,0.6125450134277344,205.8979034423828,22.30047035217285,51.90220642089844,1.5238717878673924e-06
780,628.0311889648438,131.55197143554688,12.46881103515625,51.30426025390625,3.100864887528587e-06
780,0.0,155.92208862304688,16.367786407470703,58.04388427734375,1.7224996327058761e-06
780,419.0201416015625,156.1938018798828,21.62890625,51.38031005859375,1.8262360754306428e-05
780,627.5567626953125,154.89895629882812,12.9432373046875,51.680023193359375,2.7939713618252426e-05
780,0.0,135.79031372070312,23.086029052734375,96.86029052734375,4.8128567868843675e-06
780,2.366262435913086,170.13038635253906,21.53840446472168,51.982208251953125,0.00032997180824168026
780,424.40850830078125,162.5762939453125,21.28033447265625,50.785797119140625,5.364847311284393e-06
780,0.0,179.29144287109375,15.978538513183594,54.5008544921875,6.39703866909258e-05
780,7.453150749206543,178.02618408203125,22.273990631103516,53.202789306640625,0.00023250895901583135
780,111.2181396484375,177.76968383789062,26.4359130859375,63.8533935546875,1.6514877643203363e-05
780,36.42408752441406,106.68502807617188,144.0577850341797,285.0559997558594,1.6635901829431532e-06
780,466.769775390625,180.02235412597656,21.654296875,52.52423095703125,6.072871201467933e-06
780,489.29510498046875,182.3175048828125,21.871337890625,52.208892822265625,1.7888860384118743e-05
780,495.3963623046875,187.9654541015625,23.91131591796875,56.623321533203125,9.642061741033103e-06
810,426.84759521484375,152.53363037109375,22.34661865234375,53.251007080078125,1.0397644473414402e-05
810,79.72047424316406,142.688232421875,31.01043701171875,73.7462158203125,7.2535171966592316e-06
810,15.799799919128418,172.09185791015625,22.59646224975586,53.025665283203125,0.00012935634003952146
810,167.39324951171875,160.1851806640625,21.7989501953125,51.555084228515625,9.84975922619924e-05
810,0.0,117.72101593017578,43.472862243652344,218.29165649414062,1.0277744877384976e-05
810,0.6232833862304688,160.44874572753906,34.58513641357422,80.54769897460938,2.5202816686942242e-05
810,67.34867095947266,143.99636840820312,36.956451416015625,86.0216064453125,9.610462257114705e-06
810,76.35797882080078,160.65646362304688,26.148086547851562,60.83941650390625,0.0008275233558379114
810,420.6506652832031,106.89457702636719,136.51168823242188,289.88702392578125,1.5171872291830368e-05
810,495.745849609375,172.2375030517578,21.57720947265625,51.52508544921875,0.8236135840415955
810,0.0,177.74595642089844,17.374244689941406,60.42138671875,2.9661907319677994e-05
810,7.83942985534668,177.1859130859375,23.00524139404297,54.637176513671875,0.8989755511283875
810,0.0,136.14527893066406,73.92694091796875,279.8087158203125,9.647856131778099e-06
810,425.1621398925781,170.81253051757812,22.0458984375,52.903717041015625,3.7839247397641884e-06
810,486.43701171875,173.2432861328125,21.309814453125,50.934356689453125,0.0026732308324426413
810,482.6266174316406,159.2908172607422,35.740997314453125,81.8914794921875,1.9819667329556978e-07
810,499.9153137207031,158.85617065429688,34.420867919921875,80.6143798828125,0.000291928939986974
810,510.3898620605469,169.69619750976562,24.544464111328125,58.645294189453125,0.9779465198516846
810,518.2711181640625,172.760498046875,22.1829833984375,51.72064208984375,0.0034080820623785257
810,526.3230590820312,174.42453002929688,20.4693603515625,50.817138671875,4.858135866925295e-07
810,627.8311157226562,178.36512756347656,12.66888427734375,53.78118896484375,8.64818230184028e-06
810,22.317426681518555,178.67478942871094,23.150903701782227,54.140625,1.0621693036227953e-05
810,504.9144592285156,177.7707977294922,23.604827880859375,56.40948486328125,0.00014648071373812854
810,510.5642395019531,163.0161590576172,35.196990966796875,83.70260620117188,6.85372287989594e-06
810,0.8648538589477539,185.9970703125,26.62145233154297,62.950927734375,0.00017854926409199834
810,11.431282043457031,181.61549377441406,27.854907989501953,66.88555908203125,1.0226190170214977e-06
810,0.0,196.97825622558594,16.429012298583984,60.37275695800781,3.0318426524900133e-06
810,601.2379150390625,359.3111572265625,39.2620849609375,121.1888427734375,6.989384928601794e-06
840,595.1978149414062,0.0,45.30218505859375,121.16789245605469,5.332426098902943e-06
840,45.36754608154297,77.03250885009766,43.77569580078125,107.1419906616211,5.814541509607807e-05
840,433.9006042480469,161.6650390625,20.979248046875,50.904998779296875,1.996941364268423e-06
840,10.635380744934082,166.9408416748047,23.878036499023438,55.711029052734375,2.5327191906399094e-05
840,22.832489013671875,169.879150390625,22.6405029296875,53.6314697265625,0.0013353421818464994
840,503.68304443359375,170.0108642578125,21.4608154296875,50.99139404296875,0.9999943971633911
840,627.2428588867188,162.87855529785156,13.25714111328125,57.012725830078125,1.5360434190370142e-05
840,0.0,168.9237518310547,16.04800796508789,57.747802734375,4.1595812945161015e-06
840,29.28809356689453,166.50665283203125,22.711639404296875,54.179718017578125,1.2888724995718803e-05
840,439.75421142578125,115.924560546875,130.61419677734375,278.29925537109375,7.90206377132563e-06
840,522.999267578125,167.39089965820312,23.1165771484375,55.0810546875,7.575283962069079e-05
840,530.6436767578125,169.74267578125,25.22412109375,60.116729736328125,0.01503584161400795
840,546.370361328125,166.66912841796875,27.60546875,66.47763061523438,0.02802317962050438
840,556.0165405273438,168.0928497314453,24.5047607421875,59.5457763671875,1.531833186163567e-05
840,1.8794450759887695,176.77651977539062,23.88680648803711,56.08819580078125,3.2957316307147266e-06
840,17.238086700439453,176.36837768554688,22.382213592529297,52.8677978515625,0.021419553086161613
840,8.249103546142578,158.98475646972656,37.54597473144531,84.2178955078125,4.767857262777397e-06
840,1.9281806945800781,135.0816650390625,52.50416946411133,122.21975708007812,1.8877366301239817e-06
840,0.0,117.5675048828125,86.3767318725586,280.0030517578125,4.621536845661467e-06
840,498.8548583984375,159.0230712890625,33.7086181640625,78.08502197265625,1.0746432508312864e-06
840,511.1192932128906,171.20184326171875,21.205413818359375,52.62176513671875,4.4748619984602556e-05
840,537.1155395507812,168.7277069091797,27.958740234375,66.9970703125,0.9999996423721313
840,479.05023193359375,144.02565002441406,122.1392822265625,274.78704833984375,3.06031961372355e-06
840,530.0541381835938,147.9198760986328,43.7628173828125,101.72857666015625,1.0361555951021728e-06
840,627.1664428710938,181.80810546875,13.33355712890625,58.5401611328125,5.4312858992489055e-06
840,0.0,189.6898193359375,13.822956085205078,51.0299072265625,3.015673655681894e-06
870,11.657236099243164,61.29641342163086,42.11241149902344,99.35186767578125,6.109529931563884e-05
870,9.322744369506836,54.76952362060547,59.26280975341797,143.90478515625,0.6194981932640076
870,0.0,24.837020874023438,82.76832580566406,209.39279174804688,0.0012811559718102217
870,0.0,148.28761291503906,13.748268127441406,51.754486083984375,5.287431849865243e-05
870,608.1510620117188,156.54710388183594,22.138671875,52.445556640625,1.573192548676161e-06
870,0.0,103.82103729248047,29.14545440673828,135.60482788085938,6.8288777583802585e-06
870,0.0,87.25656127929688,58.925315856933594,137.87081909179688,4.240486669004895e-05
870,17.053918838500977,96.90638732910156,62.23753356933594,149.47250366210938,1.8066416487272363e-06
870,570.10546875,160.6991729736328,24.708984375,55.832366943359375,2.850288638001075e-06
870,578.155029296875,164.06617736816406,23.8636474609375,55.427886962890625,0.0007765660411678255
870,600.4774169921875,158.57801818847656,22.1778564453125,51.952606201171875,2.8994600143050775e-05
870,627.6016235351562,156.94769287109375,12.89837646484375,50.819244384765625,1.0433860552439e-05
870,0.0,149.9102783203125,18.98377227783203,72.4124755859375,0.0001343441690551117
870,0.0,68.42431640625,62.896209716796875,303.40240478515625,2.022838543780381e-06
870,208.9745330810547,160.8458251953125,21.3131103515625,51.993408203125,4.7065755097719375e-06
870,509.7969055175781,163.52963256835938,21.849884033203125,51.324432373046875,0.0007554171024821699
870,516.017578125,159.5823516845703,23.6646728515625,56.73565673828125,0.9999978542327881
870,455.4925231933594,114.989013671875,126.25924682617188,280.526611328125,4.587838247971376e-06
870,523.9561767578125,161.72964477539062,22.230224609375,52.33416748046875,0.00014143333828542382
870,586.6912841796875,163.04173278808594,22.6221923828125,53.297454833984375,8.553845691494644e-05
870,613.7529907226562,158.8689727783203,25.357666015625,59.239044189453125,3.2259515137411654e-05
870,0.0,166.6332244873047,12.928699493408203,50.528289794921875,0.0006139339529909194
870,9.094634056091309,166.02883911132812,21.530391693115234,51.25274658203125,3.734920028364286e-05
870,128.75050354003906,169.24241638183594,22.64263916015625,54.742523193359375,7.25803602108499e-06
870,135.9949188232422,168.9847869873047,22.32952880859375,52.95513916015625,8.679389793542214e-06
870,153.213623046875,171.18621826171875,21.949005126953125,53.390106201171875,1.3419631841316004e-06
870,162.26412963867188,168.7818145751953,21.543701171875,50.748382568359375,2.880747842937126e-06
870,577.5161743164062,154.22193908691406,32.756103515625,80.54763793945312,0.011145222000777721
870,592.8178100585938,166.0863494873047,24.314208984375,58.480499267578125,0.0001314951659878716
870,598.9384765625,161.53021240234375,32.4044189453125,74.02008056640625,0.000561119697522372
870,143.61276245117188,174.43516540527344,22.802581787109375,53.736602783203125,5.984813469694927e-05
870,586.7722778320312,156.63096618652344,36.0654296875,86.97406005859375,1.0
870,624.8389892578125,167.9513702392578,15.6610107421875,62.049072265625,1.5499193978030235e-05
870,576.9998779296875,144.8856964111328,54.447021484375,128.55064392089844,8.310053090099245e-06
870,568.636474609375,122.41571807861328,71.863525390625,203.71157836914062,2.1125681541889207e-06
900,0.0,20.20086669921875,34.88145065307617,158.067138671875,2.7182636586076114e-06
900,0.0,0.0,51.833038330078125,227.91981506347656,6.765014404663816e-05
900,0.0,81.91661071777344,35.380706787109375,145.25576782226562,1.1926785191462841e-05
900,536.7921142578125,157.41012573242188,21.292724609375,51.0849609375,2.8440754249459133e-05
900,527.6069946289062,158.33053588867188,24.4837646484375,58.016845703125,0.9999998807907104
900,0.0,160.83465576171875,14.38906192779541,51.150177001953125,3.095097781624645e-06
900,0.0,124.94888305664062,23.961166381835938,105.850341796875,3.904604454874061e-06
900,0.0,75.8056869506836,49.40708541870117,228.57278442382812,5.0450889830244705e-06
900,469.3830261230469,120.49758911132812,122.99032592773438,284.37322998046875,2.3726108793198364e-06
900,628.2503051757812,168.10023498535156,12.24969482421875,56.51641845703125,8.465293831250165e-06
930,80.47886657714844,131.5758056640625,23.408050537109375,53.634246826171875,2.3552145648864098e-05
930,86.3691177368164,136.81251525878906,23.193038940429688,55.30780029296875,5.826950200571446e-06
930,525.4548950195312,154.15133666992188,22.9246826171875,54.91949462890625,5.491874253493734e-05
930,540.9523315429688,152.38169860839844,24.2510986328125,55.803497314453125,0.0021591309923678637
930,470.54803466796875,108.82524108886719,127.583984375,278.03912353515625,3.7823622278665425e-06
930,532.30126953125,150.6649169921875,25.7725830078125,61.30023193359375,0.9999978542327881
930,523.083251953125,130.9973602294922,45.107177734375,102.61709594726562,8.288638468911813e-07
930,550.00048828125,154.1107635498047,22.6934814453125,53.67889404296875,3.491264214972034e-05
930,627.975341796875,161.3473663330078,12.524658203125,50.683837890625,4.654275926441187e-06
960,441.55267333984375,135.96914672851562,22.0743408203125,51.81817626953125,8.145306310325395e-06
960,522.330322265625,147.12432861328125,25.2957763671875,60.33502197265625,0.9999992847442627
960,627.3101196289062,146.531494140625,13.18988037109375,51.596343994140625,4.199363502266351e-06
960,460.85919189453125,126.75143432617188,124.515625,275.79937744140625,2.956290927613736e-06
960,513.8994140625,128.97537231445312,44.18408203125,102.50506591796875,7.91836441749183e-07
960,530.9533081054688,150.8656005859375,23.9058837890625,55.821380615234375,2.741652133408934e-05
960,516.4274291992188,154.28436279296875,21.874755859375,51.408203125,5.049974060966633e-05
960,601.3364868164062,361.7424011230469,39.16351318359375,118.75759887695312,3.078773488596198e-06
990,602.9015502929688,131.4622039794922,23.0572509765625,54.094512939453125,2.817294080159627e-05
990,626.1614990234375,125.92134094238281,14.3385009765625,52.69158935546875,4.293417077860795e-06
990,52.678043365478516,134.25157165527344,21.510791778564453,51.45526123046875,8.627820352558047e-05
990,59.31716537475586,136.0929412841797,22.209720611572266,52.709991455078125,0.05161689594388008
990,52.776031494140625,125.96499633789062,34.34584045410156,78.74627685546875,3.076110442634672e-05
990,69.29136657714844,137.3453826904297,21.365188598632812,51.3502197265625,4.259520210325718e-05
990,492.7109375,148.0758819580078,20.61431884765625,50.56671142578125,7.339655439864146e-06
990,601.1734619140625,128.69647216796875,34.207275390625,77.98611450195312,0.00011736335000023246
990,614.2608032226562,140.662353515625,21.915283203125,52.187896728515625,9.67979067354463e-05
990,616.415283203125,112.66974639892578,24.084716796875,93.77806854248047,3.2372311125072883e-06
990,496.9276428222656,149.67210388183594,25.332916259765625,60.55718994140625,0.9999781847000122
990,607.2152709960938,142.95281982421875,23.260009765625,55.03564453125,0.6392987966537476
990,546.0297241210938,100.32717895507812,94.47027587890625,280.67852783203125,6.483316610683687e-06
990,626.0064697265625,144.1537322998047,14.4935302734375,53.3402099609375,0.0001344080810667947
990,434.8591003417969,100.11735534667969,127.00894165039062,288.330322265625,6.292608304647729e-06
990,488.2449035644531,130.3189239501953,45.253326416015625,107.17498779296875,2.1876830942346714e-06
990,505.0472106933594,149.2679901123047,25.631561279296875,60.71575927734375,9.673072781879455e-05
990,609.857177734375,144.8026885986328,29.380615234375,70.35452270507812,0.00017805911193136126
990,601.1739501953125,360.27032470703125,39.3260498046875,120.22967529296875,6.08515574640478e-06
1020,550.6116943359375,140.36285400390625,31.2528076171875,80.14523315429688,5.2929381126887165e-06
1020,557.1256103515625,142.9799346923828,43.185302734375,97.66775512695312,1.6679539385222597e-06
1020,56.78845977783203,146.4635009765625,22.967391967773438,53.918975830078125,7.010881290625548e-06
1020,452.62451171875,155.74420166015625,22.01263427734375,51.9036865234375,0.019547902047634125
1020,446.9110412597656,136.4582977294922,33.8975830078125,78.88809204101562,2.6556469947536243e-06
1020,542.1166381835938,142.11598205566406,46.167236328125,110.20233154296875,0.0010227672755718231
1020,608.28466796875,143.97576904296875,23.164306640625,54.644561767578125,0.0003772529016714543
1020,615.1605224609375,141.29891967773438,23.5599365234375,56.181732177734375,0.00018279538198839873
1020,627.0778198242188,145.74655151367188,13.42218017578125,50.8236083984375,5.0346741772955284e-05
1020,444.31536865234375,152.54104614257812,23.58538818359375,56.036041259765625,6.610696345887845e-06
1020,466.2561340332031,153.3487091064453,25.21624755859375,59.1619873046875,0.00013069513079244643
1020,590.4698486328125,153.09243774414062,26.398681640625,64.3939208984375,3.052653482882306e-06
1020,602.1710205078125,154.81362915039062,21.333740234375,50.662994384765625,1.7492462575319223e-05
1020,600.5856323242188,134.11038208007812,36.7039794921875,91.85284423828125,1.4588488284061896e-06
1020,458.57318115234375,156.10731506347656,24.57391357421875,58.576446533203125,0.9999808073043823
1020,398.3163146972656,131.17349243164062,125.51589965820312,275.69769287109375,2.050901684924611e-06
1020,559.9312744140625,160.75108337402344,23.1220703125,57.331207275390625,1.188476062452537e-06
1020,593.4639892578125,151.65231323242188,34.7373046875,81.87515258789062,3.4498871173127554e-06
1020,606.1943969726562,157.44015502929688,26.3460693359375,61.1131591796875,2.6160463676205836e-05
1020,625.3212280273438,157.54669189453125,15.17877197265625,60.068389892578125,2.125235005223658e-05
1020,618.4981689453125,135.87823486328125,22.0018310546875,95.55081176757812,2.0201262032060185e-06
1020,553.758056640625,164.46536254882812,22.7376708984375,59.276275634765625,6.426277650461998e-06
1020,527.9405517578125,111.78047943115234,96.5416259765625,235.5408935546875,1.3941216820967384e-05
1020,571.4736328125,162.49559020996094,32.0592041015625,84.15264892578125,1.0745298823167104e-05
1020,561.083740234375,146.49082946777344,54.2392578125,130.1057891845703,0.0010984329273924232
1020,581.8214721679688,155.72183227539062,38.1051025390625,95.8359375,9.248368769476656e-06
1020,578.3215942382812,129.84829711914062,58.4444580078125,140.73196411132812,1.1082614037150051e-05
1020,616.3392333984375,168.114013671875,21.4595947265625,51.36053466796875,5.364862772694323e-06
1020,520.9822387695312,145.54954528808594,48.5760498046875,114.37312316894531,1.4960151020204648e-05
1020,592.5227661132812,91.76618957519531,47.97723388671875,244.23851013183594,5.79251036469941e-06
1020,451.3568115234375,155.3671112060547,36.286376953125,82.00851440429688,4.20866854256019e-05
1020,538.970703125,137.4891815185547,64.9710693359375,156.87562561035156,0.9999955892562866
1020,529.7177734375,155.83055114746094,53.0135498046875,129.17347717285156,4.5318542106542736e-05
1020,549.3391723632812,181.57479858398438,47.04443359375,107.7470703125,3.2917188946157694e-05
1020,610.7455444335938,406.19183349609375,29.75445556640625,74.30816650390625,1.5737882677058224e-06
1020,600.7102661132812,363.580078125,39.78973388671875,116.919921875,4.3824329623021185e-06
1050,435.5108337402344,153.80247497558594,21.287841796875,50.594512939453125,1.4363494301505852e-05
1050,442.21612548828125,154.03610229492188,22.99005126953125,54.3548583984375,0.0006156578310765326
1050,468.7873840332031,155.07156372070312,24.98492431640625,59.374542236328125,0.00019576000340748578
1050,478.9486083984375,155.4968719482422,21.9989013671875,52.011688232421875,4.14985424868064e-06
1050,65.37298583984375,162.9642333984375,21.405471801757812,51.63714599609375,2.0972491256543435e-05
1050,60.591678619384766,154.49041748046875,31.09304428100586,74.03375244140625,2.405230225122068e-05
1050,440.47357177734375,150.53887939453125,32.7904052734375,79.17236328125,0.0723276436328888
1050,449.6189270019531,158.08270263671875,22.52392578125,52.834747314453125,0.0008806309779174626
1050,402.2986145019531,131.340576171875,116.66708374023438,272.07489013671875,2.5528254354867386e-06
1050,448.1336364746094,145.40213012695312,37.150390625,89.87408447265625,0.9975878000259399
1050,460.7287902832031,147.34556579589844,36.03515625,86.98739624023438,0.00425984850153327
1050,472.66656494140625,150.0757598876953,33.27569580078125,80.15335083007812,3.6831832403549924e-05
1050,617.0540771484375,163.90525817871094,21.72021484375,51.0030517578125,1.822576450649649e-06
1050,57.26876449584961,170.0295867919922,20.95627212524414,51.809051513671875,1.006309139484074e-05
1050,69.78746032714844,167.81454467773438,26.997955322265625,63.7861328125,3.070371531066485e-05
1050,74.73841857910156,162.79605102539062,33.02287292480469,78.46450805664062,1.5794321370776743e-05
1050,431.92816162109375,154.5098876953125,30.923583984375,72.21890258789062,6.129589019110426e-05
1050,455.95098876953125,163.03176879882812,22.90313720703125,53.656219482421875,1.509434514446184e-05
1050,463.4817199707031,164.78268432617188,22.90142822265625,53.242523193359375,1.926876029756386e-05
1050,627.1383666992188,170.1874542236328,13.36163330078125,50.70684814453125,3.616845060605556e-05
1050,460.93719482421875,128.92547607421875,53.8212890625,129.30227661132812,2.589603900560178e-05
1050,427.2765197753906,153.11309814453125,45.615478515625,115.79306030273438,0.000791260797996074
1050,440.38775634765625,150.49917602539062,52.49945068359375,116.310791015625,0.03541294485330582
1050,426.46282958984375,136.10552978515625,80.103759765625,197.33160400390625,6.724000286340015e-06
1080,50.537200927734375,144.9940643310547,24.278396606445312,56.769927978515625,3.677627773868153e-06
1080,626.91064453125,135.32005310058594,13.58935546875,56.2630615234375,4.6201048462535255e-06
1080,57.56619644165039,153.67494201660156,22.072002410888672,52.258636474609375,0.0032992190681397915
1080,609.7236938476562,143.90628051757812,22.7021484375,52.847412109375,1.129954671341693e-05
1110,244.38421630859375,153.21871948242188,25.1741943359375,60.31768798828125,0.00011168076889589429
1110,219.50096130371094,157.67364501953125,23.0081787109375,56.158172607421875,0.009815951809287071
1110,223.08953857421875,154.72386169433594,28.672607421875,69.01559448242188,0.9917678833007812
1110,233.6383514404297,153.74745178222656,27.944686889648438,68.0284423828125,0.8461119532585144
1110,193.8249969482422,167.1935272216797,21.158477783203125,50.972320556640625,5.735343620472122e-06
1110,199.3266143798828,161.92410278320312,26.97845458984375,63.115447998046875,1.806499312806409e-05
1110,208.40884399414062,158.01702880859375,28.6527099609375,67.76632690429688,0.0002566315815784037
1110,626.7693481445312,177.04176330566406,13.73065185546875,57.92938232421875,1.526127744000405e-05
1110,214.46054077148438,152.17050170898438,41.6572265625,97.47787475585938,0.00037669300218112767
1140,95.81986999511719,122.61433410644531,89.55865478515625,209.34495544433594,8.547714242013171e-05
1140,612.9217529296875,149.64520263671875,25.95166015625,60.48486328125,2.2632082618656568e-05
1140,626.093017578125,149.33526611328125,14.406982421875,52.2586669921875,2.597352249722462e-06
1140,112.0131607055664,154.23300170898438,41.993736267089844,102.99459838867188,0.00019429020176175982
1140,121.36451721191406,164.68194580078125,23.57843017578125,58.339630126953125,2.1820344500156352e-06
1140,608.7485961914062,165.04367065429688,23.5208740234375,54.903564453125,0.002684588311240077
1140,601.439697265625,151.216796875,36.179931640625,82.51837158203125,1.5384170183097012e-05
1140,17.16488265991211,170.53614807128906,22.95458984375,53.77435302734375,1.643927930672362e-06
1140,90.01358032226562,152.70211791992188,43.42604064941406,103.75543212890625,1.4748781723028515e-05
1140,129.7273406982422,163.5948486328125,34.6859130859375,87.22869873046875,3.7963839076837758e-06
1140,626.5982666015625,169.31890869140625,13.9017333984375,52.177337646484375,9.04581684153527e-05
1140,127.38711547851562,175.85385131835938,24.982696533203125,61.187286376953125,4.683199222199619e-06
1140,129.8697509765625,156.53805541992188,51.4693603515625,123.88836669921875,7.857220043661073e-05
1140,616.2633056640625,172.7550811767578,21.3690185546875,50.543609619140625,0.00035704582114703953
1140,120.90068817138672,185.28289794921875,25.359031677246094,65.3922119140625,7.78127559897257e-06
1140,122.6204833984375,178.74636840820312,35.319000244140625,87.6558837890625,3.5606335586635396e-06
1140,109.55313873291016,151.33010864257812,60.86882781982422,146.40255737304688,0.999998927116394
1140,147.65382385253906,174.08982849121094,40.08636474609375,101.13075256347656,8.578469532949384e-06
1140,94.20564270019531,192.3843231201172,38.259246826171875,90.34480285644531,2.3171252905740403e-05
1140,98.20109558105469,165.94412231445312,51.46202087402344,119.85794067382812,0.000175878667505458
1170,0.0,120.0294189453125,84.10226440429688,215.68618774414062,2.2334228560794145e-05
1170,15.148780822753906,156.7611541748047,42.481666564941406,100.85734558105469,0.00021812223712913692
1170,440.93585205078125,156.0386505126953,22.5338134765625,52.50506591796875,2.1544731225731084e-06
1170,0.0,165.5756378173828,17.214670181274414,66.63162231445312,5.251968559605302e-06
1170,23.885936737060547,171.04623413085938,24.63934326171875,60.615478515625,4.8616257117828354e-06
1170,52.7561149597168,167.22938537597656,27.551868438720703,65.24847412109375,5.086957116873236e-06
1170,42.59321594238281,159.65969848632812,43.380859375,100.32290649414062,1.3107317499816418e-05
1170,616.60400390625,170.89437866210938,23.36328125,54.56085205078125,3.0682244869240094e-06
1170,0.0,156.56324768066406,28.626245498657227,106.58238220214844,8.557469300285447e-06
1170,16.9373836517334,175.03424072265625,24.592477798461914,62.34771728515625,1.967709067685064e-06
1170,26.989425659179688,160.1581268310547,49.580078125,120.56776428222656,0.00010588245640974492
1170,128.48388671875,176.44467163085938,23.209228515625,54.9146728515625,1.854822585301008e-06
1170,135.96566772460938,175.27597045898438,23.8228759765625,56.149078369140625,7.903540790721308e-06
1170,626.7692260742188,175.3729248046875,13.73077392578125,56.485626220703125,1.1594420357141644e-05
1170,0.0,163.81582641601562,47.02630615234375,117.80255126953125,3.215380274923518e-05
1170,6.700067520141602,153.0997314453125,61.213043212890625,146.13931274414062,0.9999995231628418
1170,0.0,202.951904296875,36.501853942871094,91.0150146484375,9.467364634474507e-07
1170,9.566593170166016,208.03541564941406,39.767765045166016,93.45060729980469,2.46283480009879e-06
1200,614.2063598632812,155.43994140625,22.23876953125,53.00054931640625,1.2274856999283656e-05
1200,608.799072265625,163.8555145263672,23.2862548828125,54.2740478515625,0.0016208466840907931
1200,626.6741333007812,164.18540954589844,13.82586669921875,51.4781494140625,1.5386709492304362e-05
1200,616.0036010742188,171.15138244628906,24.0384521484375,55.444000244140625,3.1084769034350757e-06
1200,627.477294921875,179.76583862304688,13.022705078125,57.307647705078125,6.261223006731598e-06
1230,626.0269775390625,148.69313049316406,14.4730224609375,52.521148681640625,5.7831489357340615e-06
1230,613.9161987304688,157.1204071044922,22.807861328125,53.56842041015625,5.099393456475809e-05
1230,607.0144653320312,142.9300537109375,33.48553466796875,88.711181640625,5.766621598013444e-06
1230,609.9783935546875,168.2491912841797,22.5594482421875,53.071990966796875,0.0014509077882394195
1230,626.3102416992188,170.4820098876953,14.18975830078125,51.298980712890625,9.39941091928631e-05
1230,105.86659240722656,172.66587829589844,20.904800415039062,51.10516357421875,2.2205887944437563e-05
1230,113.32820892333984,174.0211639404297,21.014747619628906,51.005767822265625,4.530160003923811e-05
1230,616.9682006835938,175.06431579589844,23.53179931640625,55.774322509765625,1.1612391062953975e-05
1260,626.698486328125,141.24658203125,13.801513671875,50.646453857421875,4.41899965153425e-06
1260,145.9696502685547,169.27200317382812,22.36322021484375,53.071014404296875,1.791585236787796e-05
1260,621.1509399414062,146.35890197753906,19.34906005859375,74.16757202148438,1.7191836377605796e-05
1260,615.5892333984375,162.3162384033203,21.8939208984375,51.8758544921875,0.00018774585623759776
1260,608.4514770507812,141.6317138671875,32.04852294921875,89.69497680664062,7.035985618131235e-06
1260,151.32508850097656,175.71034240722656,22.395355224609375,53.08905029296875,0.9995774626731873
1260,626.3016967773438,169.93075561523438,14.19830322265625,51.444793701171875,0.00011445609561633319
1260,145.85845947265625,159.79661560058594,34.588592529296875,81.15286254882812,1.0694815500755794e-05
1260,91.75337219238281,112.36532592773438,126.822265625,282.7074279785156,1.3386651517066639e-05
1260,610.2387084960938,171.0000457763672,22.894287109375,53.197021484375,2.657130426086951e-05
1260,158.4286651611328,177.40174865722656,23.1129150390625,55.04412841796875,0.00046676621423102915
1260,617.9093627929688,177.2895965576172,22.59063720703125,54.834228515625,4.4251696635910776e-06
1290,0.0,128.3835906982422,14.604960441589355,54.95416259765625,1.3520198081096169e-05
1290,615.1285400390625,158.75222778320312,21.3309326171875,50.511383056640625,5.122436050442047e-06
1290,610.6876220703125,170.87213134765625,21.402099609375,51.11761474609375,0.00023060300736688077
1290,627.0812377929688,171.46182250976562,13.41876220703125,50.53277587890625,9.620666969567537e-05
1290,616.1651000976562,173.47314453125,22.99658203125,54.0235595703125,5.035951471654698e-05
1320,58.01744079589844,157.8287353515625,22.281463623046875,52.790618896484375,2.3445509214070626e-06
1320,92.86221313476562,172.02957153320312,22.136154174804688,52.711822509765625,0.00046633303281851113
1320,102.05233764648438,174.93194580078125,21.8297119140625,51.4344482421875,0.9999336004257202
1320,37.167564392089844,125.19282531738281,133.49838256835938,274.02056884765625,4.732441084343009e-06
1320,96.95111083984375,160.59494018554688,34.256683349609375,79.89935302734375,4.950925358571112e-06
1320,109.8246841430664,173.3013153076172,21.260093688964844,51.072357177734375,0.00023830893042031676
1320,627.4534912109375,184.26954650878906,13.0465087890625,53.12591552734375,1.5852569049457088e-05
1350,626.4188232421875,157.23313903808594,14.0811767578125,51.21832275390625,3.537462589520146e-06
1350,65.37030792236328,163.21621704101562,23.084442138671875,55.30841064453125,2.051394631052972e-06
1350,615.076904296875,161.99134826660156,23.8792724609375,55.373748779296875,8.252008228737395e-06
1350,75.53123474121094,170.53067016601562,22.556442260742188,53.852996826171875,5.532904765459534e-07
1350,100.0434799194336,169.74256896972656,22.1099853515625,52.60150146484375,1.0636422302923165e-05
1350,610.321044921875,170.010498046875,22.09228515625,52.656036376953125,2.2363126845448278e-05
1350,90.96436309814453,175.24359130859375,21.480621337890625,51.04437255859375,0.9986262321472168
1350,82.86788177490234,159.5902862548828,34.99237060546875,80.1339111328125,1.9366325432201847e-05
1350,25.38768768310547,124.5906982421875,132.613037109375,275.9849853515625,3.2951534194580745e-06
1350,627.4403686523438,176.9221649169922,13.05963134765625,50.6060791015625,2.3999649783945642e-05
1350,84.58131408691406,178.60659790039062,21.269744873046875,51.000152587890625,0.00018118697335012257
1380,75.30482482910156,169.135986328125,22.555099487304688,53.97491455078125,9.280522590415785e-07
1380,91.00548553466797,171.717041015625,21.41497802734375,52.577789306640625,0.0017482084222137928
1380,75.49553680419922,157.5720672607422,34.838623046875,78.55392456054688,3.560728600859875e-06
1380,18.254623413085938,132.6567840576172,134.32118225097656,271.1343994140625,3.7315398913051467e-06
1380,83.01924133300781,176.37277221679688,21.615509033203125,51.13470458984375,0.9290392994880676
1410,74.1002197265625,158.88983154296875,35.46937561035156,80.93154907226562,4.504003754846053e-06
1410,14.698219299316406,129.81820678710938,134.38821411132812,276.9193115234375,5.107947799842805e-06
1410,626.826416015625,176.024169921875,13.673583984375,56.556732177734375,1.1260187420703005e-05
1410,81.92874908447266,175.99301147460938,21.40863037109375,50.67242431640625,0.61435866355896
1440,233.15753173828125,154.2659454345703,21.34661865234375,50.54852294921875,3.890843072440475e-05
1440,614.3153686523438,156.29042053222656,22.1527099609375,52.54730224609375,4.60777991975192e-05
1440,75.52433013916016,168.22613525390625,22.351333618164062,53.07568359375,3.4533827601990197e-06
1440,226.27822875976562,161.11328125,21.69744873046875,50.884246826171875,1.0753848982858472e-05
1440,609.6011962890625,165.9539794921875,22.9337158203125,53.735595703125,0.0006669647409580648
1440,81.47676849365234,171.10830688476562,25.677597045898438,60.8740234375,0.003442862769588828
1440,38.150352478027344,90.66619110107422,101.22266387939453,247.332275390625,7.009577984717907e-06
1440,626.8485717773438,171.08035278320312,13.65142822265625,50.697906494140625,7.789421215420589e-05
1440,13.640625,132.70388793945312,137.70913696289062,274.21417236328125,4.1480698200757615e-06
1440,616.1132202148438,172.08059692382812,23.496337890625,54.6195068359375,1.504229658166878e-05
1470,89.41912841796875,166.41786193847656,22.52642822265625,54.91424560546875,0.00045836091157980263
1470,626.426025390625,157.10987854003906,14.073974609375,51.335784912109375,3.6452902349992655e-06
1470,16.497604370117188,90.17164611816406,143.18075561523438,299.46173095703125,3.719176447702921e-06
1470,610.035400390625,171.58074951171875,21.7164306640625,52.0147705078125,4.440100383362733e-06
1470,615.9871215820312,169.5666961669922,23.7645263671875,54.94757080078125,3.038384193132515e-06
1470,626.9427490234375,174.90780639648438,13.5572509765625,56.592987060546875,1.9394306946196593e-05
1500,609.46728515625,151.6123809814453,20.6451416015625,50.607818603515625,8.854212865117006e-06
1500,96.79145050048828,167.5056915283203,21.899093627929688,53.4681396484375,0.0011073931818827987
1500,615.0153198242188,158.48898315429688,21.69873046875,51.34417724609375,9.460079127165955e-06
1500,609.8095703125,166.91854858398438,22.823974609375,53.60498046875,0.00012173617869848385
1500,626.542236328125,164.8333740234375,13.957763671875,51.358306884765625,1.9078670447925106e-05
1500,21.84642791748047,78.270751953125,143.88690185546875,307.41290283203125,1.2009633110210416e-06
1500,100.08596801757812,170.3082733154297,26.755111694335938,61.73748779296875,2.263110900457832e-06
1500,616.3449096679688,173.75103759765625,23.26611328125,53.95745849609375,1.9130011423840187e-05
1500,627.2654418945312,179.63760375976562,13.23455810546875,57.082275390625,1.879344017652329e-05
1530,104.03548431396484,168.7538604736328,21.671875,53.584503173828125,0.00163681257981807
1530,611.2799072265625,149.36749267578125,29.2200927734375,72.81027221679688,5.881905053684022e-06
1530,609.0372924804688,167.77163696289062,23.0157470703125,54.351776123046875,0.0001455409510526806
1530,28.7647705078125,74.63340759277344,142.9331817626953,309.713623046875,7.051073112052109e-07
1530,627.157958984375,172.3243865966797,13.342041015625,50.526702880859375,5.912475535296835e-05
1530,616.1187133789062,173.8160858154297,22.9945068359375,54.445220947265625,2.2462327251560055e-05
1560,608.8302001953125,148.548583984375,21.2802734375,51.377777099609375,7.750672921247315e-06
1560,612.2830200195312,149.82904052734375,26.837646484375,63.548370361328125,6.255335756577551e-05
1560,625.982666015625,149.19969177246094,14.517333984375,52.293853759765625,4.320357220422011e-06
1560,111.95833587646484,166.77200317382812,21.66870880126953,52.6943359375,0.0017574781086295843
1560,57.56748580932617,162.93795776367188,22.500003814697266,53.21112060546875,1.8588636521599256e-05
1560,441.2054138183594,158.14817810058594,21.74688720703125,51.122772216796875,7.566301519545959e-06
1560,609.8193359375,167.47540283203125,21.785888671875,52.10748291015625,0.06702794134616852
1560,101.41207122802734,168.47137451171875,20.95086669921875,52.162811279296875,1.7953333326659049e-06
1560,36.05888366699219,100.72775268554688,141.6485595703125,296.7976989746094,6.911621312610805e-06
1560,602.73876953125,156.07601928710938,35.9735107421875,79.95465087890625,2.9176502721384168e-05
1560,542.0891723632812,104.18846130371094,98.41082763671875,288.41802978515625,5.478730599861592e-06
1560,625.962646484375,170.6452178955078,14.537353515625,51.697998046875,0.00015811006596777588
1560,615.6921997070312,172.36001586914062,23.8167724609375,55.419921875,4.556468047667295e-05
1590,609.2036743164062,148.83712768554688,20.8253173828125,50.628173828125,3.5487685181578854e-06
1590,612.7178955078125,150.22802734375,26.325439453125,62.311309814453125,3.720479799085297e-05
1590,625.9013061523438,149.1095733642578,14.59869384765625,52.49822998046875,5.502030944626313e-06
1590,114.00212097167969,167.75653076171875,21.263336181640625,51.31854248046875,0.00046557042514905334
1590,609.1428833007812,166.2072296142578,23.1468505859375,54.2950439453125,0.037571702152490616
1590,37.202964782714844,87.61381530761719,146.414794921875,302.92742919921875,6.203416887728963e-06
1590,602.49951171875,154.49227905273438,36.1285400390625,81.01296997070312,1.2376462109386921e-05
1590,625.8941040039062,170.0707244873047,14.60589599609375,51.562591552734375,0.00023826121469028294
1590,119.45314025878906,174.2609405517578,21.218536376953125,51.842529296875,1.0825888239196502e-05
1590,616.2312622070312,173.31642150878906,23.52685546875,54.95947265625,2.399923869234044e-05
1590,600.823974609375,364.6103210449219,39.676025390625,115.88967895507812,5.1428287406452e-06
1620,625.9653930664062,150.26979064941406,14.53460693359375,54.431915283203125,2.8619890144909732e-05
1620,617.1388549804688,156.77490234375,23.36114501953125,56.62481689453125,3.5588343507697573e-06
1620,118.3700942993164,168.078369140625,21.62535858154297,51.3974609375,0.012058566324412823
1620,626.5802612304688,175.08566284179688,13.91973876953125,52.76202392578125,2.6370121304353233e-06
1620,600.66259765625,366.90863037109375,39.83740234375,113.59136962890625,7.067877049848903e-06
1650,626.0552368164062,149.06414794921875,14.44476318359375,51.549530029296875,6.0669781305477954e-06
1650,56.643218994140625,157.0061798095703,23.147811889648438,53.310211181640625,1.2643162335734814e-05
1650,614.8861083984375,157.54771423339844,22.3216552734375,52.59857177734375,9.801749547477812e-05
1650,607.95263671875,141.66622924804688,32.54736328125,85.41073608398438,3.2941418339760276e-06
1650,610.0496215820312,167.1550750732422,22.90478515625,53.522186279296875,0.0012210453860461712
1650,625.739501953125,169.56744384765625,14.760498046875,51.48480224609375,0.00011022653779946268
1650,617.0513305664062,175.9303436279297,22.85400390625,53.8404541015625,1.3389409105002414e-05
1680,615.4185180664062,148.22686767578125,24.693603515625,57.839080810546875,5.4310376071953215e-06
1680,626.4705810546875,148.18020629882812,14.0294189453125,50.745208740234375,4.322850600146921e-06
1680,614.9602661132812,168.0052947998047,24.054931640625,55.78155517578125,4.809145684703253e-05
1680,626.5244750976562,170.74099731445312,13.97552490234375,51.203521728515625,4.782518954016268e-05
1710,611.7110595703125,136.37026977539062,21.1171875,51.1727294921875,1.0350297543482156e-06
1710,625.07373046875,142.2459716796875,15.42626953125,55.459625244140625,5.5038181017152965e-05
1710,566.5144653320312,32.94206237792969,73.98553466796875,315.3592529296875,5.114791747473646e-06
1710,56.970428466796875,155.99169921875,23.025543212890625,53.168365478515625,3.0496794352075085e-06
1710,473.1922912597656,153.99290466308594,23.4013671875,53.5538330078125,1.1746113159460947e-05
1710,496.0528869628906,153.20289611816406,23.441070556640625,56.652679443359375,6.001146903145127e-05
1710,504.42926025390625,154.46923828125,23.016357421875,54.256500244140625,2.8950395062565804e-05
1710,601.8338012695312,152.2958526611328,22.278564453125,54.286346435546875,8.358336344826967e-06
1710,609.4518432617188,153.8555908203125,22.3701171875,54.08380126953125,5.241286271484569e-05
1710,616.6668701171875,149.89535522460938,23.4410400390625,54.90478515625,5.262943159323186e-05
1710,479.3506164550781,158.01968383789062,24.927978515625,56.977142333984375,2.9863225790904835e-05
1710,487.7214050292969,157.793212890625,23.98834228515625,56.068695068359375,0.0001323454052908346
1710,592.574951171875,155.6202392578125,22.7760009765625,56.456268310546875,8.234618144342676e-05
1710,626.7254638671875,159.6929473876953,13.7745361328125,52.71917724609375,4.533397441264242e-05
1740,595.5515747070312,0.0,44.94842529296875,120.90278625488281,3.8641492210444994e-06
1740,626.455810546875,148.35777282714844,14.044189453125,51.61456298828125,3.8164616853464395e-06
1740,613.8587646484375,157.0742950439453,22.3231201171875,53.174652099609375,4.722234734799713e-05
1740,609.2659301757812,166.610595703125,23.3004150390625,54.295440673828125,0.03659195825457573
1740,606.3878173828125,143.09762573242188,34.1121826171875,88.16143798828125,3.3489536690467503e-06
1740,626.5223999023438,171.02749633789062,13.97760009765625,51.3031005859375,4.81201677757781e-05
1740,616.712158203125,176.00216674804688,23.448486328125,54.941925048828125,6.300546374404803e-06
1740,600.6205444335938,364.615478515625,39.87945556640625,115.884521484375,1.1417300811444875e-05
1770,11.238018035888672,91.03338623046875,127.62245178222656,308.2003479003906,1.5362251360784285e-05
1770,50.03826141357422,113.1937484741211,102.54651641845703,238.1312255859375,1.3495043731381884e-06
1770,610.4146118164062,172.40626525878906,21.473876953125,51.65277099609375,3.7911046092631295e-05
1770,625.935546875,169.64999389648438,14.564453125,56.483154296875,1.572836481500417e-05
1770,616.3162841796875,174.33071899414062,22.9080810546875,53.81378173828125,1.90245991689153e-05
1770,30.012893676757812,164.02313232421875,86.80577087402344,202.70404052734375,0.00014365999959409237
1770,22.992244720458984,170.82736206054688,61.75191116333008,152.07977294921875,5.0312423809373286e-06
1770,43.08769607543945,184.54061889648438,58.50980758666992,133.7254638671875,1.4538069990521763e-05
1800,62.10048294067383,151.6571044921875,23.173458099365234,54.399688720703125,6.655239121755585e-05
1800,56.91659164428711,158.41705322265625,22.33590316772461,52.48699951171875,7.607098814332858e-05
1800,614.525634765625,159.9349822998047,24.269287109375,56.673492431640625,4.428665306477342e-06
1800,626.7487182617188,163.92645263671875,13.75128173828125,50.93072509765625,8.705718755663838e-06
1800,609.4818725585938,168.6350860595703,22.31591796875,53.201751708984375,4.283386078896001e-05
1800,600.2342529296875,367.43878173828125,40.2657470703125,113.06121826171875,8.307390089612454e-06
1830,616.9168701171875,172.84695434570312,22.7569580078125,53.016998291015625,3.5427697184786666e-06
1830,626.8983764648438,175.99159240722656,13.60162353515625,56.20068359375,1.7999631381826475e-05
