30,24.173025131225586,58.256195068359375,21.792116165161133,50.78865051269531,0.0005097207613289356
30,18.711925506591797,59.86641311645508,31.565940856933594,75.4967041015625,0.01101693231612444
30,207.684326171875,122.81787109375,26.161590576171875,62.41705322265625,2.3034547211864265e-06
30,216.03353881835938,127.3989486694336,20.797149658203125,50.706886291503906,0.008328832685947418
30,133.8815155029297,63.51332092285156,148.12684631347656,294.8084716796875,1.1103942597401328e-05
30,433.427001953125,140.64639282226562,22.59765625,53.5621337890625,2.967338105008821e-06
30,590.003173828125,144.4898223876953,28.85107421875,70.26260375976562,1.6897871319088154e-05
30,577.0615234375,155.52023315429688,21.603759765625,50.96112060546875,2.9588001780211926e-05
30,599.21826171875,153.961181640625,24.5955810546875,58.117462158203125,0.0009967329679057002
30,608.083984375,154.0699462890625,22.4034423828125,53.0860595703125,0.0004324902256485075
30,626.9913940429688,149.73123168945312,13.50860595703125,51.1705322265625,1.986539427889511e-05
30,561.7564086914062,156.58522033691406,22.515869140625,53.899993896484375,1.391709429299226e-05
30,600.97705078125,155.80064392089844,33.3837890625,78.518310546875,0.0005490912008099258
30,615.3104248046875,156.93370056152344,22.8218994140625,53.914581298828125,6.904166366439313e-05
30,569.7142944335938,160.45452880859375,25.276123046875,58.6756591796875,6.439429125748575e-05
30,576.139892578125,161.3443145751953,28.397705078125,66.86871337890625,5.735324157285504e-05
30,585.7055053710938,160.73617553710938,27.271728515625,63.9752197265625,5.222815525485203e-05
30,587.8782958984375,154.78704833984375,36.1109619140625,87.32769775390625,0.03312643989920616
30,624.1876831054688,162.76376342773438,16.31231689453125,65.458740234375,2.0148303519818e-05
30,614.3411865234375,146.48023986816406,26.1588134765625,103.50823974609375,0.00011485821596579626
30,572.667724609375,158.72000122070312,40.5526123046875,99.81924438476562,1.2609662917384412e-05
30,582.3759155273438,145.5203857421875,52.7144775390625,127.01800537109375,0.000765828532166779
30,620.8041381835938,181.71812438964844,19.69586181640625,82.46141052246094,3.2397385894000763e-06
30,565.5416870117188,119.23497772216797,74.95831298828125,206.17648315429688,1.049817910825368e-05
30,599.921142578125,155.58670043945312,40.578857421875,142.7049560546875,8.174589311238378e-06
30,600.5101318359375,360.17791748046875,39.9898681640625,120.32208251953125,3.1157217108557234e-06
60,603.5851440429688,109.24324798583984,21.0965576171875,51.242088317871094,0.00022389701916836202
60,615.3450317382812,107.99726867675781,22.730712890625,54.728118896484375,3.719344749697484e-05
60,624.6778564453125,110.83953857421875,15.8221435546875,63.357513427734375,1.7980466509470716e-05
60,162.35511779785156,133.22113037109375,21.21142578125,50.56231689453125,0.9975505471229553
60,607.7026977539062,116.08901977539062,26.4735107421875,61.943115234375,0.00029166467720642686
60,617.4417724609375,100.08694458007812,23.0582275390625,96.12686157226562,2.6155974410357885e-05
60,602.84765625,126.95435333251953,21.579833984375,51.97374725341797,1.5021466424514074e-05
60,616.6223754882812,130.26026916503906,21.8514404296875,52.56915283203125,0.0002974909730255604
60,153.7371063232422,118.35966491699219,36.575469970703125,84.79873657226562,1.6061543419709778e-06
60,148.99917602539062,99.08674621582031,51.892822265625,119.00244140625,8.63485001900699e-06
60,95.11182403564453,86.69978332519531,134.83737182617188,277.0750732421875,2.0304429199313745e-05
60,626.8023071289062,137.7342071533203,13.69769287109375,51.470794677734375,0.0001546071725897491
60,591.8446044921875,58.59486389160156,48.6553955078125,231.85581970214844,6.735731403750833e-06
60,156.86070251464844,139.16453552246094,21.835845947265625,52.6351318359375,0.0003637266927398741
60,167.99024963378906,136.92767333984375,21.62261962890625,51.715789794921875,0.04825939983129501
60,174.3383331298828,137.33615112304688,22.656341552734375,53.709503173828125,1.2575534128700383e-05
60,609.33740234375,138.31504821777344,23.931396484375,56.97705078125,2.2677542801829986e-05
90,106.28887939453125,123.60708618164062,21.500625610351562,51.033905029296875,0.0020170912612229586
90,117.41498565673828,125.34028625488281,24.020835876464844,56.33685302734375,0.0006107090157456696
90,99.92652130126953,131.40899658203125,23.038040161132812,53.86395263671875,0.04307936504483223
90,100.98809814453125,120.12065124511719,32.71043395996094,75.693603515625,3.37797864631284e-05
90,110.96864318847656,130.95126342773438,23.369293212890625,55.616546630859375,0.9993921518325806
90,51.626548767089844,81.43214416503906,132.73214721679688,287.6080322265625,5.848222826898564e-06
90,110.2855224609375,117.51588439941406,34.92573547363281,83.15798950195312,2.3322145352722146e-06
90,93.39067077636719,134.4954071044922,21.361968994140625,51.18829345703125,2.0011768356198445e-05
90,425.3858642578125,146.30191040039062,21.9605712890625,51.87762451171875,5.54306870981236e-06
90,432.7228088378906,145.26776123046875,22.23040771484375,53.17010498046875,1.1190346640432836e-06
90,93.09176635742188,129.30941772460938,34.33283996582031,81.0650634765625,1.0311791811545845e-05
90,106.41165161132812,140.2919921875,21.12701416015625,52.686767578125,0.00028392206877470016
120,19.379310607910156,129.77215576171875,25.498077392578125,59.563385009765625,7.720284338574857e-05
120,36.49510192871094,127.62561798095703,25.52496337890625,59.40093231201172,0.0010899713961407542
120,9.712150573730469,126.76456451416016,26.766021728515625,62.97016143798828,5.877811872778693e-07
120,25.431259155273438,126.2138671875,28.91193389892578,68.96560668945312,0.9999700784683228
120,12.739933013916016,112.24430084228516,44.135650634765625,95.70085906982422,9.66900984167296e-07
120,0.0,90.13824462890625,96.1827621459961,281.5438232421875,3.8407938518503215e-06
120,103.83316802978516,140.822021484375,21.98297119140625,52.41619873046875,0.00029916991479694843
120,627.0283203125,154.76123046875,13.4716796875,51.829498291015625,1.6711539501557127e-05
120,617.2230224609375,159.17196655273438,23.2769775390625,55.2076416015625,6.949619091756176e-06
120,21.975902557373047,124.96879577636719,43.97450637817383,105.50503540039062,4.221025392325828e-06
120,601.73486328125,355.59716796875,38.76513671875,124.90283203125,3.1040158319228794e-06
210,627.5955810546875,107.34634399414062,12.9044189453125,50.9327392578125,1.4816167094977573e-05
240,579.1854248046875,148.336669921875,31.2828369140625,74.96331787109375,4.636387529899366e-06
240,585.1912841796875,169.49632263183594,21.7138671875,51.521728515625,2.140710421372205e-05
240,599.6287231445312,359.87567138671875,40.87127685546875,120.62432861328125,3.2606549211777747e-06
270,377.6349182128906,139.81353759765625,22.50048828125,53.028167724609375,5.841227448399877e-07
270,383.59130859375,145.46202087402344,22.0863037109375,52.059326171875,2.796188709908165e-06
270,600.6071166992188,360.4676818847656,39.89288330078125,120.03231811523438,3.7694958336942364e-06
300,391.2076721191406,144.6785430908203,25.597900390625,60.525848388671875,2.8547119654831477e-06
300,407.3074645996094,145.6712188720703,24.62091064453125,57.672027587890625,1.049592924573517e-06
300,398.3562316894531,154.0293731689453,25.014404296875,58.50518798828125,1.9036931462323992e-06
300,511.80804443359375,141.89732360839844,26.775390625,62.472412109375,0.00038535246858373284
300,502.6932678222656,147.23211669921875,27.651824951171875,66.64468383789062,2.0765417502843775e-05
300,522.1693115234375,144.2862091064453,32.55517578125,79.97454833984375,2.620011400722433e-06
300,503.3941955566406,135.1278533935547,39.748931884765625,92.76321411132812,9.262776438845322e-05
300,590.4287719726562,74.90970611572266,50.07122802734375,244.61288452148438,4.525540589384036e-06
300,601.4241333007812,362.32012939453125,39.07586669921875,118.17987060546875,5.702673661289737e-06
330,0.0,152.44570922851562,15.989221572875977,56.398956298828125,5.599828227786929e-07
330,416.4687805175781,156.61672973632812,22.733642578125,54.545379638671875,1.0683551408874337e-05
330,408.1246337890625,152.8670654296875,37.64111328125,88.97390747070312,6.172749635879882e-07
330,421.79449462890625,163.43927001953125,25.6248779296875,62.253509521484375,3.1792726076673716e-05
330,429.59027099609375,160.4278564453125,24.598876953125,58.979095458984375,1.235475451721868e-06
330,626.6231689453125,170.15260314941406,13.8768310546875,53.371124267578125,8.449783308606129e-06
330,624.3998413085938,183.2029266357422,16.10015869140625,62.1077880859375,9.2212540039327e-06
330,617.8594970703125,164.1789093017578,22.6405029296875,102.36878967285156,5.187945589568699e-06
330,416.26617431640625,183.07846069335938,26.1279296875,61.681854248046875,6.2171211538952775e-06
330,590.7550659179688,125.74122619628906,49.74493408203125,234.7554168701172,1.3783194390271092e-06
330,404.2320251464844,185.3070068359375,30.75958251953125,74.81314086914062,4.3176780195608444e-07
330,388.14056396484375,195.7198486328125,30.6893310546875,73.79910278320312,6.070705239835661e-06
330,381.5238342285156,206.0543670654297,28.8248291015625,67.88508605957031,4.331549916969379e-06
330,611.42431640625,410.0857849121094,29.07568359375,70.41421508789062,2.9547659323725384e-06
330,600.7437133789062,360.91046142578125,39.75628662109375,119.58953857421875,8.321759196405765e-06
360,402.2795104980469,196.81707763671875,33.51904296875,82.114013671875,3.1346291962108808e-06
360,340.790771484375,229.60592651367188,44.4981689453125,111.9769287109375,1.7302512787864543e-05
390,627.4754028320312,144.55870056152344,13.02459716796875,57.596527099609375,1.9749224975385005e-06
390,411.066162109375,211.31692504882812,32.7918701171875,78.27340698242188,1.1098457434854936e-05
390,364.3046569824219,196.89508056640625,61.88519287109375,147.216796875,3.427416913837078e-06
390,342.8143310546875,183.12841796875,88.4058837890625,209.9954833984375,1.4351609024743084e-05
390,353.43365478515625,227.27940368652344,54.9818115234375,135.28260803222656,0.004948692861944437
390,343.913818359375,246.6100616455078,44.8121337890625,113.60673522949219,0.00016658937965985388
390,171.89102172851562,256.69964599609375,42.5892333984375,103.45086669921875,8.947073183662724e-06
390,327.5269470214844,219.15525817871094,83.906494140625,208.52137756347656,1.3275260243972298e-05
390,361.460205078125,261.6936340332031,37.5340576171875,93.020263671875,0.0001771223614923656
390,601.7468872070312,363.1986083984375,38.75311279296875,117.3013916015625,4.048275968671078e-06
420,618.26611328125,151.04139709472656,22.23388671875,99.44656372070312,1.915132315843948e-06
420,627.2095947265625,184.36032104492188,13.2904052734375,53.16058349609375,7.982250281202141e-06
420,360.36981201171875,213.0352783203125,58.25177001953125,143.54913330078125,2.0389805285958573e-05
420,356.2142333984375,248.43128967285156,44.4464111328125,110.41392517089844,1.4507627383864019e-05
510,456.93975830078125,154.3201446533203,34.27239990234375,79.68292236328125,3.694535553222522e-05
510,453.12060546875,170.18719482421875,21.47430419921875,52.4635009765625,3.293624831712805e-05
510,463.251708984375,170.5571746826172,22.85211181640625,54.592010498046875,0.999666690826416
510,400.0444641113281,119.28326416015625,133.91464233398438,292.3355712890625,7.7047525337548e-06
510,477.45196533203125,176.12071228027344,22.34893798828125,53.6883544921875,0.0005593547248281538
510,469.1107482910156,173.77557373046875,24.4215087890625,58.00146484375,0.003001674311235547
510,450.54132080078125,184.20504760742188,22.96868896484375,56.919891357421875,1.2721043276542332e-06
510,455.7334899902344,176.77072143554688,27.33233642578125,64.429443359375,0.017238624393939972
510,451.1046142578125,172.71517944335938,39.24609375,92.62115478515625,2.295185595357907e-06
510,599.2981567382812,364.90155029296875,41.20184326171875,115.59844970703125,6.362838121276582e-06
540,227.554443359375,168.982666015625,23.31182861328125,55.634033203125,0.00045384603436104953
540,233.0919952392578,155.4434814453125,33.28971862792969,78.72271728515625,0.0002588238858152181
540,238.975341796875,171.7313995361328,23.136688232421875,55.286773681640625,0.9934636354446411
540,218.60244750976562,145.39512634277344,51.170379638671875,110.50006103515625,8.01710757514229e-06
540,175.14047241210938,121.26461791992188,129.78982543945312,277.6182861328125,6.915022822795436e-06
540,247.55088806152344,175.27008056640625,21.694808959960938,52.770843505859375,0.020274609327316284
540,254.09881591796875,175.76394653320312,22.60198974609375,54.018402099609375,0.002122340025380254
540,261.3485107421875,174.82273864746094,23.41241455078125,55.44244384765625,3.7214044823485892e-06
540,241.37380981445312,161.36878967285156,35.0167236328125,83.8245849609375,3.125584271401749e-06
540,233.71945190429688,179.9805145263672,22.39593505859375,54.666900634765625,0.0008076368249021471
600,610.8397216796875,407.3935241699219,29.6602783203125,73.10647583007812,7.067465503496351e-06
600,601.0101318359375,361.24212646484375,39.4898681640625,119.25787353515625,5.019189302402083e-06
630,49.21952819824219,166.922607421875,21.627960205078125,50.607635498046875,0.0006181875942274928
660,33.61457061767578,169.80511474609375,21.852088928222656,50.7366943359375,0.010259171016514301
660,0.0,175.9193878173828,15.526680946350098,55.223907470703125,3.361689550729352e-06
690,23.704010009765625,167.1637420654297,22.07646942138672,52.912017822265625,0.0001943483657669276
690,0.0,170.59194946289062,13.025618553161621,51.336456298828125,6.2240146689873654e-06
690,0.0,164.61878967285156,18.188720703125,75.70697021484375,6.7233977461000904e-06
690,18.101299285888672,173.9396514892578,22.62230682373047,52.78118896484375,1.32546902023023e-05
690,0.0,190.49490356445312,12.248930931091309,51.002685546875,3.0405174129555235e-06
690,601.7534790039062,361.261474609375,38.74652099609375,119.238525390625,4.952634753863094e-06
720,0.0,177.5629119873047,15.159183502197266,53.9793701171875,7.84570693213027e-06
750,0.0,184.6526641845703,14.869243621826172,51.203277587890625,2.1038378690718673e-05
780,608.841796875,121.30068969726562,31.658203125,143.06304931640625,1.3914757801103406e-05
780,592.5150756835938,94.53054809570312,47.98492431640625,235.49688720703125,5.963880539638922e-06
780,0.0,192.41497802734375,14.555362701416016,54.894134521484375,1.1858148354804143e-05
780,616.3052978515625,170.02102661132812,24.1947021484375,103.93960571289062,6.9250013439159375e-06
780,533.225341796875,193.687744140625,41.7830810546875,105.64117431640625,1.417015755578177e-05
780,622.5802001953125,212.3948516845703,17.9197998046875,79.08100891113281,1.4513633686874527e-05
840,627.4442138671875,156.421630859375,13.0557861328125,51.78265380859375,6.564519935636781e-06
840,626.3035278320312,175.4308624267578,14.19647216796875,56.651153564453125,4.042174623464234e-05
840,600.3295288085938,359.64422607421875,40.17047119140625,120.85577392578125,5.131942089064978e-06
870,627.2901611328125,176.4883270263672,13.2098388671875,58.1944580078125,1.0265853234159295e-05
930,626.8292846679688,185.68115234375,13.67071533203125,56.452545166015625,7.736648512945976e-06
960,75.59278869628906,162.90966796875,22.03448486328125,51.172943115234375,2.4113991457852535e-05
960,81.6951675415039,167.6181640625,21.714141845703125,50.99737548828125,0.0020316261798143387
960,89.24189758300781,165.20924377441406,21.65997314453125,51.69354248046875,2.3983862774912268e-05
960,627.3012084960938,175.82391357421875,13.19879150390625,51.60540771484375,2.8350741558824666e-05
960,601.3580932617188,363.5567626953125,39.14190673828125,116.9432373046875,2.840086381183937e-06
990,0.0,159.94798278808594,15.323314666748047,55.076995849609375,7.761917004245333e-06
990,600.637451171875,360.7661437988281,39.862548828125,119.73385620117188,5.819341822643764e-06
1020,459.971435546875,112.52827453613281,49.0576171875,108.97235107421875,4.803136107511818e-06
1020,484.3493347167969,139.1529541015625,25.2891845703125,60.635009765625,0.006635845638811588
1020,470.24542236328125,146.056640625,21.43426513671875,51.81903076171875,0.0018033328233286738
1020,414.0802917480469,112.97427368164062,127.82870483398438,274.09100341796875,6.656815003225347e-06
1020,475.5951843261719,141.49072265625,26.0123291015625,61.026885986328125,0.7337413430213928
1020,493.1935119628906,144.48838806152344,23.856048583984375,57.09423828125,7.11233660695143e-05
1020,608.9468994140625,167.60801696777344,20.7991943359375,50.71868896484375,6.973991276026936e-06
1020,487.9147644042969,158.57469177246094,21.42889404296875,51.616973876953125,2.602450194899575e-06
1020,615.0972900390625,171.91627502441406,24.2672119140625,56.78143310546875,3.467962960712612e-05
1020,626.9248046875,178.22335815429688,13.5751953125,51.595062255859375,3.013687273778487e-05
1020,609.85400390625,402.06256103515625,30.64599609375,78.43743896484375,8.590798643126618e-06
1020,600.1494750976562,361.33392333984375,40.35052490234375,119.16607666015625,1.0157726137549616e-05
1050,82.20957946777344,138.42616271972656,22.221328735351562,53.746673583984375,2.484966898919083e-06
1050,74.82176208496094,145.57302856445312,20.686630249023438,50.989227294921875,2.900607796618715e-06
1050,88.43201446533203,146.75991821289062,20.715103149414062,50.55670166015625,1.7329759430140257e-05
1050,497.53424072265625,143.51705932617188,21.938232421875,51.042388916015625,0.0076185595244169235
1050,0.0,151.54251098632812,14.878530502319336,55.546051025390625,1.1089972758782096e-05
1050,600.0857543945312,168.57586669921875,23.2799072265625,55.38262939453125,1.0839814422070049e-05
1050,608.3436279296875,167.8021697998047,24.6070556640625,57.199676513671875,1.2337668522377498e-05
1050,626.851318359375,168.6832733154297,13.648681640625,51.681488037109375,9.877053525997326e-05
1050,619.5355224609375,143.4605712890625,20.9644775390625,94.63333129882812,3.592956772990874e-06
1050,617.5711059570312,175.5396728515625,21.7755126953125,51.95623779296875,8.336342943948694e-06
1050,601.4847412109375,361.65185546875,39.0152587890625,118.84814453125,6.018336080160225e-06
1080,0.0,141.27804565429688,14.613961219787598,55.686767578125,3.9093288251024205e-06
1080,537.1343994140625,145.47242736816406,22.1522216796875,52.493621826171875,1.224901069463158e-07
1080,8.282002449035645,152.8521270751953,22.895610809326172,54.75390625,4.341699423093814e-06
1080,627.4210815429688,154.48751831054688,13.07891845703125,58.053497314453125,3.4344584491918795e-06
1080,0.0,157.4871368408203,16.04340362548828,59.458038330078125,6.558062978001544e-06
1080,14.457463264465332,157.22457885742188,25.67200469970703,58.5572509765625,1.4241473763831891e-05
1080,0.0,140.25363159179688,23.137046813964844,101.68020629882812,4.678396180679556e-06
1080,3.3247861862182617,153.54507446289062,32.162715911865234,77.09326171875,1.1568589570742915e-06
1080,618.13916015625,169.1048583984375,22.36083984375,56.938873291015625,3.408556722206413e-06
1080,0.0,176.3053741455078,13.732589721679688,52.69195556640625,2.8290623959037475e-06
1080,627.5800170898438,176.3480224609375,12.91998291015625,51.470367431640625,5.9524387324927375e-05
1080,623.5355224609375,179.4166259765625,16.9644775390625,76.05886840820312,5.877907369722379e-06
1110,598.6474609375,124.98895263671875,29.0338134765625,67.91201782226562,1.822164995246567e-05
1110,591.8665771484375,42.64336395263672,48.6334228515625,238.07083129882812,2.3033494471746963e-06
1110,62.008121490478516,132.84005737304688,22.648143768310547,54.180450439453125,9.79520846158266e-05
1110,608.0860595703125,133.3915557861328,21.8414306640625,51.215240478515625,0.0005114640225656331
1110,614.3165283203125,130.0928497314453,25.0224609375,58.52154541015625,0.00017871362797450274
1110,606.4927368164062,107.27347564697266,34.00726318359375,91.15514373779297,1.824075184231333e-06
1110,626.4163208007812,129.82467651367188,14.08367919921875,52.730712890625,0.00014505548460874707
1110,69.3072280883789,134.64378356933594,23.582382202148438,56.277740478515625,4.763966899190564e-06
1110,40.48546600341797,141.81500244140625,22.583351135253906,53.3636474609375,0.00017898307123687118
1110,47.7372932434082,139.43101501464844,23.195438385009766,55.986785888671875,3.571689376258291e-05
1110,222.776611328125,143.51327514648438,23.28839111328125,54.829345703125,2.8501201541075716e-06
1110,34.536956787109375,148.17071533203125,23.10491943359375,53.95880126953125,6.836978172941599e-06
1110,123.6929702758789,122.70061492919922,44.01702117919922,106.62427520751953,3.593148676372948e-06
1110,215.93057250976562,149.00375366210938,20.735595703125,50.75933837890625,0.00016494051669724286
1110,601.8972778320312,144.4546661376953,21.3297119140625,52.43096923828125,1.072837312676711e-05
1110,627.07421875,150.55284118652344,13.42578125,50.9818115234375,1.52237007569056e-05
1110,208.04434204101562,155.0841064453125,24.299530029296875,56.108551025390625,1.1987996913376264e-05
1110,601.4681396484375,363.4674377441406,39.0318603515625,117.03256225585938,4.967147106071934e-06
1140,8.562467575073242,128.58856201171875,22.666431427001953,54.164642333984375,1.3502712135959882e-05
1140,628.0879516601562,127.91690063476562,12.41204833984375,54.083831787109375,1.3427335943561047e-05
1140,610.0018920898438,401.8435974121094,30.49810791015625,78.65640258789062,2.3005898128758417e-06
1140,599.9780883789062,359.9607238769531,40.52191162109375,120.53927612304688,8.49667594593484e-06
1170,15.653780937194824,118.98629760742188,23.743343353271484,56.260589599609375,2.8755491712217918e-06
1170,627.0742797851562,114.40055084228516,13.42572021484375,54.30213165283203,1.2347695701464545e-05
1170,1.4234628677368164,123.48580932617188,22.971939086914062,54.119537353515625,6.313147423497867e-06
1170,9.008832931518555,122.91397094726562,22.406391143798828,53.85687255859375,0.0002237480803159997
1170,39.55914306640625,123.29669952392578,21.856178283691406,50.786643981933594,0.0036605610512197018
1170,44.970428466796875,116.09629821777344,26.581146240234375,60.7239990234375,8.109475857054349e-06
1170,0.0,135.19688415527344,15.015287399291992,55.55303955078125,5.246231467026519e-06
1170,35.84519958496094,118.32170867919922,30.665550231933594,74.27594757080078,1.1456458196335007e-05
1170,361.7513732910156,133.372802734375,21.49591064453125,51.12518310546875,2.5277370241383323e-06
1170,601.1031494140625,357.5679931640625,39.3968505859375,122.9320068359375,6.178094736242201e-06
1200,0.0,121.24678039550781,16.396751403808594,59.675872802734375,1.4838226888969075e-05
1200,22.69646453857422,132.13812255859375,22.15813446044922,52.64208984375,1.8260165234096348e-05
1200,0.0,103.44403839111328,22.516454696655273,101.05559539794922,3.5050068163400283e-06
1200,1.5326719284057617,133.9967041015625,21.700408935546875,51.34881591796875,1.9695622540893964e-05
1200,10.32602310180664,119.06669616699219,34.19937515258789,79.98117065429688,7.0503197093785275e-06
1200,10.042275428771973,140.7826690673828,23.27191162109375,55.074798583984375,0.0003053273831028491
1200,17.87933349609375,141.72158813476562,22.56003189086914,53.58770751953125,0.0032305936329066753
1200,0.0,141.78382873535156,15.592673301696777,56.28509521484375,2.3410200810758397e-05
1200,23.209447860717773,150.2278594970703,22.221689224243164,51.87982177734375,7.2847547016863246e-06
1200,609.8075561523438,402.431884765625,30.69244384765625,78.068115234375,2.479196155036334e-06
1200,599.5505981445312,359.7169189453125,40.94940185546875,120.7830810546875,5.359764145396184e-06
1260,15.327201843261719,140.6354217529297,23.118270874023438,53.801788330078125,7.471220442312188e-07
1260,9.297985076904297,145.45956420898438,21.501216888427734,51.233306884765625,1.3674747378900065e-06
1260,184.4611358642578,141.994873046875,22.839630126953125,54.467987060546875,2.240351568616461e-05
1260,616.9553833007812,148.529052734375,22.0445556640625,52.3660888671875,3.110998295596801e-05
1260,627.2213745117188,147.1817626953125,13.27862548828125,50.5291748046875,0.00010332050442229956
1260,600.8652954101562,357.3329162597656,39.63470458984375,123.16708374023438,1.4037673281563912e-05
1260,579.7445068359375,312.2521667480469,60.7554931640625,168.24783325195312,2.5945003017113777e-06
1290,628.2630004882812,145.35499572753906,12.23699951171875,55.93927001953125,6.093309366406174e-06
1290,33.90724182128906,152.14369201660156,22.065093994140625,52.39422607421875,4.448172330739908e-05
1290,154.1562042236328,153.04681396484375,22.111968994140625,51.142181396484375,1.1036247997253668e-05
1290,160.79478454589844,155.89739990234375,22.20281982421875,52.809844970703125,1.295048491556372e-06
1320,18.232040405273438,137.32516479492188,24.100242614746094,57.748931884765625,1.0818989721883554e-06
1320,30.265470504760742,142.54246520996094,24.027162551879883,58.610595703125,1.9067174434894696e-05
1320,627.738525390625,152.26719665527344,12.761474609375,54.900177001953125,2.7104304535896517e-05
1320,10.435851097106934,158.19338989257812,22.741085052490234,55.2996826171875,4.994683877157513e-06
1320,19.54214859008789,156.16456604003906,21.24047088623047,50.6529541015625,0.0005285395891405642
1320,25.868778228759766,152.9132080078125,21.80188751220703,51.519775390625,0.08079271018505096
1320,19.505815505981445,141.73634338378906,34.09540557861328,80.13916015625,1.9789817088167183e-05
1320,601.8738403320312,363.5404968261719,38.62615966796875,116.95950317382812,2.893424380090437e-06
1350,627.591064453125,134.5757598876953,12.908935546875,50.888092041015625,4.748644187202444e-06
1350,617.5287475585938,142.58929443359375,22.97125244140625,54.29547119140625,6.203919383551693e-06
1350,23.284679412841797,150.28050231933594,23.00322723388672,53.605987548828125,6.963636405998841e-05
1350,0.0,151.29119873046875,15.211153984069824,57.247222900390625,2.791073256958043e-06
1350,16.767471313476562,155.68698120117188,22.672714233398438,53.12567138671875,3.1210958695737645e-05
1350,626.9743041992188,149.93373107910156,13.52569580078125,55.83343505859375,3.880304575432092e-05
1350,9.966432571411133,158.1165771484375,23.134244918823242,54.357818603515625,3.88060107070487e-06
1350,602.1980590820312,359.962890625,38.30194091796875,120.537109375,2.1027310594945448e-06
1380,627.8218383789062,151.2410888671875,12.67816162109375,55.967529296875,2.6353922294219956e-05
1380,601.2462158203125,360.6898498535156,39.2537841796875,119.81015014648438,2.5520414510538103e-06
1410,627.4622192382812,145.9581298828125,13.03778076171875,50.56512451171875,1.3010846942052012e-06
1410,18.148483276367188,154.32772827148438,22.659912109375,52.803558349609375,1.382679238304263e-05
1440,0.0,101.85253143310547,15.036231994628906,56.20897674560547,3.0853016141918488e-06
1440,627.9192504882812,152.2405242919922,12.58074951171875,56.2122802734375,6.7307751123735216e-06
1440,600.2681884765625,362.7544250488281,40.2318115234375,117.74557495117188,2.3884367692517117e-06
1470,627.8402099609375,152.20608520507812,12.6597900390625,55.71429443359375,5.712416623282479e-06
1470,17.49924087524414,160.91107177734375,22.612186431884766,53.397186279296875,2.3466068341804203e-06
1470,24.6682071685791,157.69058227539062,22.999319076538086,55.655242919921875,1.2900984984298702e-05
1470,600.3505859375,364.6392517089844,40.1494140625,115.86074829101562,2.37325139096356e-06
1500,23.964496612548828,157.09646606445312,22.63591766357422,53.190460205078125,4.5269207475939766e-05
1500,627.8533325195312,153.44369506835938,12.64666748046875,55.707305908203125,2.4286893676617183e-05
1500,17.54100799560547,161.77593994140625,22.394851684570312,53.2386474609375,6.9253978836059105e-06
1500,600.1527709960938,364.1871032714844,40.34722900390625,116.31289672851562,3.182856517014443e-06
1530,24.256738662719727,155.86361694335938,22.801145553588867,53.3905029296875,1.2380771295283921e-05
1530,628.0980834960938,152.70301818847656,12.40191650390625,55.944427490234375,1.154729034169577e-05
1530,16.995285034179688,160.05044555664062,22.80465316772461,54.070526123046875,5.750657237513224e-06
1530,599.8850708007812,364.7201232910156,40.61492919921875,115.77987670898438,3.5000803109142e-06
1560,24.717153549194336,156.56985473632812,22.491945266723633,52.994232177734375,1.3370652595767751e-05
1560,627.7733764648438,153.37820434570312,12.72662353515625,55.180328369140625,1.4154301425151061e-05
1560,17.847875595092773,159.76856994628906,22.72007942199707,53.64935302734375,2.7660378236760153e-06
1560,599.8803100585938,363.9991149902344,40.61968994140625,116.50088500976562,2.8460024168452946e-06
1590,24.328710556030273,157.24502563476562,22.909151077270508,54.273956298828125,0.0001050466307788156
1590,627.9491577148438,152.55653381347656,12.55084228515625,56.290435791015625,5.01205749969813e-06
1590,17.341068267822266,162.17784118652344,23.546276092529297,54.97174072265625,6.009496792103164e-05
1590,30.962074279785156,160.05877685546875,23.279617309570312,54.372528076171875,1.2079324733349495e-05
1590,600.3412475585938,363.3656921386719,40.15875244140625,117.13430786132812,2.106884267050191e-06
1620,23.929771423339844,153.935791015625,22.72533416748047,53.75341796875,7.191133772721514e-05
1620,627.8966064453125,152.6376953125,12.6033935546875,55.462615966796875,6.158617452456383e-06
1620,10.178479194641113,162.00514221191406,23.196453094482422,54.8875732421875,2.13622934097657e-06
1620,17.748321533203125,160.3839874267578,23.154369354248047,54.823760986328125,4.9975733418250456e-05
1620,30.44065284729004,158.7752685546875,23.679410934448242,54.965057373046875,7.618346444360213e-06
1620,600.3597412109375,363.4921875,40.1402587890625,117.0078125,1.8846786815629457e-06
1650,24.077655792236328,156.15988159179688,22.68187713623047,52.84808349609375,9.561391379975248e-06
1650,627.8911743164062,153.0579376220703,12.60882568359375,55.84185791015625,6.635834779444849e-06
1650,17.414613723754883,159.33750915527344,23.283369064331055,54.529754638671875,3.152217232127441e-06
1650,600.2180786132812,363.09222412109375,40.28192138671875,117.40777587890625,2.4149853743438143e-06
1680,627.949951171875,152.72039794921875,12.550048828125,55.772430419921875,6.852095793874469e-06
1680,16.870548248291016,160.00209045410156,23.211166381835938,54.496826171875,7.168710908445064e-06
1680,600.570556640625,365.26556396484375,39.929443359375,115.23443603515625,2.083039589706459e-06
1710,18.299179077148438,146.66775512695312,23.195934295654297,55.28466796875,8.955660632636864e-06
1710,627.7079467773438,153.546142578125,12.79205322265625,55.2860107421875,1.2523629266070202e-05
1710,0.0,161.0616455078125,12.803454399108887,50.694000244140625,2.593342742329696e-06
1710,10.150412559509277,160.19219970703125,23.55084991455078,56.57977294921875,6.171063432702795e-06
1710,23.637489318847656,158.28704833984375,21.39856719970703,50.876434326171875,0.011037899181246758
1710,16.786338806152344,144.85360717773438,34.79926300048828,84.11929321289062,8.737891221244354e-06
1710,29.663061141967773,156.62277221679688,23.753442764282227,55.809814453125,3.448841016506776e-05
1710,600.4827880859375,363.716552734375,40.0172119140625,116.783447265625,2.4380146896874066e-06
1740,23.99132537841797,155.1761016845703,22.76342010498047,53.78533935546875,4.485795216169208e-05
1740,627.7369995117188,153.28274536132812,12.76300048828125,55.76397705078125,7.267975433933316e-06
1740,0.0,161.86090087890625,12.944890975952148,50.617431640625,2.636262934174738e-06
1740,17.338035583496094,159.07302856445312,23.44668960571289,54.920654296875,9.597566531738266e-06
1740,600.0267333984375,364.6580810546875,40.4732666015625,115.8419189453125,2.696674755497952e-06
1770,24.19658851623535,156.18942260742188,22.86940574645996,53.607391357421875,1.379318109684391e-05
1770,627.2257080078125,152.80984497070312,13.2742919921875,55.80615234375,1.1746493328246288e-05
1770,16.914169311523438,161.23233032226562,23.326602935791016,54.540374755859375,2.398992819507839e-06
1770,600.3526611328125,363.17559814453125,40.1473388671875,117.32440185546875,2.5629806259530596e-06
1800,0.0,157.12628173828125,15.149309158325195,57.65081787109375,2.457342361594783e-06
1800,24.702503204345703,158.285400390625,21.488494873046875,50.88201904296875,0.005847789812833071
1800,628.0706176757812,158.51626586914062,12.42938232421875,57.06402587890625,5.296533345244825e-06
1800,9.263317108154297,163.1513214111328,23.190414428710938,54.966156005859375,8.202468961826526e-06
1800,17.279434204101562,160.65487670898438,21.454551696777344,52.014892578125,6.523493357235566e-05
1800,30.005657196044922,158.7398223876953,25.007461547851562,58.53839111328125,5.271216286928393e-05
1800,600.6260375976562,363.0978698730469,39.87396240234375,117.40213012695312,2.7766441235144157e-06
1830,2.012083053588867,151.92401123046875,21.654464721679688,50.588775634765625,2.5940773866750533e-06
1830,0.0,145.05303955078125,30.130138397216797,72.93307495117188,3.912603915523505e-06
1830,15.2608060836792,154.23609924316406,21.929527282714844,51.087921142578125,0.0002812397724483162
1830,9.325906753540039,160.4756622314453,22.30489730834961,52.21844482421875,0.0010290683712810278
1830,627.920166015625,152.77468872070312,12.579833984375,56.61932373046875,3.460797643128899e-06
1830,0.0,158.22793579101562,15.409167289733887,57.198455810546875,2.755968807832687e-06
1830,22.277793884277344,158.9068603515625,20.961151123046875,51.8133544921875,5.25544019183144e-05
1830,601.2679443359375,361.91351318359375,39.2320556640625,118.58648681640625,4.3961754272459075e-06
1830,579.7642822265625,323.84124755859375,60.7357177734375,156.65875244140625,3.849969289149158e-06
1860,2.695934295654297,153.86221313476562,21.459125518798828,50.894744873046875,2.0850486180279404e-05
1860,0.0,159.8660125732422,16.04700469970703,57.82647705078125,1.0283431947755162e-05
1860,7.683631896972656,163.17938232421875,21.684104919433594,50.871490478515625,0.0007942224037833512
1860,0.025568008422851562,145.65151977539062,35.86780548095703,84.70401000976562,1.4329480109154247e-05
1860,14.449331283569336,160.75038146972656,21.651681900024414,51.325927734375,4.785251076100394e-05
1860,3.557262420654297,171.38119506835938,20.928895950317383,50.746307373046875,5.380832590162754e-05
1860,599.931884765625,364.1355895996094,40.568115234375,116.36441040039062,8.013904334802646e-06
1860,579.2587280273438,325.7005615234375,61.24127197265625,154.7994384765625,8.127514774969313e-06
