30,537.5410766601562,144.91810607910156,25.315673828125,60.136871337890625,0.00010112116433447227
30,549.9633178710938,147.74044799804688,21.92138671875,52.150177001953125,6.955982826184481e-05
30,539.4595947265625,149.04515075683594,32.8116455078125,76.4990234375,0.00041312206303700805
30,626.5743408203125,150.81471252441406,13.9256591796875,52.31634521484375,5.181829692446627e-06
30,618.1665649414062,159.4978790283203,22.33343505859375,55.368377685546875,2.9426733817672357e-05
30,544.6932373046875,159.08021545410156,22.4996337890625,53.956298828125,0.7566815614700317
30,558.6455688476562,161.02882385253906,21.048095703125,51.13653564453125,1.075724412658019e-05
30,610.7642822265625,165.22544860839844,21.898681640625,52.368438720703125,2.665919055289123e-06
30,626.1021118164062,169.2499542236328,14.39788818359375,53.490447998046875,0.0005289339460432529
30,611.9440307617188,122.22308349609375,28.55596923828125,131.08267211914062,7.757083949400112e-06
30,562.9303588867188,59.285858154296875,77.56964111328125,316.36651611328125,6.970867161726346e-06
30,112.33922576904297,175.83665466308594,20.89807891845703,50.795013427734375,0.00023065424466039985
30,539.566650390625,169.1163330078125,22.2584228515625,53.399017333984375,1.1407810234231874e-05
30,550.1546020507812,163.4171600341797,23.8302001953125,56.409637451171875,7.032174835330807e-06
60,612.8217163085938,84.77873229980469,27.67828369140625,137.54080200195312,7.190402357082348e-06
60,7.991189956665039,154.63438415527344,23.636516571044922,56.71307373046875,9.911623237712774e-07
60,626.1941528320312,151.98094177246094,14.30584716796875,57.31427001953125,1.637002242205199e-05
60,618.0822143554688,130.88702392578125,22.41778564453125,103.79925537109375,1.7844253306975588e-05
60,592.4310302734375,91.11622619628906,48.0689697265625,226.6359100341797,5.597950803348795e-06
60,119.6641616821289,164.10939025878906,25.13225555419922,59.96807861328125,1.213301970892644e-06
60,606.7484130859375,167.44097900390625,26.9654541015625,60.4803466796875,1.8441325664753094e-05
60,624.4608154296875,168.34280395507812,16.0391845703125,61.84698486328125,3.413463491597213e-05
60,627.1077880859375,188.2437744140625,13.3922119140625,52.678466796875,0.00012814997171517462
60,600.214599609375,361.4267578125,40.285400390625,119.0732421875,6.041458163963398e-06
90,448.44647216796875,139.1141357421875,20.986328125,50.53704833984375,2.093356852128636e-05
90,464.3095703125,136.41419982910156,21.8182373046875,51.49298095703125,3.763612039620057e-05
90,441.6654968261719,142.79083251953125,21.933349609375,52.021820068359375,0.0002936809614766389
90,434.2162780761719,149.7360076904297,20.71551513671875,50.660888671875,0.0006112144910730422
90,436.1199645996094,145.3905487060547,31.96234130859375,76.15353393554688,2.006456816161517e-05
90,617.6647338867188,127.9838638305664,22.83526611328125,104.9416732788086,1.8389832803222816e-06
90,592.27783203125,79.81786346435547,48.22216796875,236.42996215820312,4.850945970247267e-06
120,176.9307403564453,122.00297546386719,21.913055419921875,52.443267822265625,1.7464792108512484e-05
120,369.78900146484375,154.1277618408203,21.17730712890625,50.924835205078125,1.6717007383704185e-05
120,376.65234375,160.2731475830078,22.57415771484375,53.58050537109375,8.660668390803039e-05
120,362.63336181640625,165.8645477294922,21.1800537109375,51.779022216796875,6.800230949011166e-06
120,367.6791687011719,164.60643005371094,25.24005126953125,58.958953857421875,1.0560233931755647e-05
120,628.0023803710938,201.38943481445312,12.49761962890625,50.5892333984375,3.7203328702162253e-06
120,611.0845336914062,408.83209228515625,29.41546630859375,71.66790771484375,6.6199067987327e-06
120,599.5897827148438,364.7121887207031,40.91021728515625,115.78781127929688,4.985047780792229e-06
120,578.7227783203125,324.3069152832031,61.7772216796875,156.19308471679688,4.945339242112823e-06
150,627.0333862304688,144.2124481201172,13.46661376953125,51.274383544921875,1.4006249330122955e-05
150,625.6412963867188,158.53164672851562,14.85870361328125,62.362213134765625,0.0002761731739155948
150,618.7490234375,145.3147735595703,21.7509765625,96.16683959960938,4.751751112053171e-05
150,590.88818359375,99.22549438476562,49.61181640625,231.59619140625,8.825676559354179e-06
150,543.5599365234375,196.77261352539062,23.3172607421875,53.8389892578125,1.5826549315534066e-06
150,625.259033203125,185.1129913330078,15.240966796875,65.24365234375,8.413390787609387e-06
150,0.0,208.2946319580078,15.824249267578125,54.04664611816406,1.2358771527942736e-05
180,520.3675537109375,147.9937744140625,21.4605712890625,50.6102294921875,1.7435819245292805e-05
180,559.0303344726562,145.4929656982422,21.5897216796875,50.980621337890625,2.533480710553704e-06
180,513.7081909179688,152.26181030273438,23.4947509765625,55.319915771484375,4.053933298564516e-05
180,517.6549072265625,154.94659423828125,28.2816162109375,67.3551025390625,0.0061118886806070805
180,533.4745483398438,152.56060791015625,25.475341796875,60.133514404296875,4.8252830310957506e-05
180,544.506103515625,150.71759033203125,23.4688720703125,55.149261474609375,1.9521565263858065e-05
180,553.101318359375,150.1925811767578,22.1468505859375,52.39971923828125,5.076680827187374e-05
180,527.720947265625,164.33694458007812,22.3619384765625,50.70867919921875,8.923664609028492e-06
180,208.3044891357422,191.53756713867188,23.782073974609375,54.6622314453125,7.4493532338237856e-06
180,522.2402954101562,163.69973754882812,31.423828125,73.3974609375,3.6901137718814425e-06
180,509.3399353027344,151.81039428710938,40.445953369140625,99.09548950195312,3.659554204205051e-05
210,481.5011291503906,148.7491455078125,21.5333251953125,51.393402099609375,8.576160325901583e-05
210,626.9153442382812,201.7731170654297,13.58465576171875,53.365386962890625,2.9319594432308804e-06
240,393.62969970703125,160.53311157226562,22.17059326171875,52.6673583984375,7.536274642916396e-05
240,405.1619873046875,158.95445251464844,24.40936279296875,57.33172607421875,9.871542715700343e-06
240,440.4161682128906,155.30836486816406,21.7088623046875,51.009552001953125,2.824856665029074e-06
240,397.7559814453125,163.34678649902344,25.88262939453125,61.7039794921875,0.0005695155705325305
240,390.673583984375,151.7512969970703,36.6826171875,89.06753540039062,2.50342272920534e-05
240,611.50927734375,121.38846588134766,28.99072265625,130.79019165039062,4.685870408138726e-06
240,627.2514038085938,175.97662353515625,13.24859619140625,56.098480224609375,8.066695954767056e-06
240,624.9501953125,190.53807067871094,15.5498046875,65.29348754882812,7.221780379040865e-06
240,615.426513671875,169.54002380371094,25.073486328125,106.91996765136719,1.4535685295413714e-05
240,592.1505737304688,134.571533203125,48.34942626953125,228.8968505859375,7.479699434043141e-06
240,625.7869873046875,212.49546813964844,14.7130126953125,64.01945495605469,1.6093164958874695e-05
240,0.0,221.23138427734375,16.134002685546875,57.40057373046875,2.725248350543552e-06
240,617.355224609375,210.64698791503906,23.144775390625,104.05824279785156,4.3682625801011454e-06
240,601.6029663085938,359.0443420410156,38.89703369140625,121.45565795898438,2.907875341406907e-06
270,7.193958282470703,58.81446838378906,23.613021850585938,57.40019226074219,9.492811659583822e-05
270,417.27447509765625,162.10079956054688,21.854736328125,51.322784423828125,1.5287805581465364e-05
270,0.0,222.7927703857422,16.473392486572266,59.12690734863281,2.0783742002095096e-05
270,0.0,201.2545166015625,21.528095245361328,95.61557006835938,1.2013427294732537e-05
270,0.0,244.6735382080078,13.65273666381836,51.89707946777344,5.315903763403185e-06
300,375.6764221191406,171.45571899414062,21.37994384765625,51.575286865234375,1.214151689055143e-05
300,0.0,234.281494140625,13.655338287353516,50.57684326171875,6.28885891273967e-06
330,445.6668701171875,176.57626342773438,96.87921142578125,231.59515380859375,0.9999828338623047
330,428.8573913574219,148.40464782714844,90.21694946289062,217.59584045410156,0.0032157839741557837
330,459.0075378417969,152.6481170654297,67.80422973632812,161.06703186035156,0.01214403472840786
330,436.386474609375,177.46829223632812,62.4210205078125,151.47055053710938,0.0005371120059862733
330,433.3175354003906,203.14593505859375,46.9547119140625,111.9083251953125,0.0007454536971636117
330,462.7315368652344,124.32530212402344,108.87002563476562,249.9174346923828,0.000408394931582734
330,447.58966064453125,219.6455078125,28.4757080078125,69.6160888671875,0.000141274300403893
330,439.37957763671875,224.58706665039062,28.1029052734375,68.45721435546875,7.01045646565035e-05
330,449.87591552734375,227.04421997070312,38.45172119140625,91.19012451171875,0.0009929181542247534
330,458.2436828613281,221.88784790039062,21.39874267578125,56.51409912109375,4.931318926537642e-06
330,451.26104736328125,160.78184509277344,133.9903564453125,319.7181396484375,5.609528670902364e-05
330,435.570556640625,225.4249725341797,21.53900146484375,52.71049499511719,4.968121356796473e-05
330,458.14141845703125,246.87698364257812,22.4080810546875,57.30584716796875,4.2987350752810016e-05
330,476.22930908203125,142.602783203125,50.75128173828125,121.77206420898438,1.890874955279287e-05
330,451.6045837402344,212.19691467285156,55.142822265625,141.8562469482422,0.00023920377134345472
330,456.295654296875,200.9346923828125,38.3662109375,92.87033081054688,2.9984703360241838e-06
330,450.1092529296875,243.55711364746094,22.86676025390625,58.03428649902344,7.63659681979334e-06
330,464.5890808105469,214.40708923339844,23.15228271484375,59.07402038574219,2.684152241272386e-05
330,403.7479248046875,160.61746215820312,126.25103759765625,308.74884033203125,2.887574737542309e-06
330,455.8448181152344,152.03424072265625,49.7767333984375,120.67193603515625,4.695864390669158e-06
330,481.4281005859375,145.96295166015625,72.674072265625,186.66690063476562,9.596135441825027e-07
330,465.5606384277344,215.0082244873047,62.160430908203125,157.84413146972656,4.2987906567759637e-07
330,483.9902038574219,213.00048828125,77.44302368164062,191.2972412109375,5.033219622418983e-06
330,494.3250427246094,191.70889282226562,102.51254272460938,239.7379150390625,2.4206160560424905e-06
330,426.38641357421875,211.98440551757812,71.1163330078125,171.1273193359375,3.419262429815717e-05
360,331.2032470703125,151.2865753173828,99.97296142578125,242.3061981201172,0.9999994039535522
360,327.22412109375,164.89962768554688,72.66253662109375,174.702880859375,0.00789536815136671
360,351.7375793457031,153.08497619628906,66.6871337890625,161.4263153076172,0.0003594988666009158
360,351.8672790527344,208.39366149902344,69.7733154296875,171.43824768066406,0.0001735378464218229
360,364.6651611328125,170.66107177734375,91.735595703125,228.26739501953125,6.670948550890898e-06
360,320.6020202636719,183.00155639648438,48.44830322265625,116.088623046875,1.33665735120303e-05
360,370.8907165527344,155.20306396484375,69.60302734375,170.80453491210938,7.427823220496066e-06
360,346.7426452636719,155.2934112548828,50.388671875,122.55674743652344,6.091693649068475e-06
360,289.04620361328125,124.45437622070312,123.15924072265625,301.0693359375,1.8056529142995714e-06
360,338.1968688964844,221.71636962890625,22.39581298828125,58.274261474609375,2.0198245692881756e-05
360,329.4806213378906,209.731689453125,52.02325439453125,122.08917236328125,2.450493411743082e-05
360,336.4214782714844,192.32705688476562,38.345947265625,93.39505004882812,1.2695407349383458e-05
360,344.5392150878906,220.52529907226562,26.7135009765625,64.5159912109375,6.525266508106142e-05
360,0.0,227.46249389648438,15.720338821411133,60.00970458984375,5.330773547029821e-06
360,339.5329284667969,211.45950317382812,18.00244140625,50.57171630859375,1.0198044719800237e-06
360,0.0,205.46640014648438,20.988706588745117,100.488037109375,5.0095341066480614e-06
360,345.2144775390625,206.29531860351562,22.50067138671875,57.21197509765625,2.4788136215647683e-05
360,337.6275329589844,234.53904724121094,26.97491455078125,66.97785949707031,3.4812703233910725e-05
360,330.6018981933594,223.70391845703125,22.15032958984375,56.8973388671875,2.912693389589549e-06
360,351.9057922363281,201.40049743652344,26.4356689453125,72.90962219238281,2.343760570511222e-05
360,326.72918701171875,195.25131225585938,28.47125244140625,73.07638549804688,6.867494448670186e-07
360,347.300537109375,230.9747314453125,39.2249755859375,97.2784423828125,4.606830316333799e-06
360,363.007568359375,182.41554260253906,43.2059326171875,107.72056579589844,1.0672955568225007e-06
360,354.90631103515625,209.74839782714844,17.3623046875,50.63627624511719,5.487494945555227e-06
360,360.9339904785156,229.26312255859375,40.94207763671875,102.627197265625,2.5224128421541536e-06
360,342.8273620605469,95.98092651367188,133.07464599609375,317.3954772949219,2.4184876679100853e-07
360,334.8357849121094,189.64959716796875,28.268310546875,72.3802490234375,3.3152637115563266e-06
390,264.14208984375,167.0597686767578,54.63958740234375,134.7142791748047,2.3698479708400555e-05
390,292.9872741699219,182.58412170410156,42.44342041015625,99.62498474121094,3.414761522435583e-06
390,279.8475341796875,166.05596923828125,64.74346923828125,157.29061889648438,0.000813753402326256
390,308.4864196777344,199.85208129882812,30.1278076171875,75.23599243164062,4.259326942701591e-06
390,303.2551574707031,185.450439453125,46.951904296875,110.8013916015625,1.4580435845346074e-06
390,248.34820556640625,212.73855590820312,27.8375244140625,68.43264770507812,0.0003890231892000884
390,240.45669555664062,199.5594940185547,46.88458251953125,110.42189025878906,6.424065941246226e-05
390,243.58334350585938,222.5098114013672,21.799652099609375,54.20396423339844,5.25309587828815e-06
390,258.58343505859375,223.981201171875,20.8912353515625,52.420501708984375,0.000426501123001799
390,242.77679443359375,184.3902587890625,64.7103271484375,159.87518310546875,0.0026011033914983273
390,262.7516784667969,221.13632202148438,28.66705322265625,72.1402587890625,1.4525043297908269e-05
390,0.0,228.77474975585938,15.377630233764648,59.1419677734375,3.4772699564200593e-06
390,0.0,203.99305725097656,21.51167869567871,102.92222595214844,3.4748763937386684e-06
390,225.73788452148438,137.61532592773438,111.6507568359375,276.29962158203125,0.0004397646989673376
390,311.3823547363281,226.61004638671875,27.585693359375,72.0380859375,1.555777998873964e-06
390,276.1009521484375,156.14859008789062,95.2772216796875,219.8076171875,2.833606231433805e-05
390,250.79412841796875,237.1275634765625,21.1383056640625,53.80279541015625,6.1220307543408126e-06
390,254.4279022216797,231.96188354492188,29.425308227539062,70.37579345703125,6.639480943704257e-06
390,258.3656921386719,220.54649353027344,42.36053466796875,103.64921569824219,3.915092020179145e-05
390,291.7292785644531,212.2894287109375,42.7672119140625,109.37054443359375,5.107786819280591e-06
390,254.77052307128906,165.91702270507812,79.43663024902344,194.0242919921875,0.9997897744178772
390,287.0452880859375,209.1856231689453,61.78741455078125,155.0515594482422,5.059978320787195e-06
390,268.9924011230469,223.9333953857422,52.30853271484375,132.39894104003906,0.0005135667161084712
420,191.28358459472656,183.66444396972656,67.08415222167969,162.81175231933594,0.9999994039535522
420,539.1346435546875,96.85951232910156,101.3653564453125,340.6300048828125,0.43206098675727844
420,556.802490234375,215.36244201660156,83.697509765625,254.98741149902344,0.046103231608867645
420,574.1638793945312,84.93850708007812,66.33612060546875,268.1519470214844,0.0010753533570095897
420,182.4053192138672,192.77340698242188,54.1597900390625,131.92864990234375,0.0007297188276425004
420,210.97320556640625,175.75991821289062,67.82632446289062,161.51348876953125,0.014799772761762142
420,183.99575805664062,159.94436645507812,100.8531494140625,240.34808349609375,9.853788651525974e-05
420,587.9002075195312,207.18606567382812,52.59979248046875,205.793212890625,0.00017177975678350776
450,502.98431396484375,162.39569091796875,100.4168701171875,245.52325439453125,0.9999994039535522
450,144.47344970703125,198.83132934570312,56.697235107421875,137.462646484375,0.9999326467514038
450,413.6582946777344,138.15223693847656,111.48806762695312,275.42352294921875,0.9998947381973267
450,434.501708984375,104.056640625,140.81475830078125,343.09686279296875,0.0007666214369237423
450,162.91209411621094,202.8568115234375,52.5345458984375,123.61328125,0.0017419768264517188
450,142.1490936279297,172.4020233154297,82.48687744140625,193.67958068847656,0.001615306711755693
450,391.9203796386719,184.64389038085938,97.1888427734375,233.24700927734375,0.0004302661691326648
480,66.78813171386719,194.34487915039062,55.88233947753906,135.33367919921875,0.9999954700469971
480,479.61669921875,127.96060180664062,97.22900390625,234.676513671875,0.9831843972206116
480,257.5317687988281,131.5474853515625,105.77203369140625,257.91888427734375,0.9999997615814209
480,343.3747253417969,147.81842041015625,102.06353759765625,247.6807861328125,0.9999958276748657
480,301.623291015625,88.09031677246094,135.798828125,328.606201171875,0.0027020894922316074
480,293.94354248046875,131.17440795898438,99.79876708984375,244.81829833984375,0.00019265174341853708
480,445.6150817871094,109.74462890625,136.40554809570312,333.907958984375,0.8439351916313171
480,53.81100845336914,176.94264221191406,81.04484558105469,186.9249725341797,0.0015443166485056281
510,131.6865692138672,143.34481811523438,99.40451049804688,243.13031005859375,0.999995231628418
510,9.073493957519531,165.94284057617188,96.19294738769531,233.46270751953125,0.9999977350234985
510,4.370143890380859,170.9281005859375,71.10299682617188,172.90130615234375,0.00036853147321380675
510,153.7139434814453,110.53934478759766,99.02655029296875,237.68576049804688,0.0014073121128603816
510,0.0,191.591064453125,25.362377166748047,65.25860595703125,0.0006993344286456704
510,626.6818237304688,138.82757568359375,13.81817626953125,52.236785888671875,7.456909224856645e-05
510,101.99954223632812,131.5205078125,96.1534423828125,229.30609130859375,0.00014304406067822129
510,26.767723083496094,239.345703125,66.57563781738281,163.84283447265625,0.050661850720644
510,0.0,188.72198486328125,35.712608337402344,98.36856079101562,4.6080393076408654e-05
510,40.507057189941406,172.79843139648438,69.41851806640625,167.1466064453125,0.0002762584772426635
510,618.2321166992188,144.6895751953125,20.8970947265625,50.6322021484375,4.1338153096148744e-05
510,85.91641998291016,94.64089965820312,138.01275634765625,327.99969482421875,0.014038036577403545
540,233.35243225097656,115.51458740234375,23.189056396484375,56.39483642578125,3.137416797471815e-06
540,227.8173828125,101.32363891601562,35.9105224609375,91.24664306640625,3.389008725207532e-06
540,238.8795928955078,113.77787780761719,27.889724731445312,63.30859375,8.675159187987447e-05
540,249.43006896972656,119.19430541992188,22.449661254882812,51.57476806640625,7.763752364553511e-06
540,254.50657653808594,117.26236724853516,27.833511352539062,64.44384002685547,6.973691051825881e-05
540,240.6240997314453,97.83644104003906,36.51286315917969,91.79080200195312,2.1379455574788153e-06
540,264.727783203125,127.27117919921875,25.4542236328125,60.273223876953125,0.001357006374746561
540,273.4343566894531,119.85795593261719,34.533203125,83.19436645507812,3.179100986017147e-06
540,272.8553771972656,137.59173583984375,21.91766357421875,52.0294189453125,0.004407214466482401
540,278.94927978515625,135.5760955810547,24.31646728515625,58.336944580078125,0.001470015267841518
540,289.9080505371094,134.55661010742188,25.1798095703125,61.261322021484375,0.01429862529039383
540,299.60113525390625,132.26812744140625,25.71099853515625,61.60968017578125,4.6179902710719034e-05
540,258.3407897949219,136.899169921875,22.04522705078125,53.9647216796875,8.4992207121104e-06
540,287.5624694824219,127.94725036621094,36.02587890625,86.51263427734375,2.801620757963974e-05
540,268.08111572265625,137.7781982421875,32.4669189453125,75.54827880859375,9.100899660552386e-07
540,627.9122314453125,200.0742950439453,12.5877685546875,55.291290283203125,1.3703030163014773e-05
570,6.225295066833496,137.0708465576172,23.78681182861328,57.865814208984375,0.001407369039952755
570,360.62078857421875,192.78518676757812,20.896240234375,52.25164794921875,0.039062339812517166
570,0.0,206.5368194580078,15.136014938354492,54.50630187988281,3.8420625060098246e-05
570,14.339242935180664,212.63766479492188,21.143674850463867,50.590179443359375,1.1931233530049212e-05
570,0.0,144.94386291503906,61.416465759277344,306.896484375,1.7255166540053324e-06
570,0.7515325546264648,217.09230041503906,21.137020111083984,50.56855773925781,9.261786908609793e-05
570,0.0,196.8080596923828,22.621362686157227,93.96754455566406,2.348064072066336e-06
570,7.988898277282715,217.09335327148438,22.05086898803711,53.29364013671875,1.9895293007721193e-05
570,0.0,224.77847290039062,15.100954055786133,56.226654052734375,3.1195097108138725e-05
600,626.5497436523438,168.32583618164062,13.95025634765625,57.093994140625,7.020484918029979e-05
600,619.1914672851562,149.33349609375,21.30853271484375,93.27642822265625,1.9257072381151374e-06
600,25.165302276611328,192.3550262451172,21.29662322998047,52.988525390625,8.711133887118194e-06
600,89.83598327636719,193.52723693847656,21.333267211914062,50.864898681640625,0.9672574400901794
600,0.0,192.95648193359375,15.952716827392578,55.1920166015625,1.2831964340875857e-05
600,81.60869598388672,177.34158325195312,36.60102844238281,82.8126220703125,5.421014520834433e-06
600,21.463180541992188,129.7220001220703,139.05905151367188,288.65118408203125,1.0647850103850942e-05
630,490.3060607910156,177.51182556152344,21.5389404296875,51.778717041015625,8.044050446187612e-06
630,521.82421875,178.99447631835938,21.9708251953125,52.33477783203125,8.412805073021445e-06
630,0.0,179.9060516357422,15.846878051757812,55.6820068359375,7.417869710479863e-06
630,483.1011657714844,182.05609130859375,20.6768798828125,50.714324951171875,6.160775569696852e-07
630,496.5409240722656,184.74725341796875,20.834686279296875,51.165557861328125,1.6182621038751677e-06
630,627.5729370117188,177.79473876953125,12.92706298828125,53.76019287109375,1.3651169865624979e-05
630,528.8358154296875,187.60585021972656,21.193115234375,50.90191650390625,1.0359084626543336e-05
630,0.0,191.98809814453125,23.384376525878906,57.5101318359375,3.7031277315691113e-05
630,536.923583984375,192.67401123046875,22.08544921875,54.005401611328125,2.4471482902299613e-06
630,552.03759765625,190.53414916992188,22.9603271484375,54.88824462890625,0.0003654615720734
630,619.1337890625,165.18093872070312,21.3662109375,96.20068359375,3.9483406908402685e-06
630,8.75114631652832,197.2243194580078,21.980091094970703,51.415863037109375,2.3841630536480807e-05
630,16.87541961669922,198.7974853515625,22.538101196289062,54.95257568359375,5.483853783516679e-06
630,26.29867935180664,200.2744598388672,21.97801971435547,52.91937255859375,6.931318239367101e-06
630,38.56688690185547,196.15000915527344,20.77684783935547,50.670379638671875,0.00020324898650869727
630,544.3392944335938,196.10243225097656,23.1737060546875,55.84808349609375,3.352443400217453e-06
630,558.9578247070312,195.63909912109375,23.5263671875,54.960540771484375,1.2067845091223717e-05
630,0.0,203.486083984375,15.929619789123535,58.903289794921875,2.7557059638638748e-06
630,599.5934448242188,365.15576171875,40.90655517578125,115.34423828125,3.1090253287402447e-06
660,465.5922546386719,30.388385772705078,22.07183837890625,52.84760665893555,0.0003337897651363164
660,614.91064453125,165.11129760742188,22.71044921875,54.22845458984375,5.470830365084112e-05
660,626.9050903320312,170.38172912597656,13.59490966796875,51.12921142578125,1.9751882064156234e-05
660,507.4502258300781,180.55227661132812,21.532135009765625,52.877532958984375,3.72659633285366e-06
660,514.8572387695312,182.20773315429688,21.9290771484375,50.991546630859375,0.00025479961186647415
660,610.1365966796875,175.15234375,22.9058837890625,53.078521728515625,0.00017590248899068683
660,616.0289916992188,180.20578002929688,24.47100830078125,55.299285888671875,3.96104314859258e-06
660,0.0,194.19361877441406,13.385589599609375,50.949066162109375,5.35745755314565e-07
660,520.1673583984375,188.55548095703125,21.2091064453125,51.528106689453125,2.7096835765405558e-05
660,600.2462768554688,367.35748291015625,40.25372314453125,113.14251708984375,4.194965185888577e-06
690,595.3450927734375,0.0,45.1549072265625,124.52554321289062,1.939785533977556e-06
690,627.378173828125,150.7255096435547,13.121826171875,51.93829345703125,3.3932421956706094e-06
690,459.2680969238281,179.35421752929688,21.246826171875,51.5892333984375,1.2142488685640274e-06
690,466.2395324707031,181.39942932128906,21.2388916015625,51.547576904296875,1.1148824341944419e-05
690,600.5260620117188,172.0414581298828,21.9967041015625,52.323944091796875,3.5933089748141356e-07
690,626.5847778320312,167.49905395507812,13.91522216796875,55.90106201171875,6.707521970383823e-05
690,618.40625,146.96961975097656,22.09375,95.0643310546875,1.0271494375047041e-06
690,590.5134887695312,78.89842224121094,49.98651123046875,247.7427520751953,6.638746526732575e-06
690,495.0853271484375,184.0590057373047,21.59417724609375,51.409576416015625,0.00020367151591926813
690,559.6182250976562,179.71942138671875,23.4124755859375,54.9896240234375,7.775927770126145e-06
690,578.6534423828125,180.8223419189453,21.407958984375,50.90264892578125,0.00016500501078553498
690,591.6004638671875,178.998291015625,22.2691650390625,53.412200927734375,0.00010270685743307695
690,386.2398986816406,107.48689270019531,154.50045776367188,299.46087646484375,4.630183411791222e-06
690,480.7580871582031,184.20823669433594,21.0433349609375,50.878570556640625,2.6278389668732416e-06
690,584.364501953125,183.91558837890625,23.6844482421875,56.324676513671875,0.0010590582387521863
690,0.0,192.06800842285156,14.328926086425781,53.767822265625,5.402352144301403e-06
690,553.8888549804688,186.7684326171875,22.711181640625,54.3497314453125,3.0765986593905836e-06
690,472.3289794921875,190.9845428466797,21.1248779296875,51.857025146484375,3.913148702849867e-06
720,528.425048828125,183.70480346679688,21.860107421875,51.714599609375,0.999954104423523
720,555.2122192382812,183.1511993408203,21.833740234375,52.065216064453125,0.9981847405433655
720,627.0127563476562,178.69017028808594,13.48724365234375,50.532501220703125,0.0001277145929634571
720,0.0,188.38604736328125,15.27724838256836,53.24853515625,1.4748218745808117e-05
720,492.6883544921875,186.276611328125,22.57855224609375,54.313079833984375,1.1361473752913298e-06
720,502.7390441894531,187.46456909179688,21.063568115234375,50.878997802734375,0.004270466044545174
720,475.47991943359375,121.48838806152344,99.4599609375,242.4257354736328,6.234934517124202e-06
720,521.7884521484375,171.6151123046875,34.43798828125,78.12628173828125,1.710536594146106e-06
720,547.311767578125,169.98077392578125,34.5206298828125,77.45361328125,2.0669673176598735e-05
720,487.6724548339844,136.0218048095703,132.45297241210938,281.7655029296875,5.160269211046398e-06
720,563.6817016601562,184.21505737304688,22.8092041015625,55.505340576171875,0.09033986926078796
720,585.4771118164062,186.71670532226562,24.661865234375,58.031219482421875,2.1415653463918716e-06
720,23.659183502197266,186.68841552734375,27.857933044433594,66.82736206054688,3.218625352019444e-05
720,0.0,130.35963439941406,95.35150909423828,288.7359619140625,2.6796683414431754e-06
720,513.3003540039062,189.15188598632812,22.128173828125,52.7515869140625,2.1306930193532025e-06
720,536.06494140625,186.17259216308594,22.01513671875,51.654571533203125,0.0022197486832737923
720,548.3427124023438,185.7801513671875,21.489013671875,52.88885498046875,0.06935438513755798
720,593.5157470703125,198.1396026611328,22.3663330078125,53.9993896484375,4.090452057425864e-05
720,599.1985473632812,203.75428771972656,23.3355712890625,56.32875061035156,1.2548555787361693e-05
750,609.04833984375,176.9273223876953,22.1180419921875,52.617401123046875,0.0011057888623327017
750,592.85595703125,180.11053466796875,23.5059814453125,56.47442626953125,0.027595197781920433
750,512.2280883789062,100.9890365600586,97.1917724609375,240.01113891601562,4.884374448010931e-06
750,553.5960083007812,166.64076232910156,34.0203857421875,80.58038330078125,0.0003523937484715134
750,576.4166259765625,177.81689453125,25.37890625,61.104827880859375,0.9999947547912598
750,568.2823486328125,151.9878692626953,48.1126708984375,113.59184265136719,6.616212431254098e-07
750,440.5887756347656,187.9251251220703,22.40673828125,52.64349365234375,2.7541138933884213e-06
750,548.6245727539062,185.267578125,21.49072265625,51.57830810546875,0.0003077072906307876
750,558.4581909179688,182.6370086669922,23.636962890625,56.866424560546875,0.9999939203262329
750,569.2078857421875,181.7060546875,24.67041015625,59.633880615234375,0.008795497007668018
750,550.3984985351562,151.11936950683594,51.50830078125,118.11897277832031,1.1622152129575625e-07
750,585.4342041015625,169.75567626953125,36.6553955078125,83.91912841796875,1.992278839679784e-06
750,600.7494506835938,185.89125061035156,22.3118896484375,53.268157958984375,0.9994749426841736
750,536.01806640625,111.42030334472656,104.48193359375,284.13214111328125,5.483445420395583e-06
750,602.7658081054688,169.49911499023438,35.923828125,82.16018676757812,0.00021560171444434673
750,589.8602905273438,148.1123504638672,50.63970947265625,116.35350036621094,5.502558337866503e-07
750,614.0372314453125,185.05809020996094,21.93896484375,51.675933837890625,0.9990799427032471
750,623.979736328125,184.18064880371094,16.520263671875,54.2073974609375,0.0023816197644919157
750,0.0,195.098876953125,15.38920783996582,52.05914306640625,7.62418267186149e-06
750,472.64422607421875,192.71153259277344,22.8826904296875,55.075469970703125,2.392763917669072e-06
750,480.3558654785156,189.47457885742188,20.962158203125,50.840362548828125,9.131623301072977e-06
750,536.8558959960938,188.15060424804688,24.812255859375,58.50408935546875,3.6983390600653365e-05
750,584.7188110351562,184.60765075683594,22.82470703125,54.18377685546875,0.036425452679395676
750,553.0056762695312,191.59579467773438,23.3873291015625,58.5421142578125,7.567947250208817e-06
750,607.8782348632812,194.91123962402344,23.336181640625,55.592803955078125,1.1712332707247697e-05
780,466.76806640625,184.17539978027344,22.25048828125,51.818572998046875,0.0006670645670965314
780,0.0,186.74755859375,15.081268310546875,54.10552978515625,1.2344248716544826e-06
780,458.7797546386719,186.8961639404297,22.79669189453125,53.301513671875,8.636502002445923e-07
780,472.3890686035156,190.26052856445312,22.24114990234375,51.960052490234375,0.0001416576560586691
780,479.8708190917969,189.2162322998047,22.7366943359375,55.19970703125,1.2325508578214794e-05
780,489.377685546875,188.3789520263672,22.73675537109375,54.741790771484375,1.6575057088630274e-05
780,496.2897033691406,190.61599731445312,22.766632080078125,55.01531982421875,0.00013003281492274255
780,503.30865478515625,192.14974975585938,23.1185302734375,55.570892333984375,2.0357512767077424e-05
780,513.0939331054688,198.5194549560547,20.9669189453125,50.726348876953125,3.6967535379517358e-06
780,520.4141845703125,198.557373046875,21.1199951171875,51.155670166015625,1.3208846212364733e-06
780,552.1251220703125,207.4114990234375,23.2825927734375,54.10137939453125,4.2872065932897385e-06
780,559.8587036132812,210.43699645996094,23.88623046875,55.98908996582031,5.8802897910936736e-06
810,586.1982421875,163.99237060546875,24.802490234375,58.657562255859375,4.913709744869266e-06
810,531.3941650390625,169.3951873779297,23.55029296875,55.384307861328125,2.9212919798737857e-06
810,592.9470825195312,155.14215087890625,33.3387451171875,76.86129760742188,2.319418626939296e-06
810,598.4575805664062,171.600830078125,22.811279296875,54.537811279296875,0.18829365074634552
810,532.90966796875,129.06201171875,107.59033203125,277.5906982421875,2.009832860494498e-05
810,605.610107421875,175.0185546875,22.0228271484375,52.709197998046875,0.002049613744020462
810,614.3937377929688,176.0054931640625,21.558837890625,51.92572021484375,9.57420161284972e-06
810,627.158935546875,176.70831298828125,13.341064453125,53.214630126953125,3.5440875763015356e-06
810,513.7330932617188,185.1512908935547,21.64404296875,51.622589111328125,9.052599489223212e-05
810,520.4569091796875,184.91290283203125,22.4488525390625,54.102996826171875,7.006977739365539e-06
810,536.4058227539062,181.006591796875,22.4700927734375,51.81561279296875,0.0007824759231880307
810,441.4822082519531,190.34945678710938,22.7498779296875,52.970855712890625,1.604721910553053e-05
810,448.76922607421875,191.37046813964844,22.76763916015625,54.44171142578125,2.589670657471288e-05
810,506.7344665527344,186.76992797851562,22.996246337890625,55.9166259765625,2.1090231712150853e-06
810,530.7265625,186.04660034179688,20.700927734375,50.664581298828125,9.153893915936351e-05
810,543.4652709960938,188.0148468017578,21.7083740234375,51.064605712890625,4.5659485294891056e-06
810,591.5518188476562,176.4638671875,26.1513671875,62.042755126953125,0.0004991612513549626
810,119.61968994140625,199.95993041992188,22.34539794921875,53.613372802734375,6.296432275121333e-06
810,583.574462890625,187.77252197265625,27.8118896484375,66.09707641601562,3.5369630495551974e-06
810,584.568359375,172.13031005859375,38.8603515625,91.27288818359375,2.5290553821832873e-05
810,597.1845092773438,183.81814575195312,28.49560546875,66.49618530273438,1.357108249067096e-05
810,113.15414428710938,202.491455078125,21.717193603515625,53.056793212890625,1.654795414651744e-05
840,610.3226318359375,0.0,30.1773681640625,65.37954711914062,2.099505081787356e-06
840,594.7144165039062,0.0,45.78558349609375,120.15988159179688,1.1185738003405277e-05
840,0.0,176.45777893066406,14.879426956176758,51.6639404296875,1.3538996427087113e-05
840,0.39986133575439453,186.40200805664062,21.885177612304688,52.01617431640625,0.00012720766244456172
840,0.0,108.8025894165039,42.63084411621094,231.38662719726562,5.97265716351103e-06
840,184.87696838378906,181.921630859375,21.12506103515625,50.522125244140625,4.4062448978365865e-06
840,405.4026794433594,188.3616943359375,20.913818359375,50.744476318359375,4.292918310966343e-05
840,0.0,145.33740234375,30.097715377807617,126.32675170898438,4.466938207769999e-06
840,0.0,118.61045837402344,59.6873779296875,310.42431640625,9.86258419288788e-06
840,414.3680419921875,191.83984375,21.56842041015625,52.3004150390625,0.00020917308575008065
840,513.541748046875,195.8098602294922,21.5325927734375,51.912017822265625,4.383825580589473e-05
840,506.307373046875,198.8169403076172,22.8721923828125,56.204742431640625,5.546960437641246e-06
840,520.3483276367188,199.1012420654297,22.4007568359375,54.456268310546875,1.6996295016724616e-05
840,527.2998046875,199.46115112304688,23.1884765625,55.995361328125,3.057195135625079e-05
840,536.81689453125,200.65008544921875,20.847900390625,50.508331298828125,2.265043804072775e-05
840,0.0,198.9674835205078,15.580400466918945,56.403717041015625,9.010394023789559e-06
840,609.126220703125,156.05740356445312,31.373779296875,142.07861328125,2.4443704660370713e-06
840,592.4974365234375,120.79875946044922,48.0025634765625,240.6766357421875,1.2124796739954036e-05
870,595.1158447265625,0.0,45.3841552734375,123.89119720458984,4.004627953690942e-06
870,592.6065673828125,167.40274047851562,22.325439453125,54.1802978515625,2.015050313275424e-06
870,585.7529907226562,170.80221557617188,21.911376953125,52.499298095703125,5.307879291649442e-06
870,609.6260375976562,172.80966186523438,23.7259521484375,55.01580810546875,5.004873855796177e-06
870,616.1996459960938,179.94747924804688,23.3558349609375,56.168060302734375,3.611719512264244e-05
870,626.6770629882812,178.84263610839844,13.82293701171875,51.168487548828125,6.443667371058837e-05
870,0.0,184.79554748535156,15.579584121704102,55.744415283203125,5.941196377534652e-06
870,627.3967895507812,199.15618896484375,13.10321044921875,50.678192138671875,1.3149423466529697e-05
900,627.7079467773438,73.72874450683594,12.79205322265625,51.891632080078125,9.836207937041763e-06
900,23.119495391845703,148.18003845214844,25.64385986328125,61.045166015625,5.5857959523564205e-05
900,8.275165557861328,148.63504028320312,26.110565185546875,61.16204833984375,2.9158284178265603e-06
900,0.0,154.18026733398438,13.086647033691406,50.91290283203125,3.844686034426559e-06
900,16.403034210205078,158.29562377929688,26.76333999633789,63.45831298828125,0.0017219990259036422
900,20.991592407226562,153.5677490234375,33.76353454589844,82.70419311523438,5.035821686760755e-06
900,627.7123413085938,162.96490478515625,12.78765869140625,50.974151611328125,5.933727152296342e-06
900,12.133913040161133,170.4273223876953,21.365262985229492,51.06793212890625,0.000170981147675775
900,24.060365676879883,171.9611053466797,22.87994956970215,55.04656982421875,0.10309742391109467
900,31.598474502563477,176.10986328125,21.7230281829834,51.182525634765625,0.0028594855684787035
900,37.843666076660156,173.32252502441406,23.01263427734375,54.962890625,1.776159115252085e-05
900,464.06878662109375,178.79803466796875,20.71417236328125,50.784637451171875,6.995740477577783e-06
900,0.0,189.24046325683594,15.156848907470703,54.983612060546875,3.472683147265343e-06
900,18.208694458007812,180.87893676757812,21.214923858642578,52.266387939453125,3.959661262342706e-05
900,550.702392578125,194.8612060546875,24.918212890625,58.33111572265625,3.0270755360106705e-06
900,531.4588012695312,198.03016662597656,21.6397705078125,53.1834716796875,3.327191961943754e-06
900,536.4144897460938,197.3982696533203,26.2218017578125,62.71241760253906,2.053479511232581e-05
900,534.353271484375,188.5915985107422,37.9627685546875,95.45661926269531,4.88971954837325e-06
930,0.0,166.43319702148438,17.507888793945312,62.725128173828125,5.143877842783695e-06
930,0.0,141.52059936523438,21.493114471435547,102.29287719726562,2.9427126719383523e-05
930,449.84442138671875,182.09942626953125,20.990966796875,51.264373779296875,1.7517686501378193e-05
930,456.8932800292969,182.3799591064453,21.21307373046875,50.7890625,1.410589993611211e-05
930,491.6068115234375,179.1285858154297,21.2677001953125,51.35009765625,3.032131871805177e-06
930,504.7367858886719,181.92642211914062,21.587615966796875,51.49627685546875,0.06444226950407028
930,5.421648025512695,180.2040252685547,23.49329376220703,55.842254638671875,5.283426617097575e-06
930,496.3638916015625,168.22738647460938,38.029296875,86.68087768554688,2.5066885882552015e-06
930,489.2301330566406,145.41961669921875,53.064910888671875,125.55062866210938,1.7997613213083241e-06
930,436.00732421875,105.44557189941406,141.03082275390625,287.3988037109375,5.482243068399839e-06
930,0.0,187.5274200439453,20.971332550048828,51.73553466796875,8.78888531588018e-05
930,509.9340515136719,187.46722412109375,22.248992919921875,52.989410400390625,0.019988108426332474
930,498.90521240234375,190.3439178466797,21.03009033203125,50.839080810546875,6.280314119067043e-05
930,610.007080078125,203.18292236328125,24.1317138671875,56.0333251953125,1.3656431292474736e-05
930,0.0,198.3115234375,16.361316680908203,60.772125244140625,3.050799023185391e-05
930,616.494140625,210.3950653076172,23.439453125,54.92335510253906,4.419066681293771e-05
930,626.8626098632812,210.3837432861328,13.63739013671875,51.07505798339844,3.5511417081579566e-05
960,597.1636962890625,0.0,43.3363037109375,122.32013702392578,2.685019580894732e-06
960,0.0,154.99856567382812,16.871463775634766,53.487152099609375,3.9823560655349866e-05
960,624.8961791992188,157.0171356201172,15.60382080078125,62.441497802734375,7.98838027549209e-06
960,0.0,73.41436767578125,61.70056915283203,319.2860107421875,2.308336661371868e-06
960,463.30889892578125,174.70498657226562,26.3956298828125,61.955108642578125,4.3485673813847825e-05
960,549.5259399414062,161.9171905517578,35.3443603515625,86.84979248046875,1.0768848142106435e-06
960,449.36322021484375,179.10195922851562,21.24993896484375,51.10504150390625,1.0352241588407196e-06
960,473.0210876464844,179.65638732910156,21.1571044921875,50.618011474609375,0.9281697869300842
960,566.6023559570312,179.14654541015625,21.843505859375,51.6060791015625,1.9340746803209186e-05
960,617.3359985351562,177.75039672851562,21.0667724609375,50.87750244140625,0.019789105281233788
960,609.33154296875,157.8377227783203,31.16845703125,84.05886840820312,1.7883401596918702e-05
960,0.0,171.87686157226562,15.785533905029297,58.853240966796875,8.45896647660993e-06
960,458.87542724609375,180.023681640625,21.44580078125,52.225128173828125,4.480901338865806e-07
960,464.95111083984375,164.3073272705078,37.212890625,80.3287353515625,2.7657897589961067e-06
960,405.6940002441406,100.79197692871094,142.08987426757812,295.556640625,6.096453489590203e-06
960,492.25927734375,179.0495147705078,21.16009521484375,50.50860595703125,0.0003467606729827821
960,499.30487060546875,177.69863891601562,22.50958251953125,53.497467041015625,0.1325959861278534
960,493.1873779296875,166.17929077148438,33.51995849609375,76.60293579101562,4.177248410996981e-05
960,510.5256652832031,176.9775848388672,21.578704833984375,51.084716796875,5.240766404313035e-05
960,522.7452392578125,180.05059814453125,23.21044921875,54.134979248046875,8.39470885694027e-06
960,551.369140625,181.11712646484375,25.18359375,60.10028076171875,0.8350144028663635
960,604.104248046875,181.69126892089844,22.38427734375,53.238800048828125,1.2962128494109493e-05
960,566.2578125,71.34695434570312,74.2421875,324.9964294433594,1.2063403119100258e-05
960,0.0,155.7437286376953,22.139341354370117,101.45137023925781,3.857797764794668e-06
960,531.8258056640625,182.31390380859375,21.447998046875,51.5972900390625,2.4415174266323447e-05
960,540.1657104492188,183.1141357421875,24.697265625,58.415863037109375,0.012863347306847572
960,494.33966064453125,123.87931823730469,125.4337158203125,288.745361328125,4.841258942178683e-06
960,611.7933349609375,184.81304931640625,22.2916259765625,52.29083251953125,0.0005107158212922513
960,624.3524780273438,182.73143005371094,16.14752197265625,54.70849609375,0.0025027559604495764
960,479.19989013671875,181.30645751953125,22.75860595703125,54.92529296875,1.859377880464308e-05
960,591.4934692382812,112.56206512451172,49.00653076171875,238.94390869140625,1.4209984328772407e-05
960,558.4196166992188,186.5578155517578,24.6595458984375,58.536285400390625,0.001174351666122675
960,616.1119384765625,190.04905700683594,24.1973876953125,56.5374755859375,2.3550728656118736e-05
960,626.494140625,204.3144989013672,14.005859375,52.004730224609375,6.446957740990911e-06
960,599.6939086914062,363.86138916015625,40.80609130859375,116.63861083984375,3.7888064525759546e-06
990,448.4462585449219,175.88418579101562,21.96661376953125,53.81768798828125,1.428677023795899e-05
990,510.1731262207031,174.1440887451172,24.419464111328125,55.917205810546875,0.0002136651601176709
990,627.2388305664062,165.64028930664062,13.26116943359375,51.390960693359375,6.839690740889637e-06
990,473.47833251953125,180.44326782226562,22.26605224609375,52.340118408203125,6.277362558648747e-07
990,496.94769287109375,162.3544158935547,33.3515625,79.68856811523438,4.316777631174773e-05
990,617.5785522460938,175.30996704101562,20.963623046875,50.820404052734375,6.333106284728274e-05
990,480.9768981933594,179.52386474609375,23.1097412109375,55.45269775390625,2.9599498247989686e-06
990,492.2958068847656,181.1602325439453,20.584075927734375,50.529327392578125,4.831610112887574e-06
990,488.4848937988281,137.16415405273438,49.112762451171875,111.46246337890625,7.83594089170947e-07
990,442.86798095703125,105.85206604003906,133.43096923828125,293.37506103515625,1.0131864655704703e-05
990,517.9461669921875,177.46543884277344,22.9412841796875,54.0550537109375,1.7760607079253532e-05
990,0.0,183.99818420410156,15.761550903320312,50.818756103515625,5.115015937917633e-06
990,503.44464111328125,178.45436096191406,23.0452880859375,54.789093017578125,0.9999992847442627
990,560.63818359375,188.8413848876953,21.056884765625,50.55059814453125,1.5713567336206324e-05
990,611.3714599609375,185.69308471679688,20.8046875,50.741912841796875,1.2880995200248435e-05
990,625.9312133789062,185.45599365234375,14.56878662109375,54.4010009765625,0.0003056471759919077
990,615.4886474609375,147.84320068359375,25.0113525390625,124.22280883789062,6.632640179304872e-06
990,616.2808837890625,188.8901824951172,24.2191162109375,60.745269775390625,0.0001304677571170032
990,498.08349609375,187.2891082763672,21.88629150390625,53.627716064453125,3.205032896858029e-07
990,626.8250122070312,207.84457397460938,13.67498779296875,51.259033203125,1.812338814488612e-05
990,617.9568481445312,212.45423889160156,22.54315185546875,54.76615905761719,5.830485861224588e-06
1020,456.9627685546875,162.3148193359375,22.724609375,53.84686279296875,0.00021673654555343091
1020,587.8931884765625,147.00181579589844,39.235595703125,97.46868896484375,6.507382931886241e-05
1020,463.5848083496094,168.37913513183594,21.3343505859375,50.527740478515625,0.0023942466359585524
1020,498.1647033691406,173.86141967773438,21.036651611328125,51.2816162109375,6.481560831161914e-06
1020,503.3529052734375,175.22389221191406,22.710693359375,56.78460693359375,9.932166904036421e-06
1020,575.4652709960938,161.37623596191406,35.58251953125,86.75900268554688,0.0002966118627227843
1020,443.21112060546875,168.952392578125,22.09698486328125,53.723968505859375,1.2131192306696903e-05
1020,450.6094665527344,166.1404571533203,22.10107421875,51.801300048828125,0.0002717182505875826
1020,473.0708312988281,172.5407257080078,22.5877685546875,53.9144287109375,0.00011737141176126897
1020,483.5464782714844,178.81459045410156,21.50628662109375,51.16845703125,0.006006424780935049
1020,421.8555908203125,93.48614501953125,152.6845703125,312.1270446777344,2.0055258573847823e-06
1020,570.3838500976562,179.41055297851562,21.146728515625,52.501739501953125,8.198119758162647e-06
1020,579.2461547851562,177.6170654296875,25.359130859375,60.39886474609375,0.00023989031615201384
1020,605.2083740234375,177.7476806640625,25.212890625,59.231903076171875,7.110224032658152e-06
1020,615.1796875,176.1919403076172,24.71533203125,55.074798583984375,6.934617431397783e-06
1020,487.4875183105469,177.23776245117188,26.383270263671875,61.66290283203125,2.251420301035978e-05
1020,509.75146484375,182.8736114501953,21.664794921875,52.09112548828125,8.181296834663954e-06
1020,562.0413818359375,184.95660400390625,20.593017578125,51.758392333984375,1.9549697753973305e-05
1020,557.0032348632812,175.66368103027344,30.66162109375,70.51443481445312,1.1095831951024593e-06
1020,528.3726806640625,149.86851501464844,112.1273193359375,272.63037109375,2.8313836537563475e-06
1020,587.0260620117188,175.2113037109375,28.7430419921875,68.72686767578125,0.9999372959136963
1020,597.5591430664062,183.9331512451172,23.5816650390625,54.283111572265625,0.0011919009266421199
1020,626.9710083007812,184.2686767578125,13.52899169921875,50.7506103515625,2.506155396986287e-05
1020,553.4699096679688,189.21475219726562,23.9537353515625,55.961151123046875,5.505862645804882e-06
1020,584.9183349609375,191.98724365234375,23.43603515625,56.846893310546875,0.0007864434737712145
1050,505.0749816894531,175.21617126464844,24.225799560546875,57.35174560546875,5.1539635023800656e-05
1050,538.1185913085938,178.35382080078125,23.5118408203125,55.39453125,0.053010422736406326
1050,626.9918823242188,170.2342071533203,13.50811767578125,57.644287109375,5.411474376160186e-06
1050,512.1707153320312,182.46371459960938,22.4256591796875,52.673614501953125,0.0004673943913076073
1050,520.7213745117188,180.9295196533203,21.6639404296875,51.021453857421875,0.00027468689950183034
1050,531.29736328125,178.34140014648438,21.93505859375,52.936920166015625,0.0004677455872297287
1050,543.9365234375,180.0222625732422,25.511474609375,61.07501220703125,0.1436992883682251
1050,564.6856079101562,173.44224548339844,33.5087890625,77.46337890625,3.618252230808139e-05
1050,575.8346557617188,184.4806671142578,22.637451171875,53.966400146484375,0.9988662004470825
1050,561.70849609375,148.15631103515625,49.9879150390625,111.11541748046875,5.57024065983569e-07
1050,511.2859191894531,113.82135009765625,129.21408081054688,292.9295654296875,2.20722472477064e-06
1050,552.4932250976562,182.41795349121094,24.958251953125,59.367584228515625,0.0033919746056199074
1050,627.5131225585938,192.36685180664062,12.98687744140625,51.429290771484375,1.9097093172604218e-05
1050,560.5425415039062,188.79122924804688,23.2161865234375,55.43365478515625,0.23984456062316895
1050,570.09521484375,189.6425323486328,22.3604736328125,54.16302490234375,0.19991062581539154
1050,582.3360595703125,189.34451293945312,23.0516357421875,54.741119384765625,0.0008537429384887218
1050,624.0091552734375,195.65553283691406,16.4908447265625,75.86509704589844,9.738399057823699e-06
1080,628.1038818359375,64.51004791259766,12.3961181640625,50.77783203125,3.2845048281160416e-06
1080,459.7069396972656,170.3692626953125,23.54241943359375,55.39532470703125,2.56469161286077e-06
1080,577.6029052734375,178.22653198242188,20.8466796875,50.929718017578125,4.360736966191325e-06
1080,627.5997924804688,171.32571411132812,12.90020751953125,50.56671142578125,0.00012386294838506728
1080,466.60107421875,179.1365509033203,21.78460693359375,51.176361083984375,0.1339959055185318
1080,458.41357421875,164.09979248046875,36.5703125,81.45758056640625,1.2264525821592542e-06
1080,393.759765625,109.85395812988281,140.421142578125,295.135986328125,2.08385836231173e-06
1080,477.3395690917969,175.06243896484375,21.55615234375,51.306182861328125,3.645898459581076e-06
1080,618.0076904296875,177.82237243652344,21.40283203125,50.768035888671875,1.2979001439816784e-05
1080,618.457763671875,152.72634887695312,22.042236328125,95.02554321289062,4.460506261239061e-06
1080,8.203917503356934,186.74917602539062,23.075672149658203,55.064971923828125,4.2696992750279605e-05
1080,0.0,194.2543487548828,13.9544677734375,51.022369384765625,7.0459300332004204e-06
1080,0.27163124084472656,192.43968200683594,24.470956802368164,56.856597900390625,7.420884230668889e-06
1080,14.688911437988281,189.90257263183594,23.766582489013672,55.282623291015625,1.697187826721347e-06
1080,626.8032836914062,189.17254638671875,13.69671630859375,53.821929931640625,4.524923497228883e-06
1110,0.0,129.13490295410156,17.547273635864258,59.68524169921875,1.896591470540443e-06
1110,504.3551330566406,154.43817138671875,34.442657470703125,83.98483276367188,3.1503720947512193e-06
1110,0.0,142.37783813476562,20.548128128051758,75.78073120117188,1.3735740139964037e-05
1110,0.0,111.74620056152344,28.381961822509766,124.44296264648438,3.947113327740226e-06
1110,529.4026489257812,163.25115966796875,21.8338623046875,52.246246337890625,4.7348207772301976e-06
1110,6.297170639038086,160.65084838867188,24.246009826660156,57.24188232421875,4.431118577485904e-05
1110,627.3361206054688,160.06324768066406,13.16387939453125,58.606292724609375,4.6936706894484814e-06
1110,0.0,166.59820556640625,15.655487060546875,54.6998291015625,7.156054925872013e-05
1110,500.15875244140625,171.61648559570312,25.3726806640625,59.485870361328125,6.983918865444139e-05
1110,509.6976013183594,169.7305908203125,24.285430908203125,58.02716064453125,0.9999749660491943
1110,517.8516845703125,170.03955078125,21.7437744140625,51.174652099609375,0.0011770764831453562
1110,450.05352783203125,137.072021484375,123.37200927734375,277.8046875,3.892625045409659e-06
1110,171.3631134033203,182.45611572265625,21.746307373046875,50.726043701171875,3.905601261067204e-05
1110,627.3824462890625,184.21530151367188,13.1175537109375,50.768157958984375,1.1362861187080853e-05
1110,600.7050170898438,361.1572570800781,39.79498291015625,119.34274291992188,6.120956641098019e-06
1140,456.6779479980469,0.0,103.71932983398438,226.55384826660156,8.362977496290114e-06
1140,584.4649047851562,164.1100616455078,25.77001953125,60.39019775390625,9.764616152097005e-06
1140,606.9951171875,164.40762329101562,22.37060546875,53.41180419921875,1.388793293699564e-06
1140,411.478759765625,16.750732421875,130.0892333984375,318.970703125,2.8255033157620346e-06
1140,442.428466796875,63.219078063964844,89.8968505859375,218.56552124023438,8.861655260261614e-06
1140,571.1242065429688,152.12889099121094,46.909423828125,112.54667663574219,4.808002813661005e-06
1140,560.18896484375,122.51873779296875,80.31103515625,198.75186157226562,2.416662709947559e-06
1140,528.552734375,171.6817169189453,22.418212890625,53.844512939453125,3.6980686672904994e-06
1140,566.282958984375,167.93019104003906,28.2247314453125,65.03652954101562,8.213223918573931e-05
1140,593.3328247070312,169.12432861328125,22.8431396484375,56.158721923828125,7.758868741802871e-05
1140,545.894287109375,148.98019409179688,94.605712890625,269.64300537109375,1.9007833316209144e-06
1140,614.9244995117188,167.43820190429688,25.57550048828125,59.3709716796875,0.00032103474950417876
1140,626.4769287109375,168.7029266357422,14.0230712890625,52.598968505859375,7.745983748463914e-05
1140,15.6693696975708,180.54150390625,23.220077514648438,55.800872802734375,1.9055585198657354e-06
1140,80.60491943359375,173.6620635986328,21.50335693359375,51.738983154296875,4.38954884884879e-05
1140,88.80039978027344,174.50059509277344,21.107452392578125,52.092742919921875,4.954264295520261e-05
1140,459.1727600097656,147.3326873779297,39.46759033203125,91.30184936523438,4.079369773535291e-06
1140,473.17218017578125,153.102783203125,36.2740478515625,82.0523681640625,1.0350287311666762e-06
1140,461.9107971191406,114.51263427734375,55.570648193359375,136.33282470703125,3.8739458432246465e-06
1140,580.0015869140625,175.5731658935547,21.1595458984375,51.172943115234375,1.0658477549441159e-05
1140,574.7540893554688,166.03622436523438,33.619140625,78.92520141601562,3.9817256038077176e-05
1140,586.1070556640625,161.64703369140625,36.15771484375,87.13357543945312,0.9999994039535522
1140,599.9598388671875,167.00465393066406,32.39453125,74.46707153320312,0.0005595633992925286
1140,7.980439186096191,182.20420837402344,24.076862335205078,58.644378662109375,1.919015630846843e-06
1140,71.47811126708984,176.0159454345703,26.035919189453125,59.397674560546875,4.90337515657302e-05
1140,460.3592529296875,180.0627899169922,20.63525390625,50.69140625,4.527870623860508e-05
1140,466.9499206542969,178.20623779296875,20.73321533203125,51.4427490234375,0.0012148329988121986
1140,469.754638671875,171.83323669433594,27.15850830078125,62.243133544921875,9.183060319628567e-05
1140,623.2247924804688,173.22132873535156,17.27520751953125,77.62713623046875,1.1388625352992676e-05
1140,590.8622436523438,159.3465576171875,46.5316162109375,115.07904052734375,4.462918695935514e-06
1140,591.3399047851562,187.55130004882812,25.808349609375,63.73065185546875,2.198938454966992e-05
1140,600.3311157226562,360.6431579589844,40.16888427734375,119.85684204101562,5.954145308351144e-06
1170,610.298583984375,0.0,30.201416015625,61.64167785644531,9.281007805839181e-06
1170,589.2052612304688,0.0,51.29473876953125,123.04961395263672,5.021645392844221e-06
1170,570.7473754882812,0.0,69.75262451171875,180.96412658691406,3.8773305277572945e-06
1170,598.5214233398438,0.0,30.0963134765625,51.48689270019531,4.848522166867042e-06
1170,625.704345703125,0.0,14.795654296875,52.18171691894531,3.1493657388637075e-06
1170,502.0566711425781,31.855487823486328,28.598785400390625,69.4342041015625,0.002765848534181714
1170,510.7143859863281,31.98426055908203,23.214019775390625,54.51240539550781,3.660070797195658e-05
1170,499.8969421386719,35.540260314941406,21.031524658203125,50.9234619140625,2.1746742277173325e-05
1170,472.29388427734375,26.338104248046875,85.11328125,205.00344848632812,2.800578840833623e-06
1170,502.50701904296875,13.865867614746094,54.1240234375,134.36575317382812,2.7150119876750978e-06
1170,507.9004211425781,40.360469818115234,29.762481689453125,73.76446533203125,2.9241434731375193e-06
1170,489.4834899902344,32.44403839111328,44.724090576171875,108.77669525146484,0.01577405259013176
1170,626.2725830078125,103.24247741699219,14.2274169921875,61.82293701171875,8.47839874040801e-06
1170,619.0010986328125,87.79545593261719,21.4989013671875,97.93051147460938,2.9495463422790635e-06
1170,406.9400634765625,150.59744262695312,24.64373779296875,58.823211669921875,1.3724217751587275e-05
1170,627.062255859375,155.65516662597656,13.437744140625,52.7120361328125,2.3774921373842517e-06
1170,401.46441650390625,157.7525634765625,21.29107666015625,50.746429443359375,2.9912898753536865e-06
1170,541.1602783203125,170.5926513671875,22.2225341796875,52.73944091796875,0.08266652375459671
1170,500.5205078125,172.10780334472656,20.44384765625,51.019287109375,1.73073640326038e-05
1170,508.978515625,172.11865234375,20.899658203125,50.775665283203125,0.005119989160448313
1170,520.2565307617188,169.24620056152344,24.9970703125,60.261932373046875,0.8161154985427856
1170,509.6612548828125,146.71083068847656,46.904052734375,106.85720825195312,3.4923505154438317e-07
1170,467.9461669921875,119.94612121582031,130.5872802734375,280.9332275390625,1.477317709941417e-05
1170,531.9115600585938,169.7041015625,27.3389892578125,64.5009765625,0.5909326672554016
1170,548.1098022460938,170.98773193359375,25.947265625,61.412017822265625,2.1238978661131114e-05
1170,627.4866333007812,178.4272003173828,13.01336669921875,51.35638427734375,9.81451739789918e-06
1170,510.9660949707031,171.22525024414062,29.761688232421875,72.92645263671875,7.37027294235304e-05
1170,525.0396118164062,167.55413818359375,38.4512939453125,91.44146728515625,0.0004313624813221395
1200,610.4536743164062,0.0,30.04632568359375,58.24681854248047,1.111821438826155e-05
1200,594.4766845703125,0.0,46.0233154296875,124.34561157226562,5.069290182291297e-06
1200,436.60546875,139.63751220703125,30.4879150390625,73.67410278320312,0.0018434454686939716
1200,442.4278869628906,152.18865966796875,20.927001953125,51.24810791015625,0.004156794399023056
1200,435.4549560546875,155.92372131347656,22.38677978515625,52.72161865234375,8.795834582997486e-05
1200,575.45849609375,164.14820861816406,25.09228515625,59.8612060546875,0.00015836008242331445
1200,446.7481994628906,158.1646728515625,22.2078857421875,52.9091796875,0.00027089647483080626
1200,54.77879333496094,162.30859375,23.035079956054688,54.697906494140625,0.0001976533530978486
1200,64.3944091796875,167.3760223388672,20.758331298828125,50.905303955078125,6.0158740780025255e-06
1200,455.97955322265625,164.32083129882812,22.2945556640625,54.5413818359375,3.4983647765329806e-06
1200,465.1095886230469,169.6074981689453,22.39068603515625,52.53570556640625,1.3403617913354537e-06
1200,565.4259033203125,174.3754119873047,21.26611328125,51.41094970703125,0.00024515713448636234
1200,625.3636474609375,169.38821411132812,15.1363525390625,59.74072265625,1.5279612853191793e-05
1200,49.46319580078125,168.4801025390625,21.38775634765625,51.97265625,6.013247457303805e-06
1200,520.9597778320312,175.19549560546875,21.5015869140625,51.259521484375,3.525187139530317e-06
1200,529.620849609375,174.79225158691406,21.491943359375,50.52813720703125,2.4866762032615952e-05
1200,534.9379272460938,173.77310180664062,23.9049072265625,56.7264404296875,3.041932541236747e-05
1200,544.6260986328125,177.13751220703125,20.4150390625,50.739349365234375,1.4904386262060143e-05
1200,553.849609375,177.07342529296875,20.93701171875,51.09527587890625,1.6742585557949496e-06
1200,570.9133911132812,175.3936767578125,24.661376953125,60.158050537109375,0.07334966957569122
1200,593.9619140625,172.2506103515625,23.1856689453125,55.276611328125,0.001498488592915237
1200,607.202392578125,172.87022399902344,23.402587890625,56.032012939453125,0.00020724147907458246
1200,581.5556640625,173.1838836669922,27.468017578125,66.68362426757812,0.003888610051944852
1200,598.2516479492188,173.68423461914062,27.4005126953125,66.22357177734375,0.004202350042760372
1200,603.8958129882812,170.59304809570312,33.2730712890625,81.4464111328125,0.0016200399259105325
1200,619.3095703125,169.4188690185547,21.1904296875,89.19868469238281,3.825661042355932e-05
1200,585.3510131835938,171.39273071289062,37.7318115234375,92.22283935546875,0.00036171951796859503
1200,558.0350952148438,176.78057861328125,32.8363037109375,79.08547973632812,7.04197445884347e-05
1200,567.5518798828125,170.25271606445312,38.7821044921875,92.50753784179688,0.00022602130775339901
1200,590.6030883789062,187.0973663330078,25.7357177734375,63.3009033203125,1.3304104868439026e-05
1200,608.605224609375,156.79293823242188,31.894775390625,140.26577758789062,7.758033461868763e-05
1200,593.3924560546875,128.73348999023438,47.1075439453125,218.452880859375,0.00010802349424920976
1200,625.6808471679688,221.19793701171875,14.81915283203125,57.013336181640625,7.251117040141253e-06
1200,620.615966796875,204.57223510742188,19.884033203125,86.18746948242188,1.3258357284939848e-05
1200,601.9082641601562,363.56085205078125,38.59173583984375,116.93914794921875,4.388547495182138e-06
1230,594.6763916015625,0.0,45.8236083984375,122.03504180908203,6.107680974309915e-07
1230,591.5927734375,0.0,48.9072265625,233.92462158203125,2.4311261768161785e-06
1230,622.2703857421875,65.76406860351562,18.2296142578125,75.76242065429688,5.995272658765316e-06
1230,627.0474243164062,84.4826889038086,13.45257568359375,50.91828155517578,5.012085694033885e-06
1230,627.5792236328125,107.10423278808594,12.9207763671875,50.5184326171875,7.3806822911137715e-06
1230,392.0066833496094,161.9066162109375,22.745849609375,53.025634765625,0.00013027334352955222
1230,513.9028930664062,174.16119384765625,21.244384765625,51.257354736328125,7.118864596122876e-05
1230,531.0704956054688,173.231689453125,22.2916259765625,52.821990966796875,2.9804647056153044e-05
1230,400.1752624511719,166.81849670410156,21.0679931640625,51.9097900390625,7.249208920256933e-06
1230,456.25689697265625,170.50643920898438,22.05450439453125,51.6689453125,0.0001667042524786666
1230,535.0926513671875,158.53268432617188,36.131103515625,82.25296020507812,2.873564426408848e-06
1230,41.72105026245117,176.55690002441406,21.198280334472656,51.119720458984375,3.2895470212679356e-05
1230,462.79669189453125,171.74314880371094,22.3489990234375,54.188995361328125,8.661364518047776e-06
1230,522.8029174804688,137.391357421875,53.26220703125,113.13919067382812,6.213173492142232e-06
1230,474.2310485839844,115.78227233886719,134.13644409179688,286.38427734375,1.6850272004376166e-05
1230,548.5376586914062,175.98696899414062,22.042724609375,52.88507080078125,6.348951046675211e-06
1230,47.43404006958008,180.90667724609375,22.13839340209961,53.140594482421875,1.402023599439417e-06
1230,520.9480590820312,183.2899932861328,21.001953125,51.424072265625,4.0620634536026046e-06
1230,538.4796142578125,177.50192260742188,21.94677734375,51.79827880859375,0.997641921043396
1230,626.8927001953125,196.79684448242188,13.6072998046875,51.930145263671875,7.654840374016203e-06
1230,530.7600708007812,176.5318145751953,31.703857421875,76.32681274414062,0.00012820375559385866
1230,542.1181640625,188.61135864257812,24.31591796875,57.8453369140625,1.3609199413622264e-05
1230,618.416015625,212.54981994628906,21.351318359375,50.89707946777344,1.5629293557140045e-05
1230,627.2826538085938,216.5085906982422,13.21734619140625,50.78364562988281,0.0001379710593027994
1230,622.5419311523438,217.54518127441406,17.95806884765625,75.96733093261719,1.0147220564249437e-05
1260,627.5064697265625,162.07644653320312,12.9935302734375,52.112060546875,4.244627689331537e-06
1260,0.0,152.2777099609375,23.444421768188477,84.20175170898438,6.018536623741966e-06
1260,0.0,105.51252746582031,58.19285583496094,298.5406494140625,2.5723954877321376e-06
1260,567.2078247070312,179.55572509765625,21.8995361328125,52.22576904296875,4.675193395087263e-06
1260,0.0,173.4459228515625,18.10076141357422,54.711334228515625,0.003026899415999651
1260,4.166996002197266,175.80841064453125,22.628463745117188,53.5684814453125,1.2315017556829844e-06
1260,532.7583618164062,180.00978088378906,21.321533203125,50.6776123046875,1.2269520084373653e-05
1260,539.7755737304688,182.81976318359375,21.3267822265625,50.535858154296875,0.0023173268418759108
1260,553.9637451171875,182.9636993408203,21.6343994140625,50.87847900390625,9.333655907539651e-05
1260,619.8700561523438,164.21490478515625,20.62994384765625,87.16897583007812,2.2807522327639163e-05
1260,563.252685546875,98.14817810058594,77.247314453125,308.14306640625,1.8259537682752125e-05
1260,504.3533020019531,182.22386169433594,22.464996337890625,52.61370849609375,8.883027931005927e-07
1260,561.0968627929688,185.2084197998047,21.662109375,51.8759765625,0.00014486612053588033
1260,626.75927734375,181.32794189453125,13.74072265625,54.94635009765625,0.006821860559284687
1260,543.5414428710938,188.43167114257812,23.5595703125,57.091583251953125,2.4455057427985594e-06
1260,626.1596069335938,203.761474609375,14.34039306640625,53.45660400390625,4.576201263262192e-06
1290,617.4031372070312,0.0,23.09686279296875,55.7235221862793,3.460540256128297e-06
1290,593.1805419921875,0.0,47.3194580078125,126.90364074707031,3.572075002011843e-06
1290,627.4068603515625,16.549560546875,13.0931396484375,61.30989074707031,8.016182619030587e-06
1290,618.1705932617188,4.440647125244141,22.32940673828125,100.45274353027344,9.079237315745559e-06
1290,0.0,177.6798095703125,14.296137809753418,51.51776123046875,3.587071660149377e-06
1290,7.26246452331543,177.5411376953125,24.536884307861328,58.67266845703125,2.201933284595725e-06
1290,457.9515075683594,174.19459533691406,20.859619140625,51.68609619140625,5.034640707890503e-06
1290,464.2967529296875,174.6502685546875,22.06549072265625,51.963134765625,6.973118433961645e-05
1290,0.0,173.53192138671875,19.016544342041016,76.94943237304688,4.950151378579903e-06
1290,511.99517822265625,189.80003356933594,23.71337890625,55.651611328125,3.5882144402421545e-06
1320,617.459228515625,173.376708984375,23.040771484375,55.9599609375,6.44673673377838e-06
1320,486.1376647949219,172.4805450439453,25.85784912109375,58.297332763671875,2.779440001177136e-05
1320,627.2149658203125,180.03794860839844,13.2850341796875,51.146820068359375,0.0005563980084843934
1320,0.0,187.40635681152344,15.521332740783691,52.917816162109375,3.558857861207798e-05
1320,622.8842163085938,180.99913024902344,17.61578369140625,76.04411315917969,2.6953899578074925e-05
1320,608.9622802734375,155.3681640625,31.5377197265625,138.716552734375,1.3468220458889846e-05
1320,593.0897827148438,130.8783721923828,47.41021728515625,224.6824188232422,7.320034910662798e-06
1350,593.6636352539062,0.0,46.83636474609375,123.45047760009766,8.351795258931816e-06
1350,458.96783447265625,121.57261657714844,21.6651611328125,50.65576171875,0.0035172980278730392
1350,456.0011291503906,120.86405944824219,30.804931640625,73.5098876953125,0.002058363752439618
1350,454.89849853515625,132.00567626953125,38.507568359375,93.26876831054688,2.5462190933467355e-06
1350,505.9667053222656,162.36175537109375,23.166412353515625,54.257110595703125,0.7787087559700012
1350,518.5682373046875,160.296875,20.99560546875,51.65765380859375,0.0001517620257800445
1350,394.45294189453125,173.04949951171875,22.5118408203125,53.189453125,1.0151808965019882e-05
1350,0.5604448318481445,178.78726196289062,21.415241241455078,50.84375,0.0005154002574272454
1350,0.0,105.8418197631836,44.81425857543945,231.0352783203125,4.911325504508568e-06
1350,496.9913024902344,166.52099609375,28.359893798828125,67.10400390625,0.00012216712639201432
1350,503.4256591796875,158.612548828125,32.430908203125,78.48321533203125,0.5889454483985901
1350,0.0,158.61297607421875,24.374563217163086,90.21435546875,4.266600171831669e-06
1350,399.75360107421875,181.77383422851562,21.7637939453125,51.168701171875,0.0008687665686011314
1350,407.4465026855469,183.42347717285156,21.4482421875,51.70849609375,1.0728741472121328e-05
1350,489.9741516113281,189.58737182617188,20.9757080078125,51.7935791015625,7.607739007653436e-06
1350,491.9539794921875,151.4059600830078,47.1634521484375,108.03147888183594,0.00011676312715280801
1350,510.76495361328125,169.24607849121094,35.3486328125,84.2357177734375,1.8560098396847025e-05
1350,494.43780517578125,184.46682739257812,28.09149169921875,67.63284301757812,3.704477057908662e-05
1350,503.95068359375,187.6776580810547,24.9959716796875,60.74505615234375,6.5265426201222e-06
1380,541.5471801757812,145.0228729248047,31.265625,75.41897583007812,0.0028862443286925554
1380,546.4883422851562,157.10287475585938,22.2332763671875,52.13555908203125,4.38360839325469e-05
1380,538.9088745117188,162.910888671875,21.6094970703125,51.974822998046875,6.573533028131351e-05
1380,551.0140380859375,162.3721466064453,24.9940185546875,59.94500732421875,0.07142744958400726
1380,2.0337514877319336,169.20347595214844,21.679458618164062,53.267303466796875,4.270060799171915e-06
1380,9.171924591064453,168.53184509277344,21.515148162841797,52.6796875,1.0656565791578032e-05
1380,566.5247192382812,166.36199951171875,22.8321533203125,55.110260009765625,0.00011087222083006054
1380,574.3945922851562,169.8203887939453,23.06640625,53.803955078125,7.766565204292419e-07
1380,602.3350830078125,172.34617614746094,21.123046875,50.994049072265625,1.0557005225564353e-06
1380,0.0,173.39666748046875,15.754618644714355,57.51898193359375,4.662450464820722e-06
1380,17.000669479370117,177.37937927246094,22.39775276184082,52.964874267578125,7.827155786799267e-05
1380,416.9690246582031,180.62513732910156,23.660888671875,53.917205810546875,7.8018939575486e-07
1380,424.6606750488281,178.74966430664062,24.08489990234375,55.640350341796875,4.584881025948562e-06
1380,559.8617553710938,170.86038208007812,21.8223876953125,51.6671142578125,0.004259700886905193
1380,607.3370971679688,176.03115844726562,22.6636962890625,56.119140625,1.0278117770212702e-05
1380,602.5687255859375,166.26681518554688,35.1220703125,80.6285400390625,1.6462656276416965e-05
1380,620.0880737304688,161.73074340820312,20.41192626953125,82.73294067382812,6.896977083670208e-06
1380,608.9131469726562,124.35130310058594,31.58685302734375,144.53712463378906,1.4885379641782492e-05
1380,594.5587158203125,89.30755615234375,45.9412841796875,232.06588745117188,3.6804125556955114e-05
1380,24.561508178710938,181.4688262939453,23.242691040039062,54.850555419921875,3.065801865886897e-05
1380,431.779541015625,183.7587890625,25.02740478515625,58.441162109375,7.159091637731763e-06
1380,439.9410705566406,187.8022918701172,22.06951904296875,51.585418701171875,1.0744571227405686e-05
1380,536.285400390625,172.6171112060547,26.018310546875,63.210662841796875,1.4861564523016568e-05
1380,531.1709594726562,155.08758544921875,38.7724609375,94.9564208984375,6.104338581280899e-07
1380,544.4310913085938,171.0589599609375,26.5762939453125,63.3101806640625,0.00022660737158730626
1380,546.1248168945312,155.21902465820312,36.1483154296875,85.336181640625,2.92637796519557e-05
1380,31.481605529785156,189.13531494140625,23.29363250732422,53.94757080078125,1.8344167074246798e-06
1380,552.9246215820312,182.09031677246094,22.7216796875,55.746734619140625,1.7494314306532033e-05
1410,611.7100219726562,0.0,28.78997802734375,61.76581573486328,1.2912735201098258e-06
1410,595.5587158203125,0.0,44.9412841796875,117.80880737304688,1.392010062772897e-06
1410,577.8336791992188,0.0,62.66632080078125,174.03671264648438,1.6839303498272784e-06
1410,601.5715942382812,131.8664093017578,21.034423828125,51.00384521484375,1.1431618077040184e-05
1410,607.720703125,132.268798828125,24.1080322265625,56.426910400390625,6.175544058351079e-06
1410,599.75634765625,139.24623107910156,27.3768310546875,60.8056640625,8.185151273210067e-06
1410,591.1068725585938,131.13449096679688,41.6392822265625,102.72048950195312,1.1057065421482548e-05
1410,0.0,156.2571563720703,20.71053123474121,91.69708251953125,1.1423739124438725e-05
1410,590.4223022460938,90.01666259765625,50.07769775390625,237.68466186523438,7.588392236357322e-06
1410,0.0,176.65158081054688,14.568655014038086,55.54144287109375,0.00047705668839626014
1410,0.0,121.98741149902344,60.546783447265625,302.114501953125,4.772156444232678e-06
1410,442.51129150390625,179.7554168701172,22.63641357421875,52.86175537109375,7.823061423550826e-06
1410,448.49432373046875,184.15850830078125,22.6273193359375,54.38275146484375,5.557306940318085e-05
1410,455.2861328125,185.9020233154297,23.68701171875,55.127227783203125,9.98102859739447e-06
1410,496.326171875,185.0856170654297,21.3856201171875,50.731536865234375,2.1233377083262894e-06
1440,603.541259765625,25.856033325195312,34.4249267578125,79.90092468261719,5.188366230868269e-06
1440,616.3114624023438,27.11156463623047,22.05712890625,53.312538146972656,6.186791779327905e-06
1440,624.0983276367188,30.706623077392578,16.40167236328125,63.53782272338867,9.027320629684255e-06
1440,615.9773559570312,18.113658905029297,24.52264404296875,109.83064270019531,3.8483321986859664e-06
1440,530.1858520507812,73.76695251464844,21.45849609375,51.30943298339844,0.002537146210670471
1440,525.0377807617188,73.4107666015625,31.7862548828125,73.295654296875,9.63141574175097e-05
1440,604.3858642578125,12.388603210449219,36.1141357421875,153.12826538085938,4.928559064865112e-06
1440,523.0653686523438,76.6424331665039,22.5478515625,53.64423370361328,6.5089325289591216e-06
1440,516.5595703125,70.21247100830078,46.7440185546875,111.1198959350586,6.001628662488656e-06
1440,617.732177734375,85.49566650390625,22.767822265625,88.56268310546875,5.929071448917966e-06
1440,541.8522338867188,0.0,98.64776611328125,283.365234375,5.517489171324996e-06
1440,623.8963623046875,105.542236328125,16.6036376953125,55.57403564453125,1.2525324564194307e-05
1440,580.1598510742188,24.652252197265625,60.34014892578125,221.33804321289062,0.00010016930900746956
1440,598.4904174804688,55.378814697265625,42.00958251953125,158.55841064453125,0.0019621208775788546
1440,620.8311157226562,118.97615814208984,19.66888427734375,72.31031036376953,0.00030871693161316216
1440,611.940185546875,106.1096420288086,28.559814453125,114.56690216064453,0.0005359639180824161
1440,610.74365234375,151.06069946289062,22.9293212890625,56.01519775390625,3.2237492177955573e-06
1440,622.407470703125,144.41146850585938,18.092529296875,69.4676513671875,2.36351479543373e-05
1440,593.8047485351562,86.4767837524414,46.69525146484375,218.42343139648438,0.0003098533197771758
1440,476.2593994140625,169.4204559326172,22.7579345703125,53.70391845703125,0.002072164323180914
1440,486.6788330078125,171.056884765625,23.523681640625,56.31329345703125,0.00042465439764782786
1440,377.16729736328125,173.4542236328125,20.55767822265625,50.919342041015625,8.248123322118772e-07
1440,385.3801574707031,174.94664001464844,21.0152587890625,51.30780029296875,1.916537257784512e-06
1440,0.0,178.69142150878906,14.525585174560547,52.65032958984375,1.1514587640704121e-05
1440,413.58624267578125,121.73286437988281,136.508056640625,285.8365478515625,1.0831298823177349e-05
1440,607.9361572265625,142.82098388671875,32.5638427734375,108.71530151367188,6.648096314165741e-05
1440,482.1245422363281,181.2797393798828,21.3646240234375,51.220611572265625,0.13599304854869843
1440,474.76788330078125,166.7436981201172,35.34686279296875,81.34384155273438,2.6651359803508967e-06
1440,492.79443359375,178.04226684570312,24.70465087890625,58.6248779296875,2.0773815776919946e-05
1440,528.314453125,183.28799438476562,23.5181884765625,55.7012939453125,1.6617537767160684e-05
1440,620.0856323242188,162.01136779785156,20.41436767578125,85.43331909179688,3.27030174958054e-05
1440,535.5419921875,189.76495361328125,24.56591796875,58.114227294921875,8.84130258782534e-06
1440,543.2752685546875,198.7491912841797,24.03955078125,56.493194580078125,1.6636614645904046e-06
1470,602.7158813476562,154.63304138183594,22.159912109375,52.688018798828125,0.0005218750447966158
1470,597.0640258789062,141.8279266357422,33.878173828125,80.97515869140625,1.951832564373035e-05
1470,609.8172607421875,144.57139587402344,30.51220703125,70.46640014648438,3.399177148821764e-05
1470,626.417724609375,150.32894897460938,14.082275390625,52.659820556640625,8.921707376430277e-06
1470,595.3562622070312,158.85275268554688,21.1978759765625,50.58551025390625,3.6959838325856254e-05
1470,9.731928825378418,174.68978881835938,21.004863739013672,51.46051025390625,1.921582042996306e-05
1470,608.6575317382812,164.3209991455078,21.416015625,50.845550537109375,0.0016778302378952503
1470,613.8458251953125,167.25521850585938,23.066650390625,55.0372314453125,0.0025539081543684006
1470,626.86083984375,171.2586212158203,13.63916015625,51.185760498046875,9.076984133571386e-05
1470,408.756591796875,179.43878173828125,21.32720947265625,51.403350830078125,1.242655230271339e-06
1470,530.5504150390625,178.7061309814453,22.0465087890625,51.24127197265625,5.220722869125893e-06
1470,594.4908447265625,172.9239044189453,24.322509765625,57.15509033203125,9.152906386589166e-06
1470,601.355224609375,168.28173828125,26.919677734375,65.20462036132812,7.947329140733927e-05
1470,609.765869140625,186.72735595703125,21.6395263671875,52.473297119140625,1.9799728761427104e-05
1470,605.3782348632812,177.67123413085938,30.6536865234375,75.70700073242188,3.904969616996823e-06
1470,615.6353149414062,183.49925231933594,24.86468505859375,58.46270751953125,5.139117092767265e-06
1470,627.4578247070312,192.53347778320312,13.04217529296875,51.021484375,1.7578100596438162e-05
1470,616.9968872070312,209.0743865966797,22.5888671875,52.61354064941406,2.7303733531880425e-06
1470,627.1585693359375,218.52804565429688,13.3414306640625,52.650909423828125,3.058559013879858e-05
1470,619.4258422851562,189.9698944091797,21.07415771484375,96.13941955566406,4.340734449215233e-06
1500,615.1959838867188,153.74267578125,21.6356201171875,52.336273193359375,4.0909519157139584e-05
1500,602.3944091796875,159.29974365234375,22.9605712890625,52.865875244140625,0.00022830066154710948
1500,595.5736083984375,162.5093994140625,23.427490234375,54.721405029296875,2.937094677690766e-06
1500,609.62841796875,164.32284545898438,22.1663818359375,52.0267333984375,0.0008926985319703817
1500,614.8502197265625,122.10884094238281,25.6497802734375,131.9327392578125,1.6284799357890734e-06
1500,0.0,171.04681396484375,16.568391799926758,50.961944580078125,0.00017462439427617937
1500,0.0,90.93585205078125,62.620155334472656,315.18890380859375,9.313379450759385e-06
1500,0.0,164.34637451171875,26.206504821777344,69.46176147460938,4.049797553307144e-06
1500,626.2733154296875,169.5485382080078,14.2266845703125,52.11383056640625,3.1843701435718685e-05
1500,593.9169921875,99.98473358154297,46.5830078125,230.2933349609375,3.1085778573469725e-06
1500,615.3776245117188,170.43276977539062,23.6748046875,56.06927490234375,0.000525969488080591
1500,464.9805603027344,181.55502319335938,21.83319091796875,51.743377685546875,2.0674366169259883e-05
1500,471.2783508300781,179.7515411376953,25.6185302734375,61.383056640625,2.9001183065702207e-05
1500,479.43212890625,178.81771850585938,24.732666015625,59.131683349609375,2.8655120331677608e-05
1500,488.2529296875,178.32492065429688,22.771240234375,54.50701904296875,5.2977386076236144e-05
1500,495.5312194824219,180.94911193847656,21.918670654296875,54.20263671875,9.351685548608657e-06
1500,602.6591186523438,180.626708984375,20.876708984375,51.222503662109375,1.2967841030331329e-05
1500,606.4909057617188,173.395751953125,29.322021484375,71.17071533203125,4.470096428121906e-06
1500,471.8789978027344,165.0524444580078,36.59014892578125,89.68768310546875,2.152243041564361e-06
1500,627.4554443359375,191.93197631835938,13.0445556640625,50.8883056640625,8.76273315952858e-06
1530,593.2337036132812,0.0,47.26629638671875,124.42499542236328,1.4041082749827183e-06
1530,402.5389099121094,175.07138061523438,21.186279296875,50.756134033203125,0.00026494573103263974
1530,537.3408813476562,171.60238647460938,21.00341796875,50.6566162109375,2.0128165942878695e-06
1530,542.972412109375,174.9846954345703,22.1103515625,52.779510498046875,7.105599070200697e-05
1530,323.7838134765625,100.58224487304688,151.74298095703125,303.0309753417969,5.318946477927966e-06
1530,405.10906982421875,172.52468872070312,27.69879150390625,66.7994384765625,7.940778232295997e-06
1530,530.786865234375,175.84017944335938,22.50439453125,54.292694091796875,5.2288702136138454e-05
1530,549.7327880859375,174.22509765625,25.9075927734375,59.824676513671875,4.103188621229492e-05
1530,559.2357788085938,175.48886108398438,21.556396484375,51.24493408203125,3.220285861971206e-06
1530,464.6370544433594,184.1563262939453,22.6497802734375,54.3399658203125,0.00015751975297462195
1530,478.381591796875,185.21926879882812,23.5496826171875,56.765625,5.065221557742916e-06
1530,513.7454833984375,183.0372772216797,20.667724609375,50.81573486328125,3.257006255807937e-06
1530,520.266357421875,181.364990234375,25.9765625,61.7518310546875,1.4571232895832509e-06
1530,535.5473022460938,179.47439575195312,28.228515625,66.19784545898438,0.00011586916662054136
1530,457.2980651855469,187.3021240234375,24.3282470703125,57.0474853515625,5.269803659757599e-05
1530,471.4782409667969,186.91668701171875,22.82708740234375,53.679840087890625,4.05677201342769e-05
1530,526.2936401367188,187.66773986816406,28.6669921875,67.88784790039062,3.749168399735936e-06
1530,532.341796875,173.23654174804688,39.8887939453125,95.86276245117188,2.0850526198046282e-05
1560,596.3796997070312,0.0,44.12030029296875,119.63784790039062,2.7310504719935125e-06
1560,577.3109130859375,0.0,63.1890869140625,167.8086700439453,4.452320808923105e-06
1560,400.7472229003906,167.9630126953125,27.0142822265625,62.9478759765625,1.8766329503705492e-06
1560,409.39324951171875,174.28187561035156,21.1014404296875,50.643707275390625,0.014232155866920948
1560,333.7590026855469,106.33740234375,142.00360107421875,295.32965087890625,1.7000023945001885e-05
1560,454.33990478515625,184.42010498046875,22.5731201171875,53.885345458984375,5.011336838833813e-07
1560,488.4118957519531,185.43374633789062,22.96844482421875,53.7161865234375,3.498925252642948e-06
1560,447.8121643066406,189.79908752441406,21.79656982421875,51.5263671875,0.0012691093143075705
1560,482.0123291015625,189.153076171875,20.971923828125,50.870147705078125,2.539437628001906e-05
1560,600.8745727539062,212.53623962402344,22.337890625,52.80207824707031,4.733614673568809e-07
1560,608.6376953125,211.6588897705078,23.0733642578125,54.69322204589844,1.0071136102851597e-06
1560,627.1009521484375,217.270751953125,13.3990478515625,51.999786376953125,2.3585365852341056e-05
1590,597.083984375,0.0,43.416015625,123.92569732666016,9.385234079672955e-06
1590,7.184456825256348,164.2093963623047,22.08739471435547,53.3585205078125,1.4868121525069e-06
1590,410.37744140625,172.18515014648438,21.3509521484375,50.953765869140625,0.00018364495190326124
1590,0.0,169.01870727539062,16.179319381713867,52.9620361328125,9.867514563666191e-06
1590,326.7564697265625,84.36566162109375,154.43707275390625,311.1141357421875,7.73895862948848e-06
1590,627.6781005859375,171.0553436279297,12.8218994140625,50.525970458984375,4.660671947931405e-06
1590,412.2222595214844,169.53671264648438,28.552001953125,67.94033813476562,8.338333259416686e-07
1590,504.32171630859375,178.66444396972656,21.369140625,51.5028076171875,1.4730915609106887e-05
1590,512.0025024414062,177.98388671875,21.3681640625,52.7608642578125,4.4657585931418e-06
1590,482.1609191894531,181.64175415039062,22.60394287109375,53.749603271484375,2.7871637939824723e-05
1590,489.72442626953125,182.1278076171875,22.4259033203125,54.988494873046875,7.984268449945375e-06
1590,497.37579345703125,180.5749969482422,21.4290771484375,51.026580810546875,1.8185020962846465e-05
1590,498.8959045410156,176.160888671875,31.364349365234375,73.11386108398438,1.5389553027489455e-06
1620,603.9896850585938,162.45484924316406,22.5634765625,53.34820556640625,3.208441512470017e-06
1620,403.7729187011719,172.0984649658203,21.4822998046875,50.79217529296875,0.00028067463426850736
1620,415.8707580566406,170.3351287841797,21.23114013671875,51.455810546875,8.997856753012456e-07
1620,508.0025939941406,169.1249237060547,22.208038330078125,51.825714111328125,3.8632690120721236e-05
1620,0.0,171.41397094726562,15.540046691894531,50.97174072265625,2.0876850612694398e-05
1620,406.39239501953125,169.00111389160156,27.48358154296875,66.19082641601562,3.2378760806750506e-05
1620,614.7591552734375,132.89181518554688,25.7408447265625,130.84686279296875,2.6488683033676352e-06
1620,331.6386413574219,79.41366577148438,149.8492431640625,300.0419616699219,4.548503056867048e-06
1620,512.2576904296875,178.9541778564453,21.4671630859375,51.19757080078125,0.002102822531014681
1620,608.2776489257812,172.54803466796875,23.15625,54.773468017578125,0.05910465121269226
1620,626.112060546875,175.75340270996094,14.387939453125,53.893798828125,6.740840763086453e-05
1620,613.8182983398438,175.2206573486328,25.5086669921875,61.3922119140625,0.00026153423823416233
1620,520.4503173828125,190.01193237304688,20.9608154296875,51.443328857421875,7.363534678006545e-05
1620,527.6765747070312,191.34857177734375,23.5955810546875,55.060577392578125,1.818319447011163e-06
1620,601.8468627929688,182.97860717773438,22.8673095703125,56.345184326171875,6.773351287847618e-06
1620,603.5476684570312,174.36631774902344,31.674560546875,76.36502075195312,0.0002731095883063972
1620,622.3330078125,179.52630615234375,18.1669921875,76.9390869140625,1.5361430996563286e-05
1620,511.45758056640625,189.056884765625,25.1563720703125,61.4593505859375,3.162409257129184e-06
1650,596.6734008789062,0.0,43.82659912109375,127.0957260131836,5.8019140851683915e-06
1650,521.1361694335938,166.66136169433594,22.2716064453125,55.730255126953125,7.368480873992667e-05
1650,393.8087463378906,173.17727661132812,20.8883056640625,50.779571533203125,4.449177868082188e-05
1650,435.219482421875,77.74560546875,155.5821533203125,313.0813903808594,9.733330443850718e-06
1650,479.0788269042969,174.9835968017578,21.925048828125,51.295928955078125,0.00140425655990839
1650,485.3089904785156,171.3780975341797,22.82281494140625,54.339385986328125,1.5554114725091495e-05
1650,543.9779052734375,177.6125030517578,21.875732421875,51.749847412109375,7.695140084251761e-05
1650,0.0,184.00917053222656,14.283787727355957,54.264862060546875,3.551175723259803e-06
1650,527.9894409179688,180.52284240722656,20.543701171875,51.335845947265625,3.0903991046216106e-06
1650,550.8522338867188,182.85580444335938,23.621337890625,57.3692626953125,1.7135575035354123e-05
1680,612.38330078125,0.0,28.11669921875,59.20635986328125,3.60097010343452e-06
1680,595.8026733398438,0.0,44.69732666015625,122.6230697631836,3.842534169962164e-06
1680,528.7752685546875,166.37442016601562,22.404052734375,54.68743896484375,0.0007209692848846316
1680,490.7630615234375,175.59689331054688,21.29034423828125,50.937896728515625,5.426833467936376e-06
1680,448.4270324707031,79.16722106933594,148.90426635742188,314.334716796875,2.1408404791145585e-06
1710,595.6526489257812,0.0,44.84735107421875,121.36799621582031,3.321542408230016e-06
1710,456.912353515625,170.1033477783203,21.119873046875,52.271881103515625,2.5781235308386385e-05
1710,521.3226928710938,166.4409942626953,21.9693603515625,53.705535888671875,0.0008389600552618504
1710,373.5711364746094,66.64848327636719,153.72280883789062,314.50665283203125,4.370662736619124e-06
1710,442.1636962890625,84.32176208496094,149.6453857421875,302.80426025390625,6.4000641941674985e-06
1710,556.6744995117188,174.317138671875,21.7630615234375,51.7177734375,8.077920938376337e-06
1710,566.4760131835938,170.03219604492188,25.046875,59.431610107421875,0.9999878406524658
1710,510.5990295410156,129.6523895263672,122.07064819335938,280.7098388671875,4.833734692510916e-06
1710,584.0601806640625,174.3592071533203,21.0518798828125,51.36846923828125,3.3582543892407557e-06
1710,527.639404296875,174.5506591796875,20.9488525390625,51.04412841796875,0.00014778152399230748
1710,574.7392578125,176.80670166015625,22.84765625,53.48260498046875,0.0004844778450205922
1710,627.61328125,185.86215209960938,12.88671875,50.9222412109375,9.900183613353875e-06
1710,601.7566528320312,362.16900634765625,38.74334716796875,118.33099365234375,4.879476364294533e-06
1740,3.794316291809082,162.4702911376953,21.582706451416016,50.768035888671875,0.0003599958145059645
1740,402.7435607910156,165.70120239257812,22.69970703125,53.870880126953125,0.044317618012428284
1740,0.0,162.69345092773438,15.420499801635742,53.46624755859375,7.745205039100256e-06
1740,535.252685546875,171.1615447998047,22.41357421875,53.37432861328125,5.58337933398434e-06
1740,6.80177116394043,161.7979736328125,27.054323196411133,64.55865478515625,2.728532490436919e-05
1740,332.958984375,77.69198608398438,143.338623046875,308.5168762207031,1.2333974154898897e-05
1740,514.7869873046875,176.1561279296875,20.3150634765625,50.752777099609375,0.0002487280871719122
1740,580.9622192382812,177.11846923828125,20.965087890625,50.677642822265625,0.4775465726852417
1740,592.531005859375,177.02171325683594,21.9525146484375,52.3677978515625,0.9939450621604919
1740,601.960693359375,165.7428436279297,33.3155517578125,78.624267578125,7.751806697342545e-05
1740,472.03173828125,174.7487030029297,23.22271728515625,54.47705078125,2.3841721485950984e-05
1740,526.4769897460938,169.83627319335938,26.81103515625,64.15655517578125,0.999990701675415
1740,466.9820556640625,144.98170471191406,123.330810546875,278.7005615234375,1.5102460793059436e-06
1740,521.9911499023438,124.11993408203125,118.50885009765625,273.53887939453125,1.804522798920516e-05
1740,586.9483032226562,161.86892700195312,34.6846923828125,80.55267333984375,2.4507660327799385e-06
1740,601.2020263671875,176.116943359375,21.9478759765625,52.7757568359375,0.9982309937477112
1740,409.45648193359375,173.97177124023438,21.310302734375,51.1077880859375,0.1234176978468895
1740,465.402099609375,176.07008361816406,21.5328369140625,52.304901123046875,2.544549033700605e-06
1740,504.18896484375,174.55455017089844,20.9556884765625,50.775604248046875,0.006661748513579369
1740,607.44091796875,177.40301513671875,22.8040771484375,54.579986572265625,0.9560400247573853
1740,625.699951171875,182.41587829589844,14.800048828125,54.966949462890625,9.310384484706447e-05
1740,612.7373657226562,179.85113525390625,26.396484375,62.385223388671875,0.011022356338799
1770,473.5591735839844,150.38668823242188,43.148834228515625,103.67315673828125,9.445042451261543e-06
1770,337.84375,162.79405212402344,20.95025634765625,50.507110595703125,3.571410616132198e-06
1770,417.1319885253906,165.92169189453125,21.9273681640625,52.4498291015625,9.010270150611177e-05
1770,275.9669189453125,83.77279663085938,143.669189453125,303.01611328125,6.590326393052237e-06
1770,539.205078125,173.8610076904297,21.374267578125,50.6702880859375,5.512527422979474e-05
1770,348.4888000488281,165.8454132080078,21.05462646484375,50.799407958984375,7.5848174674320035e-06
1770,458.39019775390625,169.64222717285156,20.6568603515625,51.6781005859375,3.7946317661408102e-06
1770,468.5095520019531,168.90838623046875,22.80218505859375,55.6268310546875,0.00021774238848593086
1770,473.6784362792969,164.4582061767578,28.4769287109375,67.7999267578125,0.03324861079454422
1770,482.68768310546875,162.99411010742188,30.08209228515625,71.88079833984375,0.9999918937683105
1770,546.3190307617188,180.3252410888672,21.611328125,51.469696044921875,0.9118629097938538
1770,554.241455078125,177.99546813964844,21.850341796875,51.5023193359375,0.9771011471748352
1770,552.560546875,159.54180908203125,34.9141845703125,79.47262573242188,5.390666615312512e-07
1770,626.701416015625,171.67376708984375,13.798583984375,57.36212158203125,1.3539745850721374e-05
1770,359.3177490234375,169.32054138183594,21.3831787109375,51.207977294921875,0.00025454635033383965
1770,441.43609619140625,138.4698486328125,117.0390625,276.6199951171875,5.205018169363029e-06
1770,493.4023742675781,173.22500610351562,24.385589599609375,56.02783203125,0.00012047305062878877
1770,537.6581420898438,159.75210571289062,36.734375,84.36734008789062,1.0501086080694222e-06
1770,526.8002319335938,133.84275817871094,55.2230224609375,120.64224243164062,1.5283194443327375e-06
1770,503.2816467285156,96.63748168945312,99.84237670898438,245.62396240234375,4.546935815596953e-05
1770,561.6324462890625,178.40042114257812,21.6033935546875,51.51513671875,0.9988172650337219
1770,568.9558715820312,178.15814208984375,21.707763671875,51.579833984375,0.996129035949707
1770,562.0440673828125,161.7492218017578,36.7408447265625,84.937744140625,1.5156741710597998e-06
1770,515.2695922851562,115.82003784179688,125.23040771484375,283.69317626953125,1.9710054402821697e-05
1770,582.845947265625,174.67007446289062,22.444580078125,53.90435791015625,0.9992583394050598
1770,577.5839233398438,162.5998992919922,34.5531005859375,81.02029418945312,3.961058155255159e-06
1770,40.55390930175781,180.52291870117188,21.27240753173828,50.7061767578125,3.2681173252058215e-06
1770,590.9520874023438,178.50428771972656,21.77783203125,52.6663818359375,0.004611173644661903
1770,616.6118774414062,181.0330047607422,22.25439453125,53.079193115234375,4.36066238762578e-06
1770,626.2063598632812,189.94326782226562,14.29364013671875,63.6663818359375,1.1957511560467537e-05
1770,617.3212890625,169.59573364257812,23.1787109375,102.04635620117188,8.79655999597162e-06
1770,594.3906860351562,140.24794006347656,46.10931396484375,231.76145935058594,1.1568950867513195e-05
1770,607.7601928710938,171.4964599609375,32.73980712890625,142.86965942382812,1.0481251592864282e-05
1770,601.1139526367188,358.97210693359375,39.38604736328125,121.52789306640625,5.994306320644682e-06
1800,0.0,0.0,30.20254898071289,69.61602020263672,1.1672919981720042e-06
1800,0.0,0.0,46.81660079956055,110.86903381347656,9.940885320247617e-06
1800,0.0,0.0,61.50843811035156,170.43553161621094,5.578870968747651e-06
1800,282.9818420410156,166.64846801757812,21.17474365234375,51.37957763671875,1.092806996894069e-06
1800,334.59197998046875,168.9469757080078,21.249755859375,51.05517578125,1.7313302578259027e-06
1800,475.60284423828125,172.55072021484375,22.23992919921875,52.46478271484375,0.0008961722487583756
1800,418.6453857421875,168.0720977783203,21.53790283203125,50.69091796875,0.024172548204660416
1800,487.2352294921875,169.26791381835938,25.34259033203125,60.674041748046875,0.9998058676719666
1800,512.0730590820312,165.98178100585938,26.029541015625,62.581390380859375,0.9732409715652466
1800,504.3753662109375,138.42562866210938,48.1143798828125,106.241455078125,2.8304501142883964e-07
1800,473.833251953125,109.40357208251953,94.3125,245.45260620117188,4.711550900537986e-06
1800,521.7691650390625,166.04005432128906,26.26123046875,62.067718505859375,0.9998225569725037
1800,532.1697998046875,166.31651306152344,23.511962890625,56.19097900390625,5.2736604629899375e-06
1800,402.993408203125,173.91563415527344,20.43829345703125,50.860015869140625,3.821743121079635e-06
1800,410.7854919433594,168.65484619140625,25.16650390625,60.6015625,0.0005044518038630486
1800,463.00390625,140.60577392578125,50.857421875,107.96884155273438,5.529613531507493e-07
1800,420.3203430175781,115.20439147949219,127.08651733398438,280.640625,2.620220766402781e-05
1800,489.55133056640625,160.31158447265625,34.38720703125,80.25302124023438,3.0496705676341662e-06
1800,504.19268798828125,168.96946716308594,24.8170166015625,58.781768798828125,0.276774525642395
1800,405.6111145019531,162.26132202148438,35.69818115234375,86.8358154296875,2.363496378166019e-06
1800,417.02362060546875,167.61810302734375,30.10125732421875,72.89105224609375,0.00020301366748753935
1800,481.43096923828125,176.06817626953125,23.61181640625,56.131134033203125,0.702940046787262
1800,495.6612854003906,172.73606872558594,24.010467529296875,56.830078125,0.3674364686012268
1800,604.0144653320312,182.81179809570312,32.631591796875,79.79788208007812,7.3169494498870336e-06
1800,601.4304809570312,362.5796813964844,39.06951904296875,117.92031860351562,4.5520700950874016e-06
1830,284.3192138671875,110.18828582763672,83.46746826171875,190.939697265625,1.0267360266880132e-05
1830,117.3326644897461,146.48988342285156,31.89252471923828,75.23251342773438,2.052668969554361e-05
1830,427.20001220703125,163.37705993652344,21.53570556640625,50.834136962890625,2.714657057367731e-05
1830,441.05181884765625,162.7177734375,22.15802001953125,54.15069580078125,0.00014582989388145506
1830,107.81275177001953,161.86117553710938,20.242294311523438,50.887237548828125,4.854782673646696e-06
1830,116.68888092041016,163.38772583007812,21.887901306152344,53.828399658203125,0.0015409104526042938
1830,289.19183349609375,159.6034698486328,24.2109375,56.187652587890625,2.058754034806043e-05
1830,302.850341796875,157.4372100830078,33.70855712890625,81.28952026367188,3.9126698538893834e-05
1830,315.1734313964844,159.98558044433594,22.41357421875,53.4326171875,5.769576091552153e-05
1830,327.0865173339844,161.010986328125,23.39862060546875,53.23480224609375,4.951189839630388e-05
1830,334.28826904296875,160.94271850585938,24.00390625,59.742645263671875,1.6275969755952246e-05
1830,352.2574768066406,167.06690979003906,21.64007568359375,51.466156005859375,0.0009101487812586129
1830,476.8408508300781,165.30406188964844,22.90216064453125,54.13897705078125,3.997359272034373e-06
1830,627.1234741210938,161.4059295654297,13.37652587890625,54.565765380859375,4.474053184821969e-06
1830,62.43293762207031,130.17837524414062,128.28729248046875,271.5537109375,1.4880179151077755e-06
1830,125.81307220458984,166.14183044433594,21.835365295410156,51.950958251953125,0.9650496244430542
1830,294.8609313964844,163.00320434570312,27.859619140625,66.60870361328125,1.2360185792203993e-05
1830,320.6156921386719,164.37661743164062,23.85430908203125,57.4688720703125,0.0005213606636971235
1830,343.5592346191406,162.86561584472656,28.7451171875,70.67160034179688,3.5554323403630406e-05
1830,405.2255554199219,168.62110900878906,25.50970458984375,61.8594970703125,2.211681476183003e-06
1830,430.8612365722656,165.06015014648438,27.98846435546875,67.2821044921875,0.9989257454872131
1830,459.75634765625,163.05722045898438,29.4708251953125,70.75265502929688,0.9999955892562866
1830,469.3868408203125,168.96617126464844,24.90191650390625,56.752716064453125,0.00114616216160357
1830,132.1804656982422,167.51126098632812,23.16998291015625,55.814697265625,8.005235031305347e-06
1830,312.1851501464844,154.26962280273438,37.66302490234375,90.81729125976562,0.999972939491272
1830,324.4688415527344,160.090576171875,35.79302978515625,85.7115478515625,0.029129866510629654
1830,358.3181457519531,171.9659423828125,22.53839111328125,56.50347900390625,4.022694611194311e-06
1830,413.28326416015625,170.87107849121094,27.0477294921875,64.8602294921875,0.999998927116394
1830,401.8828125,142.2034912109375,46.55462646484375,106.90936279296875,3.5582061741479265e-07
1830,360.0101318359375,137.14093017578125,125.4459228515625,277.60430908203125,1.3680506526725367e-05
1830,445.011962890625,166.76023864746094,28.0294189453125,67.60797119140625,0.3344099819660187
1830,446.72381591796875,150.77490234375,42.79241943359375,99.65298461914062,4.1678032403069665e-07
1830,618.3233642578125,147.55487060546875,22.1766357421875,101.37759399414062,4.567768428387353e-06
1830,421.5622863769531,170.1135711669922,28.74322509765625,69.19094848632812,0.02606649324297905
1830,441.3297119140625,179.3962860107422,23.02783203125,55.593719482421875,3.177551116095856e-05
1830,458.70428466796875,179.5878143310547,21.31695556640625,52.92059326171875,1.3250569281808566e-06
1830,601.610595703125,360.851806640625,38.889404296875,119.648193359375,6.184302037581801e-06
