30,433.7241516113281,185.19732666015625,32.30841064453125,77.41619873046875,0.999998927116394
30,423.9685974121094,187.2989959716797,30.87542724609375,75.10368347167969,0.9480089545249939
30,416.224853515625,191.3412322998047,28.597900390625,67.57801818847656,0.6693249940872192
30,576.4148559570312,104.73432922363281,64.08514404296875,222.0502166748047,0.006109780631959438
30,589.6793823242188,230.38162231445312,50.82061767578125,226.468017578125,0.0006838447297923267
30,553.0442504882812,62.669525146484375,87.45574951171875,325.45855712890625,0.0004237526445649564
30,448.0349426269531,188.47061157226562,31.10552978515625,75.95938110351562,0.0006738509982824326
30,610.9743041992188,294.8966979980469,29.52569580078125,119.93292236328125,0.0006329782190732658
30,608.1888427734375,142.22213745117188,32.3111572265625,129.69448852539062,0.0003203779924660921
30,583.0882568359375,141.15463256835938,50.463623046875,122.82260131835938,0.03567986190319061
30,413.2721862792969,195.7064971923828,21.70050048828125,52.647186279296875,0.0037315553054213524
30,618.9130249023438,332.1506652832031,21.58697509765625,85.5447998046875,2.955387935799081e-05
30,591.55517578125,28.803009033203125,48.94482421875,232.4654541015625,1.1609921784838662e-05
30,604.8543701171875,75.00465393066406,35.6456298828125,151.2501220703125,9.89102954918053e-06
30,392.94769287109375,199.52296447753906,22.110107421875,51.056640625,3.086165088461712e-05
30,591.9166259765625,174.33538818359375,48.5833740234375,197.493896484375,1.5081855053722393e-05
30,589.3025512695312,157.4209442138672,35.809326171875,86.26412963867188,0.0005416047060862184
30,600.7826538085938,165.20596313476562,26.338623046875,63.4200439453125,0.002509851474314928
30,441.572509765625,185.2938690185547,22.41156005859375,54.3785400390625,0.00011821281077573076
30,72.1722183227539,181.35520935058594,22.637115478515625,52.90850830078125,4.984667157259537e-06
30,606.88525390625,172.0657958984375,27.2706298828125,66.52102661132812,0.000997376162558794
30,434.68359375,187.02821350097656,22.16619873046875,53.669158935546875,0.0002680002071429044
30,593.733154296875,170.02012634277344,23.507080078125,55.384368896484375,0.005304520484060049
30,622.5379028320312,166.18606567382812,17.96209716796875,69.84967041015625,2.4549026420572773e-05
30,569.1504516601562,142.11314392089844,43.6485595703125,107.36468505859375,1.0870259757211898e-05
30,624.3734741210938,351.2201843261719,16.12652587890625,57.14935302734375,2.7942856831941754e-05
30,458.83319091796875,189.68695068359375,27.56573486328125,62.060394287109375,7.959870345075615e-06
30,583.8966674804688,167.088623046875,26.8983154296875,65.59628295898438,0.0012607540702447295
30,615.9544067382812,80.01974487304688,24.54559326171875,109.81259155273438,1.0649729119904805e-05
60,378.82763671875,141.0432586669922,94.5684814453125,229.4918975830078,0.9999936819076538
60,348.00225830078125,190.96884155273438,34.62506103515625,83.52682495117188,0.9998483657836914
60,333.3688659667969,194.2511749267578,33.18157958984375,80.09507751464844,0.6732643246650696
60,387.8241882324219,219.0140380859375,65.79437255859375,157.33404541015625,0.002245161449536681
60,407.04638671875,123.33101654052734,92.6885986328125,226.82183837890625,0.001986671471968293
60,329.4908752441406,202.06356811523438,25.572509765625,60.194244384765625,0.0012704129330813885
60,373.8528137207031,155.51763916015625,66.22479248046875,162.29159545898438,0.34775295853614807
60,359.3636474609375,192.81884765625,34.23095703125,83.810791015625,0.027405718341469765
60,306.1545104980469,209.8549041748047,22.0946044921875,51.87165832519531,0.0004915454192087054
60,353.08599853515625,199.71250915527344,23.51416015625,55.01568603515625,0.01211407408118248
60,358.9835205078125,203.65469360351562,24.6793212890625,56.704742431640625,0.06409493088722229
60,323.85943603515625,203.3289337158203,22.57794189453125,55.33409118652344,0.00010414974531158805
60,368.0609130859375,173.55812072753906,44.47161865234375,106.59812927246094,0.010288393124938011
60,344.5775451660156,203.23204040527344,23.936279296875,56.84883117675781,6.816913082730025e-05
60,396.6748352050781,157.00888061523438,63.35565185546875,159.486328125,0.005210111849009991
60,425.13970947265625,136.9949951171875,65.13525390625,159.643798828125,0.0003535236755851656
60,346.2285461425781,169.03955078125,49.28228759765625,121.90750122070312,3.363429641467519e-05
60,386.0388488769531,215.7450714111328,21.049560546875,52.97526550292969,3.936784196412191e-05
60,373.7076110839844,197.09194946289062,28.271728515625,69.67034912109375,0.0003413352242205292
60,353.8149719238281,168.13221740722656,87.64569091796875,216.17173767089844,5.465542562888004e-05
60,382.7449645996094,192.51739501953125,28.24517822265625,69.4119873046875,0.0006016050465404987
60,378.0951843261719,208.061279296875,36.1015625,83.9522705078125,2.960465644719079e-05
60,378.1669616699219,220.83470153808594,22.4708251953125,55.14247131347656,0.00011130483471788466
90,592.1807250976562,190.16603088378906,37.703369140625,90.42518615722656,0.9999957084655762
90,119.81840515136719,174.08541870117188,69.89605712890625,167.75836181640625,0.9991698265075684
90,164.9909210205078,185.68902587890625,45.42291259765625,110.40841674804688,0.8815352916717529
90,145.3423614501953,177.8387451171875,61.143157958984375,149.99533081054688,0.39396408200263977
90,180.80264282226562,196.67562866210938,37.061553955078125,90.09890747070312,0.0005156142287887633
90,604.0355224609375,196.56402587890625,36.178466796875,87.12908935546875,0.000832865945994854
90,105.97046661376953,183.01885986328125,59.342674255371094,142.852783203125,0.008179944008588791
90,166.19004821777344,199.87489318847656,30.866363525390625,77.79734802246094,0.9145207405090332
90,582.72119140625,190.0003204345703,33.6678466796875,82.17463684082031,0.00021365599241107702
90,149.05772399902344,191.11582946777344,44.3226318359375,103.13429260253906,0.0028618837241083384
90,126.08443450927734,194.57473754882812,46.795997619628906,111.42135620117188,0.0036835188511759043
90,106.84917449951172,153.817626953125,97.03723907470703,245.69757080078125,0.00010238866525469348
90,600.2950439453125,202.59030151367188,24.1119384765625,57.888458251953125,1.7374968592775986e-05
90,583.4701538085938,168.14141845703125,54.75244140625,132.966552734375,3.4276956284884363e-05
90,593.9458618164062,198.4864044189453,22.878173828125,55.81341552734375,5.664353375323117e-05
90,192.1767120361328,204.4989776611328,31.460906982421875,70.94163513183594,3.073293555644341e-06
90,623.7647094726562,197.31436157226562,16.73529052734375,63.059967041015625,2.2025291400495917e-05
90,168.5954132080078,194.64813232421875,23.7637939453125,58.5562744140625,0.22481666505336761
90,115.00410461425781,190.99606323242188,40.982269287109375,97.55108642578125,0.00012066345516359434
90,605.1342163085938,192.11805725097656,26.322998046875,63.247222900390625,1.682202855590731e-05
90,173.5621337890625,220.17813110351562,27.33935546875,61.59173583984375,3.7967085518175736e-05
90,184.67344665527344,213.27130126953125,22.104339599609375,52.4677734375,1.2561701623781119e-05
90,132.77989196777344,162.81019592285156,112.05364990234375,259.80706787109375,3.174116864101961e-05
90,158.042724609375,188.56622314453125,29.79510498046875,80.42587280273438,0.00017259015294257551
90,564.9044799804688,138.29127502441406,75.59552001953125,194.28074645996094,9.322746336692944e-06
90,123.96634674072266,223.4110565185547,52.40032196044922,131.04652404785156,1.3967286577099003e-05
120,247.75021362304688,175.0509033203125,96.80279541015625,237.32391357421875,0.9998915195465088
120,327.0337219238281,192.9470672607422,46.3106689453125,112.45655822753906,0.7567535638809204
120,279.4501647949219,174.626953125,86.85858154296875,212.26904296875,0.9908431768417358
120,307.48504638671875,186.94503784179688,64.28411865234375,160.1951904296875,0.002503874944522977
120,227.6434326171875,155.6029815673828,90.46282958984375,224.4165496826172,0.0007108153076842427
120,333.063232421875,201.8284912109375,32.39654541015625,80.29248046875,0.029426295310258865
120,341.41888427734375,195.6201629638672,37.050048828125,88.30464172363281,0.007876841351389885
120,289.1391906738281,184.35549926757812,60.49420166015625,141.24591064453125,0.00022206016001291573
120,337.2068176269531,198.7424774169922,23.1204833984375,56.523773193359375,0.00015129880921449512
120,290.5326843261719,155.17910766601562,113.53125,274.07672119140625,1.9210010577808134e-05
120,269.34930419921875,175.16775512695312,63.82550048828125,159.542236328125,7.10866879671812e-05
120,245.45887756347656,188.0634765625,55.01042175292969,133.31198120117188,0.00018957274733111262
120,201.4340362548828,124.66348266601562,134.15464782714844,308.20697021484375,4.675541276810691e-06
120,9.43371295928955,97.37056732177734,22.55907440185547,53.08271026611328,0.7260621786117554
120,349.30560302734375,208.0813751220703,25.572509765625,59.70796203613281,0.0029081932734698057
120,327.0511169433594,216.12918090820312,28.95623779296875,78.10842895507812,0.001314406399615109
120,310.1220397949219,205.4231414794922,39.67169189453125,101.15977478027344,0.0016677853418514132
120,256.709228515625,228.90306091308594,26.62353515625,64.85838317871094,8.424478437518701e-06
120,251.5888671875,208.67593383789062,37.44049072265625,93.19744873046875,0.0012427978217601776
120,329.9071350097656,209.6979217529297,23.18206787109375,56.95783996582031,0.0015608222456648946
120,253.7969512939453,209.1250762939453,57.98637390136719,144.0317840576172,9.698464054963551e-06
120,349.1346740722656,210.88404846191406,36.325439453125,87.61531066894531,5.291805064189248e-05
120,318.6937561035156,214.551025390625,26.82659912109375,74.37240600585938,0.00014332095452118665
120,258.2147521972656,217.14730834960938,22.0723876953125,57.0362548828125,0.001560015487484634
120,220.616943359375,178.6097412109375,66.02264404296875,157.93988037109375,4.6150318667059764e-05
120,311.33575439453125,225.05662536621094,25.9913330078125,72.21382141113281,3.2963209378067404e-05
120,266.3897399902344,244.1848602294922,21.3572998046875,58.13020324707031,6.788163591409102e-05
150,511.65185546875,199.51710510253906,21.843505859375,51.623931884765625,0.0039690956473350525
150,516.7182006835938,198.0382537841797,24.6654052734375,58.88978576660156,0.0001953680330188945
150,495.72998046875,200.97682189941406,25.220947265625,61.53193664550781,9.86472878139466e-06
150,617.6115112304688,210.8083953857422,21.2587890625,51.05403137207031,1.6566744989177096e-06
150,627.3659057617188,209.52536010742188,13.13409423828125,51.257843017578125,1.0381138054071926e-05
150,506.0908203125,195.85679626464844,31.9561767578125,74.09931945800781,8.680645987624303e-05
150,29.755517959594727,220.017333984375,31.827062606811523,79.30755615234375,0.001076347311027348
180,513.154052734375,164.69827270507812,22.552734375,54.908447265625,5.891505134059116e-05
180,437.0222473144531,77.26142883300781,140.00650024414062,308.4346923828125,1.6827231092975126e-06
180,517.7465209960938,170.17364501953125,27.2359619140625,64.262939453125,1.5600657206960022e-05
180,506.8434753417969,178.9521484375,20.989410400390625,51.08026123046875,2.2080350390751846e-05
180,64.54779052734375,190.53353881835938,24.585784912109375,58.66845703125,0.05413423106074333
180,28.610149383544922,188.22030639648438,31.892501831054688,77.00473022460938,7.834275493223686e-06
180,38.5722770690918,192.64479064941406,26.465747833251953,62.56396484375,5.6989329095813446e-06
180,47.31813049316406,193.61599731445312,25.9825439453125,62.213958740234375,4.543560862657614e-06
180,56.113807678222656,192.0896453857422,26.191940307617188,62.380157470703125,5.542857979889959e-05
180,78.09947204589844,195.0679473876953,24.067642211914062,57.236602783203125,0.00011495299258967862
180,86.78753662109375,199.4210662841797,23.761734008789062,54.557891845703125,4.731994977191789e-06
180,56.015689849853516,179.04698181152344,36.65932846069336,90.53007507324219,9.486530871072318e-06
210,284.5710754394531,170.19834899902344,22.21600341796875,52.402923583984375,6.641342679358786e-06
210,303.5234680175781,171.49758911132812,21.20831298828125,51.899810791015625,5.868262633157428e-06
210,287.4750671386719,171.1072235107422,27.39190673828125,66.5018310546875,1.5963101759552956e-05
210,521.5707397460938,186.80239868164062,22.170654296875,51.839141845703125,0.00043623766396194696
210,500.0559997558594,189.5026397705078,21.906707763671875,52.420440673828125,4.1005914681591094e-05
210,507.9419860839844,189.8386993408203,21.377838134765625,51.07318115234375,0.002494839020073414
210,534.7247314453125,189.24623107910156,21.6805419921875,51.921417236328125,5.4279895266518e-05
210,544.20703125,192.1186065673828,20.984375,51.011260986328125,1.1800567335740197e-05
210,608.3992309570312,184.237060546875,23.6871337890625,54.32281494140625,9.466107258049306e-06
210,0.0,189.82217407226562,15.877961158752441,56.47015380859375,2.4189268970076228e-06
210,174.810302734375,198.18641662597656,22.81671142578125,53.774932861328125,1.4415612668017275e-06
210,527.571044921875,192.88011169433594,21.447998046875,51.056884765625,0.0006341807311400771
210,627.9815063476562,193.85940551757812,12.51849365234375,51.21368408203125,1.025280016619945e-05
210,168.99496459960938,204.0135040283203,21.6488037109375,52.040771484375,3.19771629619936e-06
210,511.9525146484375,189.72373962402344,25.5087890625,60.992462158203125,3.597175964387134e-05
240,491.7286071777344,177.35723876953125,30.370208740234375,73.48626708984375,1.0442862503623473e-06
240,126.63893127441406,177.40298461914062,22.181243896484375,52.75372314453125,4.563364200294018e-05
240,466.16680908203125,186.16307067871094,23.08685302734375,55.755401611328125,1.3931256717114593e-06
240,480.259521484375,174.9798583984375,33.80413818359375,81.05935668945312,3.0944809168431675e-06
240,495.4613037109375,187.42562866210938,21.55389404296875,50.704864501953125,0.00047413402353413403
240,477.5457763671875,188.76011657714844,25.19732666015625,59.345703125,0.008107841946184635
240,0.0,190.18788146972656,14.874472618103027,55.1678466796875,4.450193955563009e-06
240,459.16619873046875,197.0417022705078,22.738037109375,55.00128173828125,5.180445896257879e-06
240,467.18975830078125,181.5775909423828,34.25799560546875,80.35337829589844,4.8275801418640185e-06
240,488.3821716308594,191.8788604736328,23.27130126953125,54.79278564453125,0.0008623020257800817
240,501.83984375,194.2432403564453,20.97930908203125,50.821868896484375,5.398672874434851e-05
240,627.9146728515625,194.1375274658203,12.5853271484375,51.787750244140625,6.063062301109312e-06
240,432.6346740722656,195.84596252441406,21.81005859375,51.916046142578125,0.0001634500513318926
240,473.3333740234375,198.76710510253906,22.4215087890625,53.30010986328125,0.30579516291618347
240,458.4435729980469,169.42901611328125,50.54046630859375,112.59942626953125,3.475101493677357e-06
240,413.90472412109375,148.32298278808594,130.81195068359375,282.63092041015625,6.326817128865514e-06
240,545.482421875,202.07627868652344,22.496826171875,53.834197998046875,5.6699950619076844e-06
240,552.48388671875,206.46804809570312,23.181640625,54.79901123046875,1.9466202502371743e-05
240,568.251953125,207.72865295410156,20.8782958984375,51.00987243652344,5.6177332226070575e-06
240,561.3283081054688,214.09957885742188,21.0721435546875,50.57220458984375,6.370341907313559e-06
270,502.52032470703125,172.62660217285156,23.1021728515625,54.299957275390625,8.035362952796277e-06
270,200.25946044921875,177.48605346679688,20.67230224609375,50.567108154296875,4.941572115058079e-06
270,415.2709045410156,175.55101013183594,21.21575927734375,51.25048828125,9.778382809599862e-05
270,464.40313720703125,180.67893981933594,22.3973388671875,53.52362060546875,2.0416851839399897e-05
270,481.54595947265625,172.49774169921875,36.5693359375,89.5843505859375,2.6181302018812858e-05
270,495.39947509765625,177.350341796875,35.3787841796875,88.07470703125,2.6041012461064383e-05
270,602.8607788085938,169.78514099121094,34.118408203125,82.7752685546875,3.7104739021742716e-05
270,626.2387084960938,176.27423095703125,14.26129150390625,51.895172119140625,1.60792660608422e-05
270,473.93609619140625,185.9245147705078,21.59259033203125,52.23394775390625,3.427463525440544e-05
270,487.4801330566406,186.87181091308594,25.457305908203125,60.155731201171875,0.004005994647741318
270,603.8887329101562,186.82115173339844,21.551513671875,50.944061279296875,0.004176195245236158
270,613.0757446289062,185.10321044921875,25.7353515625,60.080413818359375,0.0056152259930968285
270,1.762563705444336,189.12799072265625,21.973466873168945,52.179443359375,2.9905490009696223e-05
270,442.297607421875,185.27655029296875,23.73468017578125,56.795928955078125,4.467275175557006e-06
270,449.6274719238281,186.0330810546875,24.3492431640625,57.338958740234375,1.86078450497007e-05
270,457.1602783203125,185.30905151367188,26.90869140625,63.14837646484375,0.00027950044022873044
270,501.3666076660156,187.64344787597656,25.667022705078125,60.0750732421875,0.031121766194701195
270,509.082763671875,184.47222900390625,26.96484375,63.402313232421875,0.002874742727726698
270,523.7095336914062,184.31272888183594,25.8997802734375,59.49969482421875,4.990950856154086e-06
270,586.7445678710938,187.95791625976562,20.57470703125,50.7999267578125,2.3847132979426533e-06
270,0.0,191.9754180908203,14.83991813659668,53.068023681640625,6.324452442640904e-06
270,466.54656982421875,191.2770233154297,27.4942626953125,64.92977905273438,0.0244553554803133
270,478.9882507324219,191.59165954589844,26.71551513671875,64.1151123046875,0.5302124619483948
270,494.1101379394531,192.12509155273438,26.243865966796875,62.80877685546875,0.7206470370292664
270,518.071044921875,192.1246795654297,22.61669921875,53.315948486328125,0.00019291641365271062
270,511.67791748046875,175.93922424316406,36.7310791015625,85.91896057128906,1.9702044937730534e-06
270,596.5484619140625,193.6615753173828,21.197021484375,52.064788818359375,0.0001742184249451384
270,607.8637084960938,193.36866760253906,23.60791015625,56.117828369140625,0.6439858078956604
270,549.2337646484375,137.92543029785156,91.2662353515625,291.15777587890625,3.1019060315884417e-06
270,624.328125,191.05776977539062,16.171875,54.814971923828125,0.00020166147442068905
270,613.6902465820312,154.5523223876953,26.80975341796875,122.44407653808594,4.043055923830252e-06
270,464.9108581542969,168.14157104492188,46.707763671875,105.89581298828125,8.856838462634187e-07
270,433.1558532714844,152.13278198242188,121.94082641601562,273.82183837890625,6.366753041220363e-06
270,602.3485107421875,204.8211669921875,21.630126953125,52.54510498046875,8.800844807410613e-05
270,615.482421875,206.78028869628906,22.5997314453125,53.22737121582031,1.7632715753279626e-05
270,626.7623901367188,213.15982055664062,13.73760986328125,51.491058349609375,1.5257232007570565e-05
300,566.050537109375,151.40484619140625,23.6357421875,57.934783935546875,5.591835815721424e-06
300,560.1500244140625,162.59402465820312,25.46240234375,61.683502197265625,5.114076702739112e-05
300,0.0,170.5618133544922,16.261722564697266,60.44427490234375,5.764427442045417e-06
300,546.8223876953125,160.48931884765625,50.2108154296875,118.75067138671875,8.667724387123599e-07
300,48.325923919677734,187.75457763671875,21.077564239501953,51.20355224609375,7.659825769223971e-07
300,533.1353149414062,180.93890380859375,28.397705078125,69.26214599609375,0.0001666324387770146
300,515.1333618164062,170.668701171875,83.1292724609375,194.782958984375,5.7114580158668105e-06
300,552.9365234375,174.78111267089844,35.6434326171875,82.84095764160156,0.0010668787872418761
300,563.9439086914062,172.61863708496094,28.8626708984375,65.39950561523438,5.034914465795737e-06
300,0.17705249786376953,191.0185546875,21.918895721435547,52.3807373046875,0.00209049042314291
300,442.3467712402344,186.5346221923828,21.08221435546875,50.8016357421875,9.617540854378603e-06
300,498.7050476074219,187.0552520751953,20.902923583984375,51.406341552734375,4.238588644511765e-06
300,0.0,118.98060607910156,57.956825256347656,315.04364013671875,1.5452231309609488e-05
300,506.6642761230469,188.38037109375,22.408599853515625,56.07415771484375,4.385627107694745e-06
300,515.1337280273438,188.43971252441406,20.91748046875,51.381256103515625,1.6506533938809298e-05
300,522.8074340820312,188.16456604003906,21.166015625,52.0806884765625,4.166657163295895e-05
300,517.8642578125,180.08950805664062,33.450927734375,79.50125122070312,0.2547927796840668
300,530.364013671875,187.59295654296875,21.9886474609375,52.235595703125,3.8373680581571534e-05
300,544.6124267578125,186.94332885742188,23.1014404296875,53.903106689453125,5.7355618992005475e-06
300,540.0219116210938,180.70425415039062,37.497802734375,89.40640258789062,0.1399228721857071
300,557.7012329101562,187.57875061035156,24.344482421875,57.651947021484375,1.629162215976976e-05
300,0.0,151.48818969726562,30.12830924987793,125.28494262695312,5.233913270785706e-06
300,5.684086799621582,197.03334045410156,21.69620132446289,52.644317626953125,2.6801824787980877e-05
300,509.9051513671875,181.78280639648438,30.0238037109375,74.4210205078125,0.0003507932124193758
300,526.0004272460938,175.89071655273438,41.3743896484375,99.5894775390625,0.9999901056289673
300,0.0,201.88319396972656,16.332202911376953,54.91889953613281,5.368623897084035e-05
300,510.3707275390625,174.13082885742188,47.6546630859375,113.734619140625,0.0002673007838893682
300,502.56927490234375,134.80470275878906,79.673828125,190.6538543701172,5.665936623699963e-05
300,523.1371459960938,224.08181762695312,21.3355712890625,54.219757080078125,1.4296488188847434e-06
300,529.43359375,221.49127197265625,22.5169677734375,54.674560546875,1.45786671055248e-05
300,533.9771118164062,208.19432067871094,29.568115234375,68.62800598144531,0.001551810884848237
330,619.3063354492188,50.61988830566406,21.19366455078125,88.23794555664062,3.504518872432527e-06
330,603.6981811523438,10.155906677246094,36.80181884765625,150.80923461914062,3.364077929290943e-05
330,589.9572143554688,0.0,50.54278564453125,221.72979736328125,6.016422776156105e-05
330,603.56005859375,151.70159912109375,20.971923828125,50.625701904296875,1.0477954674570356e-05
330,593.09423828125,71.71162414550781,47.40576171875,233.1219940185547,2.781754119496327e-06
330,607.2000732421875,151.81509399414062,26.487060546875,61.8441162109375,0.00019958974735345691
330,616.4296264648438,128.36688232421875,24.07037353515625,102.13912963867188,4.7117264330154285e-06
330,423.4019775390625,167.1894989013672,21.28729248046875,51.1236572265625,0.00015976607392076403
330,624.519287109375,159.27333068847656,15.980712890625,63.108184814453125,2.047144153038971e-05
330,601.645263671875,148.96994018554688,38.854736328125,98.27566528320312,1.0737543561845087e-05
330,481.3053894042969,186.13746643066406,21.5672607421875,51.161712646484375,2.1773262233182322e-06
330,627.572509765625,232.93638610839844,12.927490234375,52.93721008300781,1.3171048522053752e-05
330,627.7305908203125,250.44183349609375,12.7694091796875,52.4249267578125,4.365672339190496e-06
330,612.0292358398438,255.04869079589844,28.47076416015625,73.70191955566406,3.049080532946391e-06
330,625.6167602539062,262.3575134277344,14.88323974609375,59.289794921875,3.9849974200478755e-06
360,628.0000610351562,134.81141662597656,12.49993896484375,50.998687744140625,3.618742266553454e-05
360,610.6925048828125,121.91051483154297,29.8074951171875,131.232666015625,4.979868208465632e-06
360,611.1556396484375,407.3573303222656,29.3443603515625,73.14266967773438,6.271884558373131e-06
360,600.4317016601562,364.7105712890625,40.06829833984375,115.7894287109375,7.435754014295526e-06
390,535.66357421875,174.8983154296875,21.3426513671875,50.93890380859375,4.85600048705237e-06
390,0.0,185.74172973632812,16.687307357788086,51.08197021484375,9.840164420893416e-05
390,0.0,139.46389770507812,30.146711349487305,124.42276000976562,9.205437891068868e-06
390,0.0,112.41331481933594,60.93796920776367,305.79022216796875,1.2743099432555027e-05
390,0.0,180.83975219726562,26.239402770996094,65.48519897460938,1.9542838344932534e-05
420,596.5625,0.0,43.9375,121.85769653320312,1.7741834881235263e-06
420,582.8115234375,166.8045654296875,28.3956298828125,65.39642333984375,6.5870526668732055e-06
420,592.458984375,177.7893829345703,21.7889404296875,51.199371337890625,0.000497144996188581
420,598.8947143554688,173.4600067138672,22.0111083984375,53.131927490234375,6.39829522697255e-05
420,607.9403076171875,171.618896484375,22.838623046875,53.800537109375,6.798045887990156e-06
420,627.6915283203125,172.01353454589844,12.8084716796875,51.4619140625,2.1272617232170887e-06
420,0.0,191.6053466796875,15.739261627197266,56.482879638671875,4.1021330616786145e-06
450,628.1117553710938,156.19635009765625,12.38824462890625,50.510467529296875,4.9564432629267685e-06
450,0.0,166.7798614501953,15.155984878540039,53.523773193359375,3.375933738425374e-05
450,512.5486450195312,160.62644958496094,21.8232421875,51.701751708984375,3.227215756851365e-06
450,0.5294885635375977,176.49803161621094,21.475845336914062,51.3851318359375,0.00010097219637827948
450,0.0,184.90736389160156,15.865336418151855,58.10443115234375,1.1331997484376188e-05
450,609.57080078125,400.7080383300781,30.92919921875,79.79196166992188,3.4180422971985536e-06
450,600.1546020507812,357.3011474609375,40.34539794921875,123.1988525390625,5.866080300620524e-06
480,510.5939636230469,152.40496826171875,21.431671142578125,51.35791015625,8.179627002391499e-06
480,517.739013671875,151.78506469726562,21.583740234375,51.179412841796875,0.003622783347964287
480,535.7500610351562,151.9195098876953,21.6026611328125,50.873046875,3.56380655830435e-06
510,618.3975830078125,0.0,22.1024169921875,51.091495513916016,1.3520240145226126e-06
510,595.239990234375,0.0,45.260009765625,124.04772186279297,4.2205624595226254e-06
510,0.0,61.89120864868164,23.50615692138672,56.99685287475586,3.7706033708673203e-06
510,6.21295166015625,65.84561920166016,26.58615493774414,62.13810729980469,3.378710971446708e-06
510,0.0,72.39155578613281,14.514188766479492,51.04112243652344,1.1504019994390546e-06
510,163.56954956054688,142.3727264404297,21.087646484375,50.696136474609375,0.0010142389219254255
510,589.512939453125,144.70703125,23.9432373046875,57.36614990234375,0.00045369353028945625
510,0.0,147.3330841064453,14.891562461853027,51.01434326171875,1.3357347597775515e-05
510,7.141036033630371,144.2782440185547,23.33636474609375,54.42254638671875,1.2775558388966601e-06
510,166.7810516357422,140.9022979736328,27.082489013671875,64.44210815429688,2.0320352632552385e-05
510,91.62879943847656,52.57904052734375,151.7498779296875,303.1869812011719,2.30577779802843e-06
510,516.4781494140625,99.53541564941406,124.0218505859375,278.07708740234375,1.0701131031964906e-05
510,571.0383911132812,123.36054992675781,45.348876953125,105.72763061523438,1.7459612990933238e-06
510,600.460205078125,145.33404541015625,25.172607421875,60.187957763671875,3.6507910408545285e-05
510,593.1763916015625,128.7738494873047,35.8812255859375,88.46322631835938,2.15170121009578e-06
510,610.153076171875,146.91603088378906,21.5234375,50.930938720703125,0.0006688032881356776
510,625.6322021484375,144.91360473632812,14.8677978515625,53.726654052734375,9.515307283436414e-06
510,520.8922119140625,148.90206909179688,21.1927490234375,50.792510986328125,0.3949013352394104
510,515.5535278320312,137.73158264160156,33.4547119140625,76.53350830078125,1.4077567129788804e-06
510,572.8651733398438,150.92874145507812,21.563720703125,52.708099365234375,9.852012590272352e-05
510,580.8111572265625,147.77996826171875,27.2030029296875,65.01922607421875,0.407894492149353
510,611.4310302734375,141.69090270996094,29.0689697265625,69.77880859375,1.9293951481813565e-05
510,587.4447631835938,157.6146240234375,28.415771484375,65.4923095703125,3.6891215131618083e-06
540,0.0,79.3505859375,14.864655494689941,50.625701904296875,4.8030447942437604e-05
540,0.2606201171875,84.81661987304688,25.48533821105957,60.2218017578125,2.1844351067557e-05
540,8.616236686706543,83.49234008789062,22.115680694580078,52.60173034667969,2.823711656674277e-05
540,2.51922607421875,90.34383392333984,34.24928665161133,83.39868927001953,9.126722034125123e-06
540,0.0,78.17151641845703,45.70707702636719,133.20315551757812,5.766082722402643e-06
540,34.64009475708008,134.18582153320312,46.94831466674805,116.39077758789062,1.0421967090223916e-05
540,49.96940231323242,153.1192169189453,21.942790985107422,54.234039306640625,0.002923979191109538
540,57.143611907958984,152.5295867919922,21.66806411743164,51.752471923828125,7.818987796781585e-05
540,136.49911499023438,157.54434204101562,20.86846923828125,51.765960693359375,4.245462150720414e-06
540,106.33554077148438,158.3043212890625,21.0496826171875,50.918853759765625,1.0166923857468646e-05
540,120.43321228027344,163.962646484375,21.5184326171875,51.185028076171875,0.03920863941311836
540,32.71436309814453,156.4767303466797,32.4825439453125,76.22067260742188,5.097283428767696e-05
540,42.821380615234375,153.06739807128906,33.199195861816406,80.30538940429688,0.9996223449707031
540,55.977867126464844,156.57916259765625,29.612808227539062,70.19561767578125,0.001215085736475885
540,99.15589141845703,158.7285919189453,21.191513061523438,50.6839599609375,1.8774795535136946e-05
540,113.45672607421875,145.2859344482422,37.138336181640625,83.27740478515625,1.2719877986455685e-06
540,49.546478271484375,76.57608032226562,137.39859008789062,301.0617370605469,3.995743099949323e-06
540,127.97142028808594,163.273193359375,21.155242919921875,50.774932861328125,0.14152967929840088
540,496.7191162109375,158.0923614501953,26.54644775390625,66.05270385742188,7.000953246460995e-06
540,417.46466064453125,83.91209411621094,148.72869873046875,305.30023193359375,2.4759922325756634e-06
540,563.0116577148438,147.03775024414062,36.0374755859375,79.87741088867188,1.0026374184235465e-06
540,615.092529296875,165.10513305664062,22.177001953125,53.1339111328125,0.0005609604413621128
540,544.5941162109375,165.15635681152344,22.0648193359375,52.515594482421875,0.00020280122407712042
540,569.6525268554688,160.98526000976562,22.0277099609375,51.582550048828125,0.008403866551816463
540,603.9330444335938,169.61007690429688,22.05712890625,52.799530029296875,0.00014292352716438472
540,608.6637573242188,171.18881225585938,25.290771484375,59.14593505859375,0.0024468875490128994
540,613.6530151367188,129.26840209960938,26.84698486328125,130.23992919921875,5.187940587347839e-06
540,593.3786010742188,100.91329956054688,47.12139892578125,230.55465698242188,7.603756785101723e-06
540,563.323486328125,164.4005126953125,23.8687744140625,57.978179931640625,1.5616687960573472e-05
540,574.9408569335938,165.22650146484375,22.7012939453125,55.5948486328125,0.00013236570521257818
540,603.529541015625,158.70782470703125,35.3272705078125,84.38250732421875,9.975756256608292e-06
540,626.3428955078125,177.33575439453125,14.1571044921875,53.4736328125,7.246307359309867e-05
540,42.11951446533203,170.96139526367188,23.81524658203125,55.013214111328125,6.6061020334018394e-06
540,50.12349319458008,177.8831024169922,21.834789276123047,52.9365234375,0.00044023277587257326
540,614.66015625,184.7550048828125,25.83984375,60.274169921875,4.201013871352188e-05
540,609.55419921875,192.3834228515625,21.956298828125,51.786346435546875,2.769281763903564e-06
540,626.835693359375,197.90719604492188,13.664306640625,52.84710693359375,4.746873855765443e-06
570,416.3897705078125,155.56344604492188,21.92108154296875,52.9150390625,7.261226983246161e-06
570,488.633056640625,173.74191284179688,21.20123291015625,50.80291748046875,3.7163542856433196e-06
570,570.3204956054688,177.57679748535156,22.79052734375,54.519195556640625,0.06052747368812561
570,563.2708740234375,166.33639526367188,34.577392578125,78.92343139648438,9.275593038182706e-05
570,507.6373291015625,138.34580993652344,131.013671875,276.54534912109375,2.5218137125193607e-06
570,580.920166015625,174.9712677001953,23.7232666015625,56.377716064453125,1.846156010287814e-05
570,563.6439819335938,180.08885192871094,22.5745849609375,56.317657470703125,5.109599442221224e-06
570,610.2139892578125,405.07275390625,30.2860107421875,75.42724609375,6.653501714026788e-06
570,600.0759887695312,361.76019287109375,40.42401123046875,118.73980712890625,9.198294719681144e-06
600,513.8607177734375,12.684732437133789,21.9127197265625,52.43083953857422,2.319928717042785e-05
600,416.31298828125,168.0030517578125,21.3529052734375,50.54217529296875,0.0007547763525508344
600,0.0,167.9759979248047,16.4552001953125,58.062896728515625,0.00015145496581681073
600,339.5556640625,94.93965148925781,147.5679931640625,286.03668212890625,1.582229288032977e-06
600,495.24102783203125,172.84765625,21.696533203125,51.556610107421875,0.012362183071672916
600,0.0,117.82882690429688,63.67216110229492,289.21905517578125,7.3698720370884985e-06
600,0.0,164.49014282226562,29.239974975585938,80.45538330078125,5.014060661778785e-06
600,8.101147651672363,180.39500427246094,20.745155334472656,50.699462890625,0.024517955258488655
600,22.898351669311523,177.29232788085938,21.39506721496582,51.5302734375,7.0188016252359375e-06
600,569.2034912109375,177.08920288085938,21.3001708984375,50.78948974609375,0.012286970391869545
600,585.2809448242188,178.9007568359375,22.9140625,54.44964599609375,0.0020357868634164333
600,588.2998046875,174.6122589111328,29.87548828125,70.85177612304688,2.1452147848322056e-05
600,601.484130859375,181.56362915039062,20.705322265625,50.61297607421875,3.90912318835035e-05
600,15.434507369995117,180.0089111328125,21.411340713500977,50.888275146484375,0.0013521306682378054
600,501.7604064941406,175.71302795410156,23.393218994140625,55.540191650390625,3.156154889438767e-06
600,575.8057250976562,181.25747680664062,21.8671875,53.392913818359375,0.0010403160704299808
600,592.8717041015625,182.83349609375,20.946533203125,50.990570068359375,0.0005982013535685837
600,605.8709106445312,179.83642578125,30.4132080078125,72.26663208007812,1.0527514859859366e-05
600,616.24560546875,187.89369201660156,24.1416015625,55.72857666015625,2.5891544282785617e-05
600,0.0,183.1202850341797,22.100563049316406,51.990936279296875,0.18335410952568054
600,490.4178771972656,184.24075317382812,20.899169921875,50.68328857421875,9.20403272175463e-06
600,609.6068115234375,191.58551025390625,20.433349609375,50.596405029296875,7.575760537292808e-05
600,626.4396362304688,193.18408203125,14.06036376953125,55.781829833984375,0.00013025072985328734
600,0.0,192.8520050048828,15.045435905456543,53.831390380859375,2.3587728719576262e-05
600,627.8949584960938,213.52700805664062,12.60504150390625,52.1298828125,9.439783752895892e-06
600,610.5652465820312,406.287353515625,29.93475341796875,74.212646484375,4.832572813029401e-06
600,599.5775756835938,359.6275634765625,40.92242431640625,120.8724365234375,4.5680517359869555e-06
630,424.65447998046875,166.77578735351562,23.0081787109375,55.770599365234375,4.552526206680341e-06
630,440.8197937011719,165.92654418945312,22.6531982421875,54.349395751953125,1.853461071732454e-06
630,433.21759033203125,170.42987060546875,21.57489013671875,50.837371826171875,1.9509057892719284e-05
630,515.3790893554688,168.63751220703125,21.4525146484375,51.1099853515625,1.6834464986459352e-05
630,39.50315856933594,180.45083618164062,21.282684326171875,51.273956298828125,4.769353836309165e-06
630,525.8313598632812,168.7808074951172,25.8360595703125,61.69500732421875,0.03794899955391884
630,539.40283203125,169.82632446289062,25.332763671875,59.954833984375,1.1275380529696122e-05
630,446.9128723144531,172.96083068847656,21.69744873046875,50.918701171875,5.713713562727207e-06
630,496.511474609375,181.69276428222656,21.92864990234375,51.41595458984375,0.00014819357602391392
630,607.0960693359375,185.18267822265625,21.9857177734375,52.334716796875,0.001550265122205019
630,0.0,185.65460205078125,14.151301383972168,54.289093017578125,0.00011800209904322401
630,8.026481628417969,185.82777404785156,22.16241455078125,51.2265625,4.435702976479661e-06
630,15.884564399719238,188.28619384765625,22.45970916748047,53.183746337890625,3.04287277685944e-06
630,33.159507751464844,185.7452392578125,21.54815673828125,51.3179931640625,0.001396743580698967
630,48.66114807128906,181.60189819335938,22.667984008789062,52.788543701171875,1.2575644632306648e-06
630,56.513423919677734,183.1438751220703,22.381969451904297,52.9290771484375,4.071227522217669e-06
630,0.0,168.46688842773438,21.641145706176758,91.03720092773438,6.36892127658939e-06
630,24.22149658203125,178.48348999023438,28.292579650878906,65.70880126953125,3.4196757496829377e-06
630,522.0159912109375,181.16452026367188,22.6973876953125,55.205108642578125,1.6733371012378484e-05
630,533.0570678710938,177.8812713623047,25.7440185546875,60.65399169921875,0.00047641617129556835
630,594.707275390625,193.646728515625,24.196533203125,57.53472900390625,2.843009860953316e-05
630,600.7030029296875,190.8072967529297,27.863525390625,66.88703918457031,0.0043113743886351585
630,612.9453125,187.99249267578125,26.98486328125,64.24322509765625,9.708383913675789e-06
630,627.0076293945312,191.93714904785156,13.49237060546875,51.739044189453125,6.711713649565354e-05
630,612.7543334960938,146.85037231445312,27.74566650390625,133.90386962890625,1.982444246095838e-06
630,589.1738891601562,120.72061920166016,51.32611083984375,234.3583984375,9.071282875083853e-06
630,590.5689697265625,175.4315643310547,47.0386962890625,110.52223205566406,2.680713578229188e-06
630,625.48291015625,203.931640625,15.01708984375,61.33856201171875,1.2776113180734683e-05
630,601.67041015625,211.92340087890625,22.350341796875,54.52545166015625,7.780979103699792e-06
630,601.9849853515625,202.8834228515625,32.75,79.13739013671875,1.2283322575967759e-05
630,601.20361328125,363.1676025390625,39.29638671875,117.3323974609375,3.17218996315205e-06
660,0.0,151.59042358398438,15.2479248046875,54.149200439453125,1.6678708561812527e-05
660,580.9461669921875,161.68832397460938,26.361083984375,61.2816162109375,2.415387461951468e-05
660,0.0,79.55221557617188,59.675804138183594,311.4917297363281,2.1215971628407715e-06
660,489.1668395996094,163.71426391601562,22.124755859375,52.7579345703125,0.9105929136276245
660,0.1593952178955078,167.29335021972656,22.14695167541504,53.80712890625,5.874825728824362e-05
660,7.579485893249512,165.6451873779297,22.391189575195312,53.2513427734375,6.950554052309599e-06
660,475.2442321777344,168.1129913330078,21.12628173828125,50.9212646484375,3.1485695217270404e-05
660,577.3074340820312,173.31961059570312,21.9122314453125,52.58074951171875,0.006001997273415327
660,0.0,133.5507049560547,29.0946102142334,125.77546691894531,1.6654076944178087e-06
660,76.6866683959961,182.9988555908203,21.251434326171875,53.37933349609375,1.924888238136191e-06
660,84.3321304321289,185.11314392089844,21.282669067382812,50.54815673828125,0.32194972038269043
660,447.6629943847656,172.5228729248047,22.37567138671875,52.7491455078125,1.9887913367711008e-05
660,482.9519958496094,169.43264770507812,21.5455322265625,51.21478271484375,8.748147229198366e-05
660,496.078369140625,168.94915771484375,22.1690673828125,51.455291748046875,0.00011442258255556226
660,501.21142578125,167.08460998535156,25.5228271484375,60.473724365234375,1.2412799151206855e-05
660,551.4434204101562,161.951171875,37.267822265625,85.51324462890625,3.4189158668596065e-06
660,545.060791015625,136.73764038085938,52.818359375,123.1956787109375,4.238032715875306e-07
660,490.7035217285156,101.30210876464844,135.77377319335938,301.2474365234375,3.918141374015249e-06
660,569.7920532226562,175.74151611328125,21.4779052734375,51.5797119140625,0.00036397884832695127
660,570.5120239257812,158.21957397460938,35.1851806640625,82.76113891601562,4.639196049538441e-06
660,588.5194702148438,169.3663330078125,26.1971435546875,62.02972412109375,1.2933334801346064e-05
660,0.0,180.01657104492188,16.135690689086914,59.42462158203125,3.004195423272904e-05
660,15.372215270996094,142.06149291992188,139.6661376953125,282.0751953125,2.83664576272713e-06
660,478.27874755859375,158.4699249267578,34.0697021484375,82.93157958984375,1.5092266494320938e-06
660,490.1213684082031,160.6285400390625,31.081878662109375,74.95452880859375,0.00014656063285656273
660,548.5761108398438,183.99505615234375,20.966064453125,52.37506103515625,5.06784499521018e-06
660,558.5308837890625,182.0883026123047,22.83251953125,53.344879150390625,0.008386780507862568
660,582.3705444335938,181.63491821289062,23.169921875,55.6519775390625,3.2780903893581126e-06
660,599.8040771484375,365.0516662597656,40.6959228515625,115.44833374023438,4.053317752550356e-06
690,459.9246520996094,166.86959838867188,23.11553955078125,54.222503662109375,3.738297164090909e-05
690,466.5531005859375,167.6516876220703,24.18011474609375,57.483428955078125,0.036505233496427536
690,475.3571472167969,168.1465301513672,25.0821533203125,58.9415283203125,4.898990664514713e-05
690,25.063934326171875,189.03404235839844,21.596717834472656,51.030364990234375,0.0045280130580067635
690,0.0,176.7852783203125,19.479930877685547,72.39285278320312,4.368304416857427e-06
690,10.577082633972168,188.42803955078125,21.603687286376953,54.24859619140625,1.039670451064012e-06
690,615.8975219726562,186.86660766601562,21.1158447265625,50.54559326171875,3.844344973913394e-06
690,0.0,192.01300048828125,13.475890159606934,50.808135986328125,1.2456841432140209e-05
690,609.0994873046875,191.50706481933594,22.3543701171875,52.4677734375,1.1913973139598966e-05
690,627.6790161132812,193.55967712402344,12.82098388671875,51.012725830078125,1.1237080798309762e-05
690,18.839088439941406,197.90325927734375,20.876758575439453,50.868072509765625,6.113413292041514e-06
690,599.4574584960938,365.7791748046875,41.04254150390625,114.7208251953125,2.53443045039603e-06
720,510.75640869140625,170.8993377685547,26.2896728515625,61.642486572265625,8.702614650246687e-06
720,520.1909790039062,179.37899780273438,21.072509765625,50.892425537109375,2.9636216822837014e-06
750,582.9730834960938,152.5711669921875,24.010498046875,56.276397705078125,2.9476590498234145e-05
750,568.04736328125,158.43023681640625,28.2532958984375,66.61227416992188,1.2779554481312516e-06
750,593.2964477539062,71.93616485595703,47.20355224609375,238.124755859375,7.108393674570834e-06
750,593.7914428710938,155.7455596923828,33.9013671875,81.89544677734375,5.223222615313716e-06
750,578.2252197265625,171.41189575195312,22.98291015625,52.308013916015625,0.0002367433626204729
750,586.41162109375,164.24319458007812,29.1104736328125,67.36737060546875,0.00018251551955472678
750,626.3114013671875,174.82598876953125,14.1885986328125,61.32330322265625,6.389879217749694e-06
750,618.2350463867188,148.70541381835938,22.26495361328125,99.52810668945312,2.0794170723092975e-06
750,2.777228355407715,190.47299194335938,20.569019317626953,51.202056884765625,4.717139745480381e-06
750,575.5145874023438,162.57188415527344,31.2572021484375,76.85443115234375,0.03684265539050102
750,0.0,193.097412109375,14.588705062866211,54.57147216796875,2.4569353627157398e-05
750,585.4595336914062,185.27981567382812,22.150390625,51.0400390625,2.5886181447276613e-06
750,9.662736892700195,195.88909912109375,21.07054901123047,51.017333984375,1.0783014658954926e-05
750,599.4229125976562,364.3368835449219,41.07708740234375,116.16311645507812,3.875533820973942e-06
780,626.2489624023438,157.36614990234375,14.25103759765625,57.031280517578125,2.311006255695247e-06
780,612.1936645507812,118.84066772460938,28.30633544921875,125.99639892578125,1.2760612662532367e-05
780,72.25434875488281,178.90594482421875,22.95654296875,55.95135498046875,2.1677211407222785e-05
780,81.17520904541016,178.47259521484375,21.153396606445312,50.539337158203125,5.4472322517540306e-05
780,136.86532592773438,178.91502380371094,22.40155029296875,52.771514892578125,3.036191083083395e-05
780,145.49270629882812,179.7409210205078,22.352691650390625,53.3785400390625,3.143867797916755e-05
780,152.95169067382812,178.2426300048828,21.604461669921875,53.1719970703125,4.458091098058503e-06
780,160.1990966796875,178.35824584960938,21.208953857421875,51.516204833984375,5.255089490674436e-05
780,623.9883422851562,172.95260620117188,16.51165771484375,65.93594360351562,0.0007183856796473265
780,0.0,186.024658203125,14.053184509277344,54.4832763671875,0.0005779724451713264
780,15.294051170349121,184.7169189453125,22.346214294433594,52.595489501953125,4.555425402941182e-05
780,617.568603515625,160.29544067382812,22.931396484375,98.67648315429688,0.0004061949730385095
780,595.605712890625,113.7767333984375,44.894287109375,225.02413940429688,1.774582597136032e-05
780,8.085859298706055,188.51870727539062,22.97713851928711,54.835418701171875,7.903729056124575e-06
780,24.85147476196289,187.61863708496094,21.350494384765625,51.22601318359375,2.5704973722895375e-06
780,0.0,193.4432373046875,24.423446655273438,59.195892333984375,5.33618504050537e-06
780,10.513273239135742,186.897216796875,30.885393142700195,74.22998046875,1.7668251075519947e-06
780,0.0,204.22901916503906,13.96688461303711,53.97731018066406,3.364768417668529e-06
780,0.0,161.14791870117188,27.844533920288086,128.98013305664062,7.915389232948655e-07
780,626.0422973632812,198.79689025878906,14.45770263671875,64.93727111816406,8.261599759862293e-06
780,607.4514770507812,149.4671630859375,33.04852294921875,137.888671875,7.5016951086581685e-06
810,24.89997100830078,174.3454132080078,21.362411499023438,50.84735107421875,7.853710485505871e-06
810,472.294921875,170.83856201171875,20.55419921875,50.5509033203125,3.363331188666052e-06
810,0.0,176.74781799316406,14.619081497192383,54.338104248046875,1.1158929737575818e-05
810,610.3624267578125,405.58905029296875,30.1375732421875,74.91094970703125,3.4200311347376555e-06
810,600.6341552734375,361.2854919433594,39.8658447265625,119.21450805664062,1.1086091944889631e-05
810,581.549072265625,319.45892333984375,58.950927734375,161.04107666015625,3.0857488582114456e-06
840,431.0761413574219,153.6039581298828,20.43719482421875,50.730560302734375,1.648344004934188e-05
840,482.6844177246094,165.28054809570312,21.43548583984375,52.348388671875,8.944831643020734e-05
840,485.4911193847656,164.05677795410156,28.217132568359375,66.66314697265625,3.978158474637894e-06
840,494.29132080078125,169.89816284179688,21.2935791015625,51.11871337890625,2.054063224932179e-05
840,0.0,174.62669372558594,14.515973091125488,54.4569091796875,3.294573980383575e-05
840,9.154680252075195,178.6457977294922,21.566123962402344,51.651580810546875,7.197978106887604e-07
840,602.10546875,359.691162109375,38.39453125,120.808837890625,2.4915641461120686e-06
870,433.0909729003906,153.15126037597656,21.15753173828125,51.1319580078125,0.0004754244873765856
870,497.1064453125,167.8325653076172,21.91961669921875,51.58221435546875,0.004554509185254574
870,626.7500610351562,165.26004028320312,13.74993896484375,51.719879150390625,2.6672821604734054e-06
870,518.4588012695312,167.4730224609375,22.2486572265625,52.3214111328125,0.0120506277307868
870,513.4243774414062,155.0347900390625,36.42529296875,81.97158813476562,8.303433105538716e-07
870,525.633056640625,165.5814971923828,22.62744140625,54.287109375,1.2911077647004277e-05
870,542.4844360351562,166.6180877685547,23.3763427734375,54.66943359375,2.21356776819448e-06
870,617.3050537109375,173.2135772705078,23.1949462890625,56.06964111328125,1.0195439017479657e-06
870,504.1043701171875,172.29953002929688,21.359375,51.878753662109375,0.0001373288396280259
870,627.1951904296875,182.7277374267578,13.3048095703125,56.938812255859375,5.383886309573427e-05
870,599.4570922851562,362.9532470703125,41.04290771484375,117.5467529296875,4.446308594197035e-06
900,432.7438049316406,155.2434539794922,22.04461669921875,52.883514404296875,0.07250642031431198
900,504.8405456542969,173.77804565429688,21.559600830078125,51.465179443359375,0.012683184817433357
900,537.205078125,171.0987548828125,21.6920166015625,51.519134521484375,0.010326788760721684
900,439.8174743652344,159.08802795410156,21.338623046875,51.3712158203125,2.585857146186754e-06
900,627.2633666992188,169.66122436523438,13.23663330078125,51.9642333984375,3.933075277018361e-06
900,511.58013916015625,175.88768005371094,21.10986328125,51.506591796875,9.603470971342176e-05
900,528.9371948242188,176.15884399414062,21.953857421875,52.032379150390625,0.39315757155418396
900,544.18359375,174.85064697265625,21.90771484375,51.38153076171875,0.0466366782784462
900,550.2168579101562,177.6570587158203,22.46728515625,54.09271240234375,9.93440244201338e-06
900,611.0975952148438,406.16943359375,29.40240478515625,74.33056640625,3.310012971269316e-06
900,599.182373046875,360.53729248046875,41.317626953125,119.96270751953125,4.009133135696175e-06
930,432.8568115234375,162.0191192626953,21.44000244140625,50.71002197265625,0.13148216903209686
930,505.9190673828125,175.61964416503906,22.291748046875,52.9287109375,1.3602075341623276e-05
930,593.980712890625,174.40530395507812,23.6160888671875,55.993988037109375,1.6897918612812646e-05
930,626.9183349609375,170.8308563232422,13.5816650390625,52.551788330078125,1.3803919500787742e-05
930,0.0,178.29971313476562,15.560426712036133,54.41998291015625,3.4783843148034066e-06
930,439.66107177734375,165.52427673339844,21.72845458984375,52.300750732421875,9.784340363694355e-06
930,523.4988403320312,179.94366455078125,21.9481201171875,52.21356201171875,0.0001525661355117336
930,530.8270263671875,166.58848571777344,33.780029296875,77.52963256835938,8.640781015856192e-05
930,473.42791748046875,122.616455078125,135.298583984375,290.1444091796875,3.3748465284588747e-06
930,549.6248779296875,179.0146942138672,23.1673583984375,54.523651123046875,0.0010051707504317164
930,558.17529296875,176.69618225097656,23.660400390625,55.4217529296875,8.14291342976503e-06
930,566.82421875,177.10494995117188,23.915283203125,54.90313720703125,5.088834768685047e-06
930,603.641357421875,170.40786743164062,30.7569580078125,72.40420532226562,2.0806096472369973e-06
930,593.121337890625,94.54206085205078,47.378662109375,235.92959594726562,8.00118959887186e-06
930,510.7060852050781,176.1814422607422,26.337005615234375,62.266265869140625,1.1730783171515213e-06
930,535.4627685546875,177.3389434814453,23.3817138671875,55.798553466796875,0.7771440744400024
930,600.9021606445312,183.98097229003906,21.0086669921875,50.6009521484375,6.792048225179315e-05
930,608.060546875,184.08468627929688,20.975341796875,51.64190673828125,1.0841778021131177e-05
930,618.8638305664062,158.5360565185547,21.63616943359375,97.7471923828125,1.9863919078488834e-06
930,541.5261840820312,179.4384307861328,25.2210693359375,59.63482666015625,0.06147720292210579
930,617.0110473632812,192.0631103515625,21.3228759765625,52.517425537109375,7.816178367647808e-06
930,627.301025390625,193.00047302246094,13.198974609375,52.060028076171875,1.050299579219427e-05
930,529.5675048828125,184.96755981445312,23.3424072265625,56.62017822265625,4.249958692525979e-06
930,601.9500732421875,358.722900390625,38.5499267578125,121.777099609375,5.776182206318481e-06
960,0.0,93.22274017333984,16.30927276611328,54.235023498535156,7.821538929420058e-06
960,440.4059753417969,169.12918090820312,21.52801513671875,51.27606201171875,0.970942497253418
960,626.1754760742188,157.93447875976562,14.32452392578125,60.32891845703125,8.695330507180188e-06
960,481.8350830078125,176.51815795898438,20.87652587890625,50.86370849609375,3.857327101286501e-06
960,521.471435546875,182.77999877929688,21.6031494140625,51.32781982421875,0.00017403265519533306
960,563.15673828125,180.24803161621094,22.271240234375,51.979827880859375,0.006297584157437086
960,606.6139526367188,166.9247589111328,31.1383056640625,72.598388671875,1.7750497136148624e-05
960,397.9168701171875,93.91343688964844,155.0986328125,304.30218505859375,7.292331247299444e-06
960,546.7131958007812,181.48626708984375,23.17822265625,54.414642333984375,8.161558071151376e-06
960,513.1982421875,129.8607635498047,127.3017578125,285.26812744140625,2.4697708340681856e-06
960,561.512939453125,165.15048217773438,43.466552734375,105.78695678710938,2.6739473923953483e-06
960,624.7938232421875,177.44850158691406,15.7061767578125,61.612274169921875,0.002401520498096943
960,618.5177612304688,163.14625549316406,21.98223876953125,91.1712646484375,3.107066731899977e-05
960,0.0,184.71292114257812,14.787357330322266,56.231689453125,2.2532349248649552e-06
960,481.5103454589844,92.74288940429688,112.32003784179688,259.6116638183594,4.952956260240171e-06
960,524.78369140625,180.7099609375,27.21630859375,64.53634643554688,5.088989837531699e-06
960,556.3450317382812,182.25514221191406,21.50927734375,51.969085693359375,0.0003378581313882023
960,566.5872192382812,178.140625,27.53076171875,65.30047607421875,0.966414213180542
960,578.9385986328125,178.94105529785156,28.41748046875,67.32669067382812,0.0037608034908771515
960,589.6463623046875,181.0343475341797,26.5966796875,60.706787109375,0.00013360116281546652
960,600.7799072265625,185.07322692871094,21.00830078125,51.49102783203125,0.0002584939356893301
960,609.210205078125,184.50408935546875,21.4993896484375,52.4837646484375,7.624455611221492e-05
960,588.7119140625,114.47122955322266,51.7880859375,232.52032470703125,1.034361503116088e-05
960,596.7872924804688,175.379150390625,30.6473388671875,73.26034545898438,3.910342275048606e-05
960,581.75341796875,171.89767456054688,36.9129638671875,89.06552124023438,2.6183952286373824e-06
960,622.9400024414062,189.90081787109375,17.55999755859375,78.618896484375,1.504779083916219e-05
960,601.0296020507812,362.8026123046875,39.47039794921875,117.6973876953125,6.6808047449740116e-06
990,448.6136779785156,170.99122619628906,20.87982177734375,51.263916015625,0.03012789785861969
990,484.8200988769531,177.95802307128906,21.7230224609375,50.90997314453125,4.3051104512414895e-06
990,495.7968444824219,180.0522003173828,21.447601318359375,51.398223876953125,2.3800171220500488e-06
990,610.296875,182.75546264648438,22.37646484375,52.8262939453125,2.547672738728579e-05
990,617.452880859375,182.58932495117188,23.047119140625,54.0736083984375,4.9507696530781686e-05
990,443.3700866699219,178.91075134277344,22.1455078125,53.25152587890625,7.46721252653515e-06
990,544.2610473632812,185.14451599121094,27.3448486328125,65.47146606445312,1.373712166241603e-06
990,611.68212890625,137.048828125,28.81787109375,131.51162719726562,1.9879119008692214e-06
990,568.4354248046875,89.99281311035156,72.0645751953125,317.20623779296875,6.114451480243588e-06
990,477.19677734375,103.68548583984375,145.6134033203125,294.9252014160156,5.081279141450068e-06
990,557.7939453125,186.654541015625,27.635986328125,65.5308837890625,1.8431830540066585e-05
990,592.7781372070312,192.858154296875,22.843017578125,52.97296142578125,1.8671358930077986e-06
990,626.6984252929688,190.3278045654297,13.80157470703125,55.461456298828125,0.00018483899475540966
990,601.6837768554688,195.7213592529297,23.6160888671875,55.46533203125,3.4094856005140173e-07
990,609.0012817382812,198.3563995361328,23.9013671875,55.140777587890625,1.411285666108597e-05
990,553.3994750976562,196.53990173339844,23.2840576171875,54.543212890625,1.2949945812579244e-05
990,616.1270141601562,199.78282165527344,24.37298583984375,59.09739685058594,2.2111833459348418e-05
990,626.9120483398438,214.27195739746094,13.58795166015625,53.29609680175781,2.150179170712363e-06
1020,625.673095703125,147.60398864746094,14.826904296875,62.97076416015625,1.8286926888322341e-06
1020,617.7544555664062,168.0109100341797,22.74554443359375,59.110565185546875,0.00014968389587011188
1020,0.0,168.89529418945312,15.089336395263672,55.70770263671875,3.065007376790163e-06
1020,569.7765502929688,180.43687438964844,21.1885986328125,51.186187744140625,9.563725143379997e-06
1020,576.5012817382812,178.09805297851562,22.0799560546875,52.63714599609375,5.4434822231996804e-06
1020,585.4658203125,174.39553833007812,21.5177001953125,52.158233642578125,3.288024572611903e-06
1020,594.79833984375,173.1692657470703,21.6993408203125,50.608551025390625,9.073688488570042e-06
1020,602.1965942382812,173.60272216796875,21.7720947265625,50.914154052734375,6.31219008937478e-05
1020,609.4680786132812,176.7065887451172,22.0386962890625,52.427490234375,2.4368979211430997e-05
1020,557.671630859375,93.19760131835938,82.828369140625,297.8858947753906,3.841021225525765e-06
1020,626.486328125,177.3944549560547,14.013671875,52.651092529296875,0.010058681480586529
1020,612.6875,139.50035095214844,27.8125,123.03166198730469,1.325934317719657e-05
1020,590.5834350585938,110.07967376708984,49.91656494140625,234.6259765625,1.424042693543015e-05
1020,625.7426147460938,190.96682739257812,14.75738525390625,65.25274658203125,7.386392098851502e-05
1050,490.235107421875,166.74061584472656,22.2821044921875,53.349273681640625,1.0992993338732049e-05
1050,0.0,168.689453125,14.756791114807129,56.35906982421875,1.1520892257976811e-05
1050,497.0971374511719,171.20445251464844,21.267120361328125,50.617462158203125,0.0013112574815750122
1050,530.6455688476562,176.65293884277344,21.7232666015625,51.47076416015625,0.00015991389227565378
1050,627.42578125,168.3967742919922,13.07421875,57.065765380859375,7.063550583552569e-06
1050,593.7808227539062,182.27420043945312,21.6895751953125,50.883148193359375,1.1354476328051533e-06
1050,611.0386352539062,405.70916748046875,29.46136474609375,74.79083251953125,3.6284723137214314e-06
1050,600.7523193359375,360.4522705078125,39.7476806640625,120.0477294921875,9.523232620267663e-06
1050,579.4598388671875,324.55194091796875,61.0401611328125,155.94805908203125,2.10507050724118e-06
1080,577.305419921875,165.20187377929688,22.54052734375,54.27392578125,4.213822194287786e-06
1080,554.32666015625,167.52574157714844,21.9261474609375,52.58050537109375,4.0604249079478905e-05
1080,582.140625,154.18197631835938,36.0712890625,86.46395874023438,4.448075117124972e-07
1080,455.9363098144531,170.6511993408203,22.23150634765625,51.953399658203125,0.00014228062354959548
1080,546.2073364257812,173.18853759765625,21.7275390625,53.0645751953125,0.00021558486332651228
1080,546.0474853515625,164.05517578125,34.158447265625,82.01187133789062,8.96362507774029e-06
1080,588.5131225585938,170.6000518798828,25.0732421875,58.95135498046875,0.004034389276057482
1080,599.9381103515625,171.43748474121094,20.572998046875,50.58404541015625,3.311553882667795e-06
1080,627.2802124023438,170.5382080078125,13.21978759765625,50.930145263671875,3.3206684747710824e-05
1080,463.38275146484375,173.3986358642578,22.45025634765625,55.401641845703125,6.660358394583454e-06
1080,557.9274291992188,174.16159057617188,25.4967041015625,60.7685546875,6.195695459609851e-05
1080,569.6341552734375,172.31344604492188,25.8720703125,61.782745361328125,0.00020576889801304787
1080,580.772216796875,173.77452087402344,25.33544921875,60.193389892578125,0.055168505758047104
1080,617.7184448242188,177.35400390625,21.8238525390625,51.661712646484375,1.9684691778820707e-06
1080,552.1068725585938,182.02447509765625,21.8463134765625,52.783355712890625,0.0021013212390244007
1080,627.604736328125,189.50643920898438,12.895263671875,58.95367431640625,4.371580416773213e-06
1080,547.5400390625,192.11485290527344,21.1082763671875,52.13092041015625,2.8599808501894586e-05
1080,578.4544677734375,189.05162048339844,20.3990478515625,51.300445556640625,9.48163778957678e-06
1080,610.3082275390625,404.95648193359375,30.1917724609375,75.54351806640625,3.466165026111412e-06
1080,601.4264526367188,362.7916259765625,39.07354736328125,117.7083740234375,5.242465704213828e-06
1080,581.793212890625,321.9678955078125,58.706787109375,158.5321044921875,3.826717602350982e-06
1110,0.0,172.81253051757812,16.657882690429688,55.548553466796875,1.0056835890281945e-05
1110,15.590635299682617,176.33070373535156,21.014978408813477,50.909149169921875,1.6097869774966966e-06
1110,2.904473304748535,180.7275848388672,21.49398422241211,51.1976318359375,0.00017197658598888665
1110,506.59637451171875,181.3465576171875,21.2591552734375,51.2601318359375,2.1777685105917044e-05
1110,627.4312133789062,175.58871459960938,13.06878662109375,51.721954345703125,2.7611102268565446e-05
1110,72.23758697509766,180.70541381835938,21.36419677734375,50.5694580078125,5.4774391173850745e-05
1110,511.29901123046875,184.57952880859375,23.35595703125,54.979248046875,3.4278491511940956e-05
1110,519.7407836914062,188.10244750976562,20.976806640625,50.826568603515625,3.5206783195462776e-06
1110,544.47705078125,191.4601593017578,22.756591796875,54.61724853515625,6.2498770603269804e-06
1110,552.117431640625,194.66326904296875,22.1180419921875,51.96917724609375,1.752069351823593e-06
1110,624.2471923828125,180.95626831054688,16.2528076171875,78.1817626953125,9.938628863892518e-06
1110,584.8577270507812,199.90672302246094,20.7745361328125,50.833038330078125,4.870833549830422e-07
1110,590.32177734375,198.3236541748047,24.4368896484375,57.12109375,1.458360657125013e-06
1110,577.6839599609375,204.0360107421875,21.9686279296875,52.071929931640625,1.8191624349128688e-06
1110,580.0092163085938,197.91986083984375,29.8482666015625,70.4625244140625,2.0071674953214824e-06
1110,609.8538208007812,404.88128662109375,30.64617919921875,75.61871337890625,5.109038738737581e-06
1110,600.2915649414062,362.62408447265625,40.20843505859375,117.87591552734375,4.780843482876662e-06
1140,10.312321662902832,176.2490692138672,21.73802947998047,53.0279541015625,3.9123051465139724e-06
1140,536.6325073242188,169.36312866210938,21.2642822265625,50.96710205078125,6.345941073959693e-05
1140,15.797647476196289,183.18890380859375,21.574331283569336,51.20916748046875,4.832453123526648e-05
1140,531.3489990234375,167.7049560546875,30.5704345703125,72.86093139648438,2.725045760598732e-06
1140,0.0,183.64431762695312,15.182165145874023,56.332122802734375,8.373232049052604e-06
1140,490.6611633300781,183.25466918945312,21.56341552734375,50.7864990234375,1.2816762136935722e-05
1140,497.6507568359375,182.87562561035156,21.33477783203125,52.176483154296875,2.060403858195059e-05
1140,505.446044921875,182.714599609375,22.9249267578125,54.225677490234375,6.9962479756213725e-06
1140,526.1232299804688,178.1211700439453,25.3148193359375,61.639739990234375,1.3900341400585603e-05
1140,511.9825744628906,183.41004943847656,25.111907958984375,60.508331298828125,2.5668693979241652e-06
1140,520.3741455078125,186.10858154296875,23.4554443359375,53.99713134765625,1.7179128235511598e-06
1140,627.3492431640625,201.36831665039062,13.1507568359375,51.720489501953125,4.873844318353804e-06
1140,619.8322143554688,426.13690185546875,20.66778564453125,54.36309814453125,3.131960738755879e-06
1140,609.9435424804688,407.6573486328125,30.55645751953125,72.8426513671875,3.4397719446133124e-06
1140,599.2407836914062,364.31243896484375,41.25921630859375,116.18756103515625,6.75879391565104e-06
1170,594.0556030273438,178.66702270507812,22.930419921875,54.166473388671875,0.00030462024733424187
1170,607.5497436523438,176.00506591796875,21.280029296875,51.83062744140625,2.1551473764702678e-05
1170,96.13648986816406,175.801025390625,26.8336181640625,65.46652221679688,1.766997047525365e-05
1170,16.32323455810547,92.23344421386719,152.0673828125,310.7244873046875,1.8380451365374029e-06
1170,0.0,186.98428344726562,13.58385181427002,50.7503662109375,5.359140686778119e-06
1170,8.059431076049805,185.8724365234375,22.710899353027344,54.1497802734375,1.4119624438535539e-06
1170,601.11865234375,185.85247802734375,21.376708984375,52.31719970703125,0.00564583670347929
1170,624.928955078125,184.0322265625,15.571044921875,61.839996337890625,2.563301495683845e-05
1170,606.4030151367188,190.4276580810547,26.5455322265625,62.0953369140625,0.0002418294461676851
1170,600.89306640625,172.84857177734375,35.8671875,91.569091796875,5.051419429946691e-05
1170,613.1566162109375,150.6749725341797,27.3433837890625,130.9911651611328,1.8544600607128814e-05
1170,590.0491943359375,118.1812515258789,50.4508056640625,236.93624877929688,1.6243764548562467e-05
1170,594.2434692382812,197.4541473388672,21.2657470703125,50.757598876953125,4.4360285755828954e-06
1170,613.7927856445312,198.21926879882812,26.3079833984375,61.413604736328125,0.0001291205990128219
1170,602.1123657226562,204.40211486816406,21.53271484375,51.795654296875,6.440376182581531e-06
1170,626.4872436523438,208.7794189453125,14.01275634765625,52.988433837890625,0.00014613599341828376
1170,619.8468627929688,427.1335144042969,20.65313720703125,53.366485595703125,1.533917725282663e-06
1170,610.1732788085938,408.30694580078125,30.32672119140625,72.19305419921875,5.016561772208661e-06
1170,598.7311401367188,367.2125244140625,41.76885986328125,113.2874755859375,5.468989456858253e-06
1200,0.0,171.50469970703125,12.468796730041504,52.78369140625,0.0008278944878838956
1200,0.0,151.58091735839844,21.613079071044922,95.1871337890625,1.675796193012502e-05
1200,0.0,88.56892395019531,52.024871826171875,246.6416473388672,2.902940423155087e-06
1200,53.29013442993164,181.2094268798828,21.13711166381836,51.550872802734375,1.414245275555004e-06
1200,41.41851043701172,179.03399658203125,25.94640350341797,62.2919921875,0.0007315910770557821
1200,0.0,129.4069366455078,114.00936889648438,275.39190673828125,6.799238690291531e-06
1200,586.6661376953125,206.328857421875,20.829345703125,51.0977783203125,7.6125143095850945e-06
1200,593.5170288085938,205.7760467529297,20.9156494140625,50.8275146484375,1.9546603652997874e-05
1200,599.8588256835938,204.25115966796875,23.9759521484375,56.955657958984375,6.52995413474855e-06
1200,608.684326171875,207.175537109375,23.6693115234375,57.08984375,4.74083435619832e-06
1200,627.3966064453125,208.5286102294922,13.1033935546875,52.25486755371094,7.364630619122181e-06
1200,609.6470947265625,406.258056640625,30.8529052734375,74.241943359375,1.4682207620353438e-05
1200,597.347412109375,360.6453552246094,43.152587890625,119.85464477539062,1.2164685358584393e-05
1230,438.7747802734375,146.84129333496094,31.40594482421875,76.94668579101562,0.07167553156614304
1230,450.9799499511719,148.04896545410156,28.2760009765625,64.98101806640625,2.3905900889076293e-05
1230,0.0,165.3778076171875,15.485435485839844,59.4398193359375,6.930181370989885e-06
1230,90.27196502685547,174.503662109375,21.70648193359375,52.714385986328125,3.826267129625194e-05
1230,432.5965576171875,154.1483154296875,27.69158935546875,63.570892333984375,0.0003864355094265193
1230,427.8385009765625,132.99993896484375,46.28961181640625,108.900390625,0.022531509399414062
1230,10.460212707519531,98.01470947265625,150.75238037109375,301.8984069824219,1.6786502783361357e-06
1230,94.46939086914062,173.74542236328125,27.137802124023438,65.82589721679688,2.457485379636637e-06
1230,440.39288330078125,168.20423889160156,22.24853515625,53.6488037109375,6.716004281770438e-05
1230,447.7215270996094,170.92172241210938,21.91937255859375,51.85943603515625,9.193181540467776e-06
1230,628.056396484375,179.3460693359375,12.443603515625,57.313140869140625,4.569467364490265e-06
1230,0.0,186.0054931640625,13.27120590209961,52.946441650390625,4.11537621403113e-05
1230,0.0,160.56600952148438,21.622962951660156,100.66796875,5.127988970343722e-06
1230,0.0,110.43504333496094,62.45110321044922,307.22515869140625,3.3029245969373733e-06
1230,627.42333984375,200.22378540039062,13.07666015625,52.526275634765625,6.208849663380533e-05
1230,618.8519897460938,179.35330200195312,21.64801025390625,97.21871948242188,3.826969532383373e-06
1260,225.459228515625,159.39263916015625,21.9078369140625,52.831085205078125,1.2310048987274058e-05
1260,611.4913330078125,97.1041259765625,29.0086669921875,138.552490234375,2.501289145584451e-06
1260,595.9644775390625,67.1681137084961,44.5355224609375,235.199951171875,2.7688090540323174e-06
1260,627.45458984375,161.7994384765625,13.04541015625,52.9305419921875,2.395474211880355e-06
1260,618.8311157226562,145.51480102539062,21.66888427734375,99.12969970703125,9.327645784651395e-06
1260,608.4532470703125,176.55072021484375,21.3265380859375,51.226104736328125,9.109297025133856e-06
1260,0.0,185.031982421875,13.293425559997559,53.6495361328125,3.72610634258308e-06
1260,627.392822265625,183.85528564453125,13.107177734375,52.265533447265625,4.2044248402817175e-06
1290,0.0,161.80764770507812,15.334614753723145,55.84161376953125,3.9276851566683035e-06
1290,494.85748291015625,157.28219604492188,27.8892822265625,67.19393920898438,1.372536917187972e-05
1290,503.49578857421875,162.1563720703125,20.718505859375,50.712005615234375,2.0934925487381406e-05
1290,600.7152099609375,162.47650146484375,22.749755859375,51.928558349609375,6.882974503241712e-06
1290,627.780029296875,164.6400146484375,12.719970703125,51.09893798828125,6.870533979963511e-06
1290,519.581298828125,163.57745361328125,21.9139404296875,50.900665283203125,0.00026923776022158563
1290,600.033203125,359.7088928222656,40.466796875,120.79110717773438,1.962475153050036e-06
1320,567.6322021484375,141.97439575195312,21.4503173828125,51.1236572265625,4.719204662251286e-05
1320,0.0,140.7742156982422,14.041970252990723,57.52978515625,7.1160989136842545e-06
1320,0.0,124.33949279785156,21.355371475219727,100.90701293945312,4.4250095925235655e-06
1320,561.0814208984375,150.8417510986328,24.987060546875,59.037078857421875,0.011674201115965843
1320,572.65185546875,150.7244415283203,24.9410400390625,58.068511962890625,3.3872012863866985e-05
1320,0.0,162.2857208251953,13.859428405761719,51.085418701171875,7.038269541226327e-05
1320,449.1434326171875,156.5658416748047,21.6824951171875,51.688568115234375,1.0078650120703969e-05
1320,455.8111877441406,158.8175048828125,21.77911376953125,52.20977783203125,5.6955805121106096e-06
1320,488.3490905761719,162.8715362548828,23.06243896484375,53.863739013671875,2.7118005618831376e-06
1320,496.53741455078125,163.21011352539062,20.44097900390625,50.820526123046875,3.985537205153378e-06
1320,545.7362060546875,161.09979248046875,20.926513671875,51.051910400390625,8.793866754785995e-07
1320,555.7327270507812,157.79554748535156,22.7252197265625,54.33624267578125,0.00022531597642228007
1320,554.8255004882812,146.51324462890625,35.571044921875,83.46441650390625,2.4483026209054515e-05
1320,0.0,164.310546875,18.34567642211914,75.43508911132812,1.155527752416674e-05
1320,627.5824584960938,177.7495574951172,12.91754150390625,52.0540771484375,1.5879761122050695e-05
1320,0.0,184.5426788330078,13.115520477294922,51.495086669921875,2.387088898103684e-06
1320,622.8781127929688,182.0246124267578,17.62188720703125,76.21229553222656,7.664614713576157e-06
1350,627.9984741210938,68.76783752441406,12.50152587890625,50.687225341796875,9.560570106259547e-06
1350,627.3040771484375,146.8111114501953,13.1959228515625,52.044952392578125,9.358733223052695e-06
1350,0.0,158.73231506347656,14.050897598266602,50.793609619140625,3.014886169694364e-05
1350,16.041534423828125,163.67811584472656,22.439044952392578,53.158294677734375,1.7494880921731237e-06
1350,504.7371826171875,162.48696899414062,22.8009033203125,53.842315673828125,1.0872270649997517e-05
1350,520.24853515625,162.80364990234375,21.0267333984375,51.127532958984375,3.898364866472548e-06
1350,528.0646362304688,163.27569580078125,21.093994140625,50.890411376953125,9.429903911950532e-06
1350,0.43575477600097656,167.9088134765625,21.33388900756836,50.652313232421875,5.008881271351129e-05
1350,7.711460113525391,166.74411010742188,21.314666748046875,50.740203857421875,1.6863388736965135e-05
1350,513.1312255859375,167.78977966308594,21.089111328125,51.25579833984375,3.3137334867205936e-06
1350,0.0,146.07176208496094,22.256637573242188,96.91976928710938,6.20050650468329e-06
1350,0.0,181.22232055664062,13.576566696166992,51.246551513671875,2.0572113498928957e-05
1350,599.831787109375,360.14849853515625,40.668212890625,120.35150146484375,8.716137017472647e-06
1380,628.9800415039062,28.071109771728516,11.51995849609375,50.94602584838867,1.256812538485974e-05
1380,558.1624755859375,156.87606811523438,21.9139404296875,51.3035888671875,6.628257688134909e-05
1380,97.12010955810547,163.78860473632812,22.160232543945312,53.5062255859375,7.723546877969056e-05
1380,627.1204833984375,159.83181762695312,13.3795166015625,51.99249267578125,1.5907058696029708e-05
1380,617.9013061523438,167.717529296875,21.836181640625,51.59869384765625,3.294280077170697e-06
1380,471.2908020019531,167.22108459472656,23.1080322265625,54.664459228515625,6.24396716375486e-06
1380,549.396728515625,170.27438354492188,21.800537109375,53.232452392578125,0.00042706416570581496
1380,556.2047729492188,171.99391174316406,22.79296875,54.638427734375,0.13441747426986694
1380,548.7289428710938,158.2041015625,33.62548828125,76.66629028320312,2.141990808013361e-05
1380,486.73291015625,133.31285095214844,134.518310546875,274.6441650390625,1.952450702447095e-06
1380,562.2666625976562,168.24082946777344,25.4251708984375,58.9677734375,0.00010752393427537754
1380,589.9929809570312,96.83959197998047,50.50701904296875,239.42803955078125,1.0328770940759568e-06
1380,626.226318359375,178.3176727294922,14.273681640625,52.25396728515625,0.00025789032224565744
1380,613.57373046875,140.13809204101562,26.92626953125,125.60147094726562,1.8338570271225763e-06
1380,0.0,184.31065368652344,16.036094665527344,54.417724609375,5.6904714256234e-06
1380,618.6318359375,183.04498291015625,21.8681640625,59.655364990234375,0.000101432618976105
1380,557.155029296875,183.12669372558594,26.8603515625,62.22320556640625,2.205829787271796e-06
1380,610.5431518554688,198.71630859375,21.3828125,50.939910888671875,5.18360138812568e-07
1380,624.5304565429688,193.9019317626953,15.96954345703125,64.62492370605469,6.706792919430882e-05
1380,602.3096313476562,360.7744445800781,38.19036865234375,119.72555541992188,3.955509328079643e-06
1410,547.1315307617188,166.0487060546875,21.9781494140625,51.597076416015625,9.001676062325714e-07
1410,536.0481567382812,178.15675354003906,23.47705078125,54.89404296875,1.8546668343333295e-06
1410,551.8338623046875,176.10646057128906,23.6927490234375,54.604583740234375,1.4108173672866542e-05
1410,513.5403442382812,180.77035522460938,21.8236083984375,51.902252197265625,2.464491217324394e-06
1410,521.2942504882812,182.46080017089844,21.4659423828125,51.37042236328125,7.427795026160311e-06
1410,529.377197265625,184.2672882080078,20.7930908203125,50.62872314453125,2.349823625991121e-05
1410,544.8735961914062,181.74017333984375,21.0975341796875,50.873504638671875,6.532345651066862e-06
1410,560.7381591796875,184.47109985351562,20.9918212890625,50.57574462890625,1.3601816135633271e-05
1410,619.6858520507812,424.8175354003906,20.81414794921875,55.682464599609375,4.733569767267909e-06
1410,609.925048828125,404.4700012207031,30.574951171875,76.02999877929688,2.553597141741193e-06
1410,600.7057495117188,362.5911865234375,39.79425048828125,117.9088134765625,6.802559710195055e-06
1410,581.980224609375,320.7938232421875,58.519775390625,159.7061767578125,4.6722338993276935e-06
1440,479.9974060058594,173.97776794433594,23.27264404296875,55.225830078125,1.3059402590442915e-06
1440,488.8185119628906,175.40176391601562,20.515380859375,50.928436279296875,8.167897362909571e-07
1440,0.0,192.95220947265625,14.508081436157227,53.08258056640625,1.0405401553725824e-05
1440,627.667724609375,194.66436767578125,12.832275390625,50.50189208984375,6.112976279837312e-06
1440,620.4171752929688,427.9196472167969,20.08282470703125,52.580352783203125,4.741933025798062e-06
1440,610.3717651367188,408.11474609375,30.12823486328125,72.38525390625,2.3391528429783648e-06
1440,598.6886596679688,363.30645751953125,41.81134033203125,117.19354248046875,4.069053829880431e-06
1440,577.4573364257812,325.69061279296875,63.04266357421875,154.80938720703125,2.492928388164728e-06
1470,625.798583984375,167.61805725097656,14.701416015625,60.5924072265625,3.735197606147267e-05
1470,132.90745544433594,179.8748321533203,27.7149658203125,64.9830322265625,9.629508895159233e-06
1470,617.4234008789062,150.4586181640625,23.07659912109375,98.8009033203125,8.680036444275174e-06
1470,465.1658935546875,182.8259735107422,24.38116455078125,57.481475830078125,1.7939259123522788e-05
1470,473.1761779785156,182.21432495117188,21.671875,51.239166259765625,5.9340865846024826e-05
1470,480.58953857421875,182.06993103027344,21.5745849609375,51.335296630859375,2.4409262550761923e-05
1470,488.0103454589844,182.95541381835938,21.71844482421875,52.35333251953125,3.86608844564762e-05
1470,0.0,194.44302368164062,14.841889381408691,54.178985595703125,3.2548730359849287e-06
1470,600.2608032226562,367.2106018066406,40.23919677734375,113.28939819335938,4.358367732493207e-06
1500,432.79681396484375,170.5233917236328,21.48883056640625,50.52490234375,9.891343506751582e-05
1500,451.4143371582031,165.15028381347656,21.73480224609375,51.46575927734375,1.2834150311391568e-06
1500,457.3638610839844,169.73179626464844,21.8865966796875,51.3680419921875,3.081406975979917e-05
1500,555.2242431640625,178.8976593017578,22.3592529296875,51.87298583984375,0.19492508471012115
1500,0.0,175.73751831054688,14.055456161499023,54.1494140625,0.00019377624266780913
1500,439.6825866699219,172.00784301757812,22.25653076171875,54.244171142578125,2.5163219561363803e-06
1500,0.0,156.90072631835938,21.864938735961914,95.55880737304688,5.026566668675514e-06
1500,78.19497680664062,185.72959899902344,20.71990966796875,50.735870361328125,8.724633175916097e-07
1500,80.33353424072266,182.36439514160156,27.3653564453125,66.72509765625,4.211837222101167e-06
1500,8.136245727539062,107.14720153808594,148.75970458984375,301.24200439453125,7.921612450445537e-06
1500,539.2730712890625,183.85792541503906,21.0487060546875,50.65863037109375,3.923318217857741e-05
1500,548.2939453125,189.00221252441406,21.44580078125,51.04766845703125,0.00030120706651359797
1500,560.160888671875,186.7534942626953,21.8287353515625,51.9483642578125,0.9455394744873047
1500,543.2070922851562,185.31967163085938,30.4903564453125,71.28323364257812,0.0004844393115490675
1500,564.8831787109375,190.28419494628906,25.89501953125,60.862213134765625,0.0005908433231525123
1500,554.1561279296875,186.57168579101562,31.0384521484375,74.13473510742188,0.003341419855132699
1500,626.1373291015625,232.6810302734375,14.3626708984375,60.6004638671875,1.9974022507085465e-06
1500,610.7783813476562,407.06219482421875,29.72161865234375,73.43780517578125,4.703282229456818e-06
1500,598.631103515625,364.8629455566406,41.868896484375,115.63705444335938,4.48382616013987e-06
1530,627.7411499023438,52.78392791748047,12.75885009765625,52.24403381347656,1.0050756827695295e-05
1530,609.8649291992188,56.282752990722656,24.3834228515625,58.18144226074219,1.6414246601925697e-06
1530,619.4923095703125,38.973060607910156,21.0076904296875,95.35356903076172,1.4074294085730799e-05
1530,617.8052978515625,70.12895202636719,21.3231201171875,51.58732604980469,3.970570469391532e-05
1530,627.0012817382812,76.71331787109375,13.49871826171875,52.86106872558594,0.0002522081194911152
1530,473.35919189453125,163.86428833007812,21.539306640625,50.686767578125,1.1889716915902682e-05
1530,0.0,166.69619750976562,16.427980422973633,61.988922119140625,2.112116817443166e-06
1530,479.7783203125,170.429931640625,21.13311767578125,50.8433837890625,1.312052290813881e-06
1530,6.542014122009277,186.18675231933594,21.638656616210938,50.909576416015625,0.564751923084259
1530,628.4480590820312,179.0863494873047,12.05194091796875,51.118560791015625,2.274175130878575e-06
1530,0.0,109.0330581665039,38.744842529296875,240.22637939453125,7.337136139540235e-06
1530,0.28121089935302734,189.09173583984375,22.128257751464844,52.498443603515625,0.9918547868728638
1530,0.0,149.59854125976562,27.605060577392578,109.88937377929688,1.2755647730955388e-05
1530,0.0,138.41473388671875,53.720794677734375,293.194091796875,1.1932963388971984e-05
1530,626.4542236328125,192.34909057617188,14.0457763671875,61.484222412109375,9.30148701172584e-07
1560,517.03173828125,146.281982421875,26.6920166015625,63.57232666015625,2.5861460017040372e-05
1560,506.4835205078125,159.03553771972656,22.509521484375,53.3839111328125,0.0019542674999684095
1560,501.424560546875,145.02935791015625,34.78759765625,82.74191284179688,1.2936807252117433e-06
1560,511.7291259765625,157.97608947753906,25.8251953125,60.481353759765625,0.01843562163412571
1560,627.7373046875,156.5023651123047,12.7626953125,50.55462646484375,8.432206755060179e-07
1560,138.54502868652344,162.84104919433594,21.5321044921875,51.55535888671875,4.09568237955682e-05
1560,411.7840881347656,169.78465270996094,21.751708984375,50.89349365234375,4.557189458864741e-05
1560,488.3262939453125,167.58705139160156,21.57708740234375,50.63018798828125,0.007773060351610184
1560,494.1387023925781,160.21502685546875,23.304901123046875,54.939300537109375,8.605865150457248e-05
1560,414.38201904296875,168.90237426757812,27.8817138671875,65.17617797851562,1.2833102118747775e-05
1560,481.2087707519531,152.43048095703125,37.576507568359375,82.66732788085938,5.050679874329944e-07
1560,416.80029296875,99.2916259765625,140.279296875,283.5218811035156,3.5682073757925536e-06
1560,526.7936401367188,166.20933532714844,20.61474609375,52.185821533203125,1.5795139916008338e-06
1560,627.9384155273438,176.83078002929688,12.56158447265625,50.901763916015625,9.33719547902001e-06
1560,0.0,186.31314086914062,13.957168579101562,53.306396484375,1.6869949831743725e-05
1560,519.4110107421875,173.65133666992188,21.4200439453125,51.682342529296875,7.321221346501261e-06
1590,0.0,147.14633178710938,13.449287414550781,50.6011962890625,1.760584950716293e-06
1590,504.10205078125,157.1181640625,21.8916015625,52.42523193359375,0.004722150973975658
1590,511.22442626953125,151.75978088378906,23.1187744140625,54.032135009765625,1.4103506146057043e-05
1590,543.1810913085938,146.72535705566406,23.1651611328125,53.43524169921875,9.966589459509123e-06
1590,617.3568725585938,153.96566772460938,21.7470703125,50.822906494140625,2.1882464352529496e-05
1590,23.824087142944336,155.7177276611328,22.765085220336914,55.178253173828125,6.834005034761503e-05
1590,31.037113189697266,154.12002563476562,23.48633575439453,55.155242919921875,1.937140041263774e-06
1590,526.5509643554688,150.88392639160156,22.8792724609375,52.5743408203125,0.0017327144742012024
1590,534.3150024414062,148.0609588623047,23.3626708984375,54.937591552734375,2.9232624001451768e-05
1590,0.0,159.01881408691406,16.387779235839844,58.070068359375,2.5992653718276415e-06
1590,8.790152549743652,158.81491088867188,21.763782501220703,50.69500732421875,6.076920726627577e-06
1590,16.61669921875,158.49742126464844,21.793636322021484,51.84521484375,2.7681129722623155e-05
1590,428.564697265625,76.79582214355469,148.91650390625,291.68682861328125,2.052001036645379e-06
1590,625.9222412109375,161.98728942871094,14.5777587890625,54.4039306640625,0.00049130420666188
1590,566.9476318359375,68.91778564453125,73.5523681640625,308.3504943847656,5.0276257752557285e-06
1590,618.3067626953125,145.01905822753906,22.1932373046875,95.02005004882812,3.539899125826196e-06
1590,626.298095703125,177.94229125976562,14.201904296875,62.355712890625,1.1681166142807342e-05
1590,601.086669921875,358.5872802734375,39.413330078125,121.9127197265625,4.7506418923148885e-06
1620,582.3732299804688,126.02357482910156,25.891845703125,58.87255859375,7.740597538941074e-06
1620,590.9442749023438,130.08303833007812,24.308349609375,57.293243408203125,2.8859703888883814e-05
1620,613.9093627929688,139.98648071289062,26.59063720703125,60.137176513671875,1.6456566299893893e-05
1620,627.1158447265625,140.27183532714844,13.3841552734375,53.270599365234375,2.991517931150156e-06
1620,466.0728759765625,144.0653839111328,21.60931396484375,50.918853759765625,3.8193986256374046e-05
1620,480.3898010253906,147.05203247070312,21.84857177734375,52.36358642578125,3.2840414405654883e-06
1620,580.6947631835938,131.52999877929688,33.2225341796875,80.17620849609375,0.9999713897705078
1620,601.4964599609375,142.25233459472656,22.4765625,51.37445068359375,5.9073818192700855e-06
1620,592.3003540039062,133.14547729492188,32.472412109375,79.83456420898438,0.08568701148033142
1620,473.32257080078125,148.60191345214844,22.12969970703125,53.09942626953125,5.457818588183727e-06
1620,570.0217895507812,135.20266723632812,32.9146728515625,76.80099487304688,0.0001670873025432229
1620,606.2374267578125,147.25177001953125,26.6998291015625,63.21136474609375,0.0010457788594067097
1620,596.1499633789062,113.17887878417969,44.35003662109375,115.13516235351562,1.20686831905914e-06
1620,0.0,159.5889129638672,16.01418113708496,57.844757080078125,4.872357294516405e-06
1620,584.6873779296875,147.78607177734375,23.5355224609375,56.340362548828125,0.007153632119297981
1620,616.2888793945312,159.10220336914062,22.096435546875,52.201904296875,0.00045569127541966736
1620,626.5966796875,160.76377868652344,13.9033203125,51.75225830078125,5.495353616424836e-05
1620,579.533203125,158.9259796142578,20.60791015625,50.84124755859375,3.8083360323071247e-06
1620,609.455078125,167.89205932617188,20.9447021484375,51.3399658203125,2.3438275093212724e-05
1650,416.6674499511719,144.02194213867188,21.298095703125,51.13568115234375,1.4433687283599284e-05
1650,512.6646728515625,150.4848175048828,22.764404296875,54.152557373046875,0.0021959415171295404
1650,553.754150390625,153.55819702148438,23.8309326171875,55.497467041015625,3.3771548260119744e-06
1650,626.647216796875,158.1702117919922,13.852783203125,52.089141845703125,5.640184463118203e-05
1650,617.43505859375,165.24903869628906,23.06494140625,56.56787109375,1.6174233678611927e-05
1650,560.9295654296875,164.91079711914062,22.169677734375,53.1727294921875,0.00017132631910499185
1650,566.83544921875,165.8928985595703,24.5164794921875,58.827301025390625,7.370342700596666e-06
1650,625.6359252929688,175.62420654296875,14.86407470703125,58.961669921875,9.81903649517335e-05
1650,602.6500244140625,184.52774047851562,20.9014892578125,50.534454345703125,1.8460802948538912e-06
1650,609.7589111328125,183.6285858154297,21.347900390625,51.82244873046875,5.067066922492813e-06
1650,616.8065185546875,185.67230224609375,23.6934814453125,61.221160888671875,8.370023351744749e-06
1650,626.791015625,195.53016662597656,13.708984375,55.13201904296875,4.911910764349159e-06
1680,591.5906982421875,152.45458984375,25.4620361328125,60.700531005859375,3.5150969779351726e-05
1680,586.062744140625,159.6863555908203,21.43603515625,51.309112548828125,1.7311193005298264e-05
1680,471.481689453125,162.766357421875,23.2935791015625,55.275421142578125,4.30900445280713e-06
1680,590.7893676757812,171.4458770751953,21.7935791015625,53.434051513671875,0.04191802069544792
1680,595.6021728515625,166.36788940429688,26.63720703125,60.205810546875,3.31948212988209e-05
1680,583.603515625,161.14996337890625,35.526123046875,84.3336181640625,7.889691914897412e-06
1680,627.3613891601562,184.14158630371094,13.13861083984375,51.04156494140625,5.7010802265722305e-06
1680,618.9656372070312,424.4511413574219,21.53436279296875,56.048858642578125,3.0492228688672185e-06
1680,599.9656372070312,358.3553161621094,40.53436279296875,122.14468383789062,6.214418135641608e-06
1710,0.0,191.49317932128906,14.78628921508789,53.54608154296875,2.846615097951144e-05
1710,619.6870727539062,425.3954772949219,20.81292724609375,55.104522705078125,2.3193456399894785e-06
1710,610.054931640625,403.525634765625,30.445068359375,76.974365234375,5.316177521308418e-06
1710,600.0448608398438,361.1473083496094,40.45513916015625,119.35269165039062,6.373751148203155e-06
1740,343.6152648925781,176.01052856445312,20.994140625,50.664947509765625,0.0006751790060661733
1740,0.0,178.40699768066406,14.78919792175293,51.1226806640625,4.262451966496883e-06
1740,8.520262718200684,187.03884887695312,22.006866455078125,53.238037109375,5.985948973830091e-06
1740,560.6378173828125,186.56069946289062,22.486572265625,54.026092529296875,3.096592422480171e-07
1740,554.042236328125,191.31863403320312,20.889892578125,50.790985107421875,4.383954546938185e-06
1740,0.0,195.75274658203125,17.37544059753418,52.07763671875,0.0011725298827514052
1740,0.0,175.63150024414062,24.09872817993164,86.51904296875,1.0789400221256074e-05
1740,0.0,128.93345642089844,60.17763900756836,298.240478515625,4.43106500824797e-06
1740,627.3505859375,192.9649658203125,13.1494140625,57.79681396484375,5.532970590138575e-06
1740,0.0,210.93943786621094,14.504203796386719,51.54096984863281,9.810913979890756e-06
1740,610.3402099609375,407.1214904785156,30.1597900390625,73.37850952148438,3.811733222391922e-06
1740,599.9271240234375,359.95556640625,40.5728759765625,120.54443359375,3.857069259538548e-06
1770,347.0979309082031,175.4141082763672,21.88104248046875,51.650360107421875,0.014937805011868477
1770,360.9010314941406,172.60499572753906,21.57061767578125,51.4434814453125,4.534686468105065e-06
1770,0.0,178.37733459472656,13.489584922790527,53.414703369140625,6.291306362982141e-06
1800,387.76739501953125,172.99847412109375,23.35693359375,56.722503662109375,5.790930572402431e-06
1800,626.7307739257812,167.7008056640625,13.76922607421875,51.05657958984375,9.110092651098967e-05
1800,424.2635192871094,177.6385040283203,22.5797119140625,53.3314208984375,1.4277889022196177e-05
1800,442.2125549316406,178.23165893554688,21.56787109375,52.58935546875,1.0937004617517232e-06
1800,473.0112609863281,177.4108428955078,23.469482421875,55.973968505859375,2.3017353214527247e-06
1800,603.1231689453125,176.3482208251953,21.6563720703125,51.3948974609375,1.3347657841222826e-06
1800,0.0,179.46531677246094,12.979841232299805,52.859039306640625,3.2663849651726196e-06
1800,281.0499572753906,173.97096252441406,21.07391357421875,50.997100830078125,2.9891969006712316e-06
1800,395.0258483886719,182.5841064453125,21.5933837890625,50.86346435546875,0.07380470633506775
1800,386.5141296386719,164.43711853027344,35.92633056640625,79.97857666015625,4.601359250955284e-06
1800,323.22308349609375,111.60383605957031,138.9156494140625,298.02484130859375,5.156196039024508e-06
1800,406.2901306152344,179.0302734375,22.971923828125,54.0093994140625,1.3068425687379204e-05
1800,433.48583984375,180.46539306640625,21.06097412109375,51.67596435546875,5.4765419008617755e-06
1800,479.9104919433594,186.551025390625,21.03192138671875,51.11541748046875,0.00025610896409489214
1800,610.6295166015625,177.60426330566406,21.8770751953125,50.73095703125,0.0001591584732523188
1800,616.8173217773438,174.9315185546875,23.4864501953125,54.4656982421875,0.0005269859102554619
1800,417.3211975097656,180.98095703125,22.70428466796875,53.8717041015625,5.327973212843062e-06
1800,626.9675903320312,189.57485961914062,13.53240966796875,52.0767822265625,1.7162692529382184e-05
1830,18.61299705505371,172.73670959472656,22.14531135559082,52.76641845703125,1.895822242659051e-05
1830,0.0,177.36676025390625,13.332338333129883,53.615509033203125,5.925058303546393e-06
1830,21.393428802490234,173.29205322265625,27.956314086914062,66.31106567382812,1.558184976602206e-06
1830,505.4057922363281,186.5977783203125,21.454620361328125,51.766876220703125,2.8061956982128322e-05
1830,511.421875,186.2583465576172,24.6488037109375,59.927703857421875,3.6908022593706846e-05
1830,627.2667846679688,180.75381469726562,13.23321533203125,52.069305419921875,1.1730351616279222e-05
1830,529.831298828125,190.02781677246094,22.3031005859375,52.04266357421875,3.310497049824335e-05
1830,543.5598754882812,196.33921813964844,21.3048095703125,51.421783447265625,3.712796024046838e-05
1830,594.6771240234375,193.51295471191406,21.9619140625,52.21234130859375,8.391845767619088e-05
1830,499.49139404296875,196.99395751953125,22.70550537109375,53.8944091796875,9.698408575786743e-06
1830,506.7321472167969,201.09434509277344,21.964263916015625,51.451171875,0.0021027843467891216
1830,518.3858032226562,197.85472106933594,22.9998779296875,53.376953125,9.2141235654708e-06
1830,591.9619750976562,185.08824157714844,34.8331298828125,81.45106506347656,0.0019417745061218739
1830,618.217041015625,170.7473907470703,22.282958984375,97.23381042480469,4.546525360638043e-06
1830,600.052734375,205.02142333984375,21.261962890625,50.780548095703125,0.004582360852509737
1830,606.2801513671875,202.03868103027344,21.7279052734375,52.010498046875,0.00012273459287825972
1830,615.9711303710938,201.9930877685547,21.411376953125,51.484832763671875,8.746729145059362e-05
1830,626.7507934570312,201.41232299804688,13.74920654296875,52.0697021484375,2.391855559835676e-05
1860,0.0,166.52903747558594,16.879871368408203,55.31793212890625,2.6812274427356897e-06
1860,497.05810546875,177.01565551757812,21.73052978515625,51.304656982421875,4.026583155791741e-06
1860,568.7198486328125,179.5293426513672,22.85791015625,54.128021240234375,2.4271612346637994e-05
1860,1.899282455444336,173.24429321289062,24.35443687438965,58.043609619140625,0.004280096385627985
1860,0.0,142.22222900390625,69.53880310058594,274.3076171875,5.478401817526901e-06
1860,0.0,159.75791931152344,35.344146728515625,81.24661254882812,7.024600563454442e-06
1860,11.08819580078125,172.30831909179688,21.456703186035156,52.863006591796875,1.2034573046548758e-05
1860,562.3367309570312,173.71029663085938,33.6090087890625,78.46603393554688,1.1624450735325809e-06
1860,457.5152893066406,182.23294067382812,21.302734375,50.82720947265625,7.96604399511125e-06
1860,464.0394287109375,183.01565551757812,21.7806396484375,51.291107177734375,1.2171322850917932e-05
1860,563.956298828125,192.8717041015625,21.7318115234375,51.39166259765625,2.8436441425583325e-05
1860,573.0164794921875,191.53843688964844,22.380615234375,52.42535400390625,0.0006547733792103827
1860,582.2615966796875,188.5990753173828,20.6453857421875,50.93023681640625,1.395489903188718e-06
1860,499.5322570800781,110.117431640625,139.10836791992188,306.902099609375,6.818010660936125e-06
1860,628.1030883789062,194.01272583007812,12.39691162109375,51.715576171875,9.971309918910265e-05
1860,617.480712890625,201.20249938964844,23.019287109375,55.81282043457031,1.8175591321778484e-05
1860,627.6454467773438,215.54129028320312,12.85455322265625,52.86859130859375,1.4388416275323834e-05
1890,626.4595336914062,137.46910095214844,14.04046630859375,54.790374755859375,9.064960977411829e-06
1890,608.3983764648438,91.95852661132812,32.10162353515625,137.40823364257812,1.2726159184239805e-05
1890,624.6447143554688,149.68359375,15.85528564453125,64.825439453125,1.0464302249602042e-05
1890,499.1214904785156,162.3821258544922,21.167938232421875,50.55169677734375,5.015825536247576e-06
1890,442.13922119140625,69.81239318847656,152.2724609375,304.42352294921875,2.5965398435801035e-06
1890,527.6983032226562,160.98406982421875,21.4061279296875,50.937103271484375,4.021538916276768e-05
1890,0.0,169.40048217773438,13.35821533203125,54.318145751953125,3.274876871728338e-05
1890,616.4508666992188,133.95538330078125,24.04913330078125,104.05081176757812,6.3718307501403615e-06
1890,592.1577758789062,85.18865203857422,48.34222412109375,227.72891235351562,4.945329692418454e-06
1890,522.578369140625,168.69227600097656,22.1602783203125,52.824737548828125,1.000235351966694e-05
1890,625.9978637695312,174.69981384277344,14.50213623046875,66.07781982421875,6.134947398095392e-06
1920,609.73046875,130.21533203125,21.4461669921875,52.064239501953125,0.0001409285032423213
1920,626.7769165039062,133.3379364013672,13.72308349609375,52.52667236328125,8.351269570994191e-06
1920,257.5466003417969,152.17417907714844,21.8582763671875,52.967132568359375,0.0012059406144544482
1920,615.6490478515625,143.59909057617188,21.2655029296875,50.9107666015625,0.00031980909989215434
1920,174.2472686767578,60.06950378417969,154.04673767089844,311.55755615234375,1.6899102774914354e-06
1920,627.3157958984375,152.27085876464844,13.1842041015625,51.555206298828125,5.802018495160155e-05
1920,0.0,161.13999938964844,14.218182563781738,51.02508544921875,0.0007721201982349157
1920,0.0,139.19595336914062,22.321794509887695,93.49658203125,1.9785477434197674e-06
1920,0.0,82.12519836425781,64.06293487548828,310.49273681640625,4.614331828634022e-06
1920,601.5166015625,156.66110229492188,21.2464599609375,52.190216064453125,1.0038399523182306e-05
1920,608.6576538085938,155.63328552246094,21.9783935546875,52.353973388671875,2.068712274194695e-05
1920,612.2406616210938,147.51065063476562,28.25933837890625,75.42050170898438,1.30580101540545e-05
1950,66.57594299316406,158.89053344726562,21.518295288085938,51.6903076171875,1.8187495243182639e-06
1950,194.51083374023438,157.77145385742188,22.838897705078125,55.996063232421875,9.41712369240122e-06
1950,201.4580841064453,167.01119995117188,21.5235595703125,50.940338134765625,0.998842716217041
1950,601.5300903320312,164.13023376464844,21.3377685546875,50.620361328125,0.00020834701717831194
1950,627.2883911132812,161.6472930908203,13.21160888671875,50.8511962890625,7.617400115123019e-05
1950,161.24855041503906,168.7918243408203,21.371185302734375,50.775054931640625,0.0002324400411453098
1950,193.72329711914062,151.406982421875,36.13330078125,80.43624877929688,1.3071667126496322e-05
1950,132.62875366210938,107.15316772460938,135.29351806640625,281.2302551269531,5.939848051639274e-06
1950,212.41476440429688,165.2947998046875,21.736541748046875,52.666015625,2.0313930235715816e-06
1950,584.2869262695312,167.83294677734375,21.55322265625,51.738433837890625,0.002970690606161952
1950,606.8707275390625,165.90838623046875,23.3709716796875,55.168853759765625,4.4191845518071204e-05
1950,616.8294067382812,167.1114044189453,23.67059326171875,53.7369384765625,6.3412298914045095e-06
1950,0.0,179.68783569335938,16.025753021240234,53.077423095703125,0.0007445027003996074
1950,0.0,131.02566528320312,29.71992301940918,127.60903930664062,7.39499910196173e-06
1950,0.0,101.70645141601562,61.186241149902344,305.360595703125,5.041924396209652e-06
1950,591.384765625,168.52430725097656,23.9298095703125,58.462890625,7.380913302768022e-05
1950,0.0,177.37745666503906,25.099706649780273,69.72213745117188,7.163407644839026e-06
1950,577.78662109375,174.72105407714844,22.49609375,55.701690673828125,1.789680027286522e-06
1950,579.5840454101562,169.51702880859375,30.195556640625,73.40835571289062,1.7212390957865864e-05
1950,597.93798828125,178.4194793701172,26.6533203125,62.493438720703125,1.8045057004201226e-05
1950,627.34228515625,183.55555725097656,13.15771484375,51.99285888671875,1.0747829946922138e-05
1950,587.100341796875,175.72146606445312,33.0406494140625,77.04904174804688,3.3988121685979422e-06
1950,0.0,195.74990844726562,14.568550109863281,52.697906494140625,5.553269602387445e-06
