30,0.0,161.00320434570312,15.351309776306152,60.969268798828125,1.727670678519644e-05
30,518.289306640625,158.574462890625,25.328125,59.012359619140625,1.277047431358369e-05
30,453.6514892578125,169.159423828125,21.89080810546875,51.744781494140625,0.002722295932471752
30,16.60386848449707,183.51727294921875,23.017614364624023,55.526123046875,0.00015574782446492463
30,450.2339782714844,154.65765380859375,36.87139892578125,81.2532958984375,5.381702976592351e-07
30,388.38916015625,106.61143493652344,142.4036865234375,290.13909912109375,2.049861450359458e-06
30,461.1241455078125,170.5767364501953,21.25531005859375,50.83380126953125,0.9313108921051025
30,469.3997802734375,167.23995971679688,22.41070556640625,53.5467529296875,1.0163724255107809e-05
30,513.7671508789062,166.99635314941406,21.6944580078125,51.297119140625,1.1355733477103058e-05
30,584.6170654296875,165.62075805664062,22.544677734375,53.524810791015625,2.6820336643140763e-05
30,591.8894653320312,167.54116821289062,22.809814453125,53.06201171875,5.656946541421348e-06
30,0.0,111.05570983886719,43.17870330810547,243.12477111816406,6.642964308412047e-06
30,0.0,134.55641174316406,64.81140899658203,288.9010009765625,1.514288942416897e-05
30,41.32956314086914,182.09542846679688,21.373580932617188,51.075927734375,0.9996960163116455
30,627.8372192382812,177.39132690429688,12.66278076171875,50.813201904296875,7.843073944968637e-06
30,0.0,179.43922424316406,17.698766708374023,58.434814453125,0.03717041015625
30,10.77649974822998,185.4361572265625,21.054832458496094,51.011749267578125,0.001094752922654152
30,26.421390533447266,184.87889099121094,21.158920288085938,50.906463623046875,0.00017945317085832357
30,33.948116302490234,170.85244750976562,34.49643325805664,78.13604736328125,3.0362755296664545e-06
30,53.644046783447266,181.96136474609375,22.532146453857422,54.25067138671875,1.4689579757032334e-06
30,0.0,164.7525177001953,22.726051330566406,90.24935913085938,3.70620509784203e-05
30,34.63648986816406,186.57228088378906,22.313560485839844,55.40008544921875,0.0032008353155106306
30,46.35074996948242,185.88014221191406,24.076595306396484,57.798919677734375,0.003652005922049284
30,0.0,201.98741149902344,14.726823806762695,51.455078125,2.0432980818441138e-05
60,494.87811279296875,153.67385864257812,22.370849609375,52.3333740234375,0.001945948344655335
60,503.9018249511719,152.85992431640625,23.154510498046875,55.820526123046875,3.981259396823589e-06
60,512.2716064453125,153.07510375976562,23.0823974609375,51.81256103515625,1.0253915206703823e-05
60,519.1268310546875,149.48928833007812,23.3834228515625,53.790802001953125,5.332324235496344e-06
60,486.8922424316406,153.94102478027344,23.55889892578125,56.16265869140625,0.9999880790710449
60,427.05615234375,95.22976684570312,131.84033203125,293.2319030761719,2.632132918733987e-06
60,485.3481750488281,143.83419799804688,33.453765869140625,79.00637817382812,4.065625034854747e-06
60,475.70257568359375,158.29791259765625,21.83526611328125,52.20135498046875,8.823007533464988e-07
60,626.7027587890625,157.7023162841797,13.7972412109375,52.935760498046875,0.0006047269562259316
60,618.7782592773438,143.21578979492188,21.72174072265625,90.42349243164062,1.3134646906109992e-05
60,593.0194702148438,98.72251892089844,47.48052978515625,233.0960235595703,3.4281754324183566e-06
60,600.492431640625,360.8324890136719,40.007568359375,119.66751098632812,5.549452453124104e-06
90,539.061279296875,147.2127227783203,27.1776123046875,64.81585693359375,0.5895186066627502
90,548.791748046875,150.49078369140625,25.9654541015625,62.407318115234375,3.6462814023252577e-05
90,557.1064453125,147.30007934570312,25.38623046875,57.88665771484375,1.8689850548980758e-05
90,530.44873046875,149.39239501953125,26.9810791015625,64.54074096679688,0.9999972581863403
90,472.2273254394531,120.79496765136719,125.81893920898438,267.0013427734375,3.805115738941822e-06
90,449.7156982421875,159.72265625,21.7294921875,51.5333251953125,3.590788764995523e-06
90,517.38525390625,129.23202514648438,44.08642578125,95.736572265625,7.226212233035767e-07
90,15.962356567382812,169.45632934570312,22.793476104736328,53.131378173828125,1.0934681085927878e-05
90,523.6181640625,154.5911865234375,25.316162109375,60.798431396484375,0.00010118106729350984
120,607.4111328125,99.9896469116211,33.0888671875,140.60183715820312,1.860852171375882e-05
120,440.3773193359375,149.7953643798828,20.41162109375,50.571868896484375,4.271530997357331e-06
120,624.2655029296875,143.65432739257812,16.2344970703125,56.621002197265625,3.186059257132001e-05
120,601.9889526367188,148.90667724609375,23.2449951171875,57.845367431640625,4.890018317382783e-06
120,600.9718627929688,141.80923461914062,36.0360107421875,86.98245239257812,0.9999991655349731
120,617.9447631835938,144.80624389648438,22.55523681640625,78.49005126953125,0.00022642401745542884
120,489.457275390625,162.5596923828125,21.547119140625,53.031951904296875,2.6464747406862443e-06
120,496.6582946777344,163.9303741455078,21.888153076171875,52.56011962890625,4.194025223114295e-06
120,576.2345581054688,153.9893341064453,28.07275390625,65.65133666992188,4.2346317059127614e-05
120,594.0758056640625,158.04501342773438,23.572021484375,55.663360595703125,1.716341284918599e-05
120,591.0834350585938,146.47198486328125,34.2752685546875,80.98358154296875,0.0048300218768417835
120,607.6053466796875,154.40060424804688,24.550048828125,57.69720458984375,0.0002060938422800973
120,583.4110107421875,156.35186767578125,30.287353515625,71.61288452148438,5.519536898646038e-06
120,624.4307250976562,167.37889099121094,16.06927490234375,59.1260986328125,9.697604400571436e-05
120,585.7618408203125,135.64578247070312,48.6434326171875,117.88775634765625,1.9968949345638976e-05
120,591.326904296875,112.8431396484375,49.173095703125,225.85345458984375,4.530480509856716e-06
150,460.19793701171875,162.9641876220703,21.33917236328125,51.2044677734375,1.0166611446038587e-06
150,471.6455078125,164.8603515625,20.90692138671875,50.862060546875,1.5793167449373868e-06
150,0.0,168.1681365966797,15.78654956817627,57.28399658203125,1.583328185006394e-06
150,385.6173095703125,100.1605224609375,151.3651123046875,288.41461181640625,2.8414274311217014e-06
150,521.429931640625,170.83216857910156,22.1064453125,52.62542724609375,1.5287585483747534e-05
150,555.30224609375,173.1304168701172,23.1043701171875,53.85736083984375,2.0128798041696427e-06
150,564.0296020507812,180.58297729492188,21.7904052734375,51.6229248046875,0.00028012922848574817
150,626.9888305664062,179.76589965820312,13.51116943359375,58.2734375,4.832706508750562e-06
150,465.63958740234375,170.6212158203125,23.089111328125,56.0823974609375,1.1937808039874653e-06
150,575.373291015625,182.19326782226562,23.358642578125,54.52593994140625,1.8696749975788407e-05
150,617.17919921875,199.77603149414062,23.32080078125,57.517852783203125,6.991705049586017e-06
150,627.8629760742188,201.20358276367188,12.63702392578125,50.65106201171875,6.230628787307069e-05
150,601.1873779296875,205.443359375,22.803955078125,55.778778076171875,7.077468126226449e-06
150,609.7178955078125,207.59640502929688,21.382568359375,51.76953125,4.6749973989790305e-06
180,433.5876770019531,171.59727478027344,20.7083740234375,50.74212646484375,1.2482292959248298e-06
180,502.8754577636719,174.6121063232422,22.241851806640625,54.9615478515625,7.285726314876229e-05
180,561.496826171875,171.11000061035156,22.2685546875,52.487060546875,3.3874189284688327e-06
180,570.149169921875,171.29095458984375,21.0726318359375,50.58514404296875,5.4590422223554924e-05
180,493.3434753417969,177.3425750732422,21.640167236328125,51.35516357421875,1.090025034500286e-05
180,576.5562133789062,175.09976196289062,24.311279296875,57.006134033203125,6.991509144427255e-05
180,606.7693481445312,176.59713745117188,22.1610107421875,53.374267578125,7.903811820142437e-06
180,3.0739612579345703,183.67626953125,21.696849822998047,51.23284912109375,2.8677262889686972e-05
180,419.5185546875,97.29545593261719,150.0262451171875,303.4814453125,7.805557288520504e-06
180,564.9661865234375,182.6239471435547,22.7685546875,53.90838623046875,0.00030917584081180394
180,570.1857299804688,163.8763427734375,42.7806396484375,101.0040283203125,6.6808488554670475e-06
180,599.5115966796875,181.24977111816406,22.19482421875,51.55938720703125,0.0029171507339924574
180,600.75341796875,171.55502319335938,31.7025146484375,75.20187377929688,1.351464288745774e-05
180,5.666484832763672,182.414794921875,28.29900360107422,68.53790283203125,1.3130989827914163e-05
180,569.7821044921875,182.3205108642578,26.87548828125,64.19100952148438,0.6084913611412048
180,580.5598754882812,178.21673583984375,29.33837890625,69.91653442382812,0.047999054193496704
180,590.3574829101562,180.1859588623047,27.9647216796875,66.80783081054688,0.061010897159576416
180,625.5698852539062,183.92384338378906,14.93011474609375,60.709503173828125,9.08473703020718e-06
180,0.0,194.54232788085938,14.770998001098633,52.2103271484375,4.4183129830344114e-06
180,498.6599426269531,184.28057861328125,21.398468017578125,51.1334228515625,0.00887204334139824
180,616.067138671875,165.6790313720703,24.432861328125,103.27485656738281,1.5813204299774952e-05
180,586.3807373046875,166.79086303710938,44.2415771484375,105.36880493164062,3.7987269934092183e-06
180,607.160400390625,195.52999877929688,23.1778564453125,55.54193115234375,2.0244772258593002e-06
180,591.1726684570312,118.41604614257812,49.32733154296875,230.73031616210938,1.028168662742246e-05
180,577.0863647460938,198.08428955078125,21.4222412109375,51.983612060546875,5.1174622058169916e-05
180,596.4462280273438,190.9962158203125,28.9959716796875,65.08163452148438,8.17923282738775e-05
180,602.7150268554688,158.0164337158203,37.78497314453125,132.77232360839844,5.740071173931938e-06
180,625.5008544921875,205.71762084960938,14.9991455078125,62.13201904296875,1.836796036513988e-05
180,600.0336303710938,359.4309997558594,40.46636962890625,121.06900024414062,3.416425670366152e-06
210,432.4498596191406,172.885498046875,21.22698974609375,51.277252197265625,0.0020983696449548006
210,536.8352661132812,185.55206298828125,22.6199951171875,53.7386474609375,0.9999983310699463
210,530.974853515625,171.17440795898438,34.2362060546875,78.39202880859375,3.170490344928112e-06
210,475.48065185546875,131.74267578125,129.98828125,285.3399658203125,1.4756294149265159e-05
210,0.0,191.54263305664062,15.417106628417969,55.695770263671875,4.590796379488893e-06
210,545.3291015625,188.49913024902344,21.557861328125,51.1046142578125,0.004759315401315689
210,592.5768432617188,194.65557861328125,21.99072265625,52.413116455078125,2.9676677513634786e-05
210,627.6290283203125,194.69992065429688,12.8709716796875,51.60333251953125,7.74099589762045e-06
210,600.0909423828125,360.8662109375,40.4090576171875,119.6337890625,3.3320247894153e-06
240,433.46490478515625,167.19747924804688,21.47369384765625,52.86065673828125,4.111230737180449e-06
240,0.0,173.60618591308594,16.23857307434082,61.220001220703125,1.6089114069473e-05
240,427.275390625,173.29624938964844,21.55511474609375,52.329345703125,1.040849838318536e-05
240,439.6836853027344,174.3357696533203,21.9642333984375,52.60089111328125,0.9996577501296997
240,457.0870666503906,165.50830078125,33.56256103515625,78.98898315429688,6.8786439442192204e-06
240,595.0792846679688,178.29678344726562,21.333740234375,53.10076904296875,7.69131645483867e-07
240,627.033203125,177.55934143066406,13.466796875,51.602203369140625,6.335209491226124e-06
240,327.9490051269531,174.54380798339844,27.94403076171875,67.32412719726562,1.948503813764546e-05
240,244.61265563964844,85.57197570800781,156.6464385986328,305.8603515625,1.4749293768545613e-06
240,432.5947570800781,161.74363708496094,35.1756591796875,79.98291015625,5.259080353425816e-05
240,426.3881530761719,140.64398193359375,49.0709228515625,114.12744140625,2.6724355848273262e-06
240,378.225341796875,109.33024597167969,133.3037109375,290.04595947265625,1.3322614904609509e-05
240,449.0876770019531,176.36813354492188,21.66455078125,52.04010009765625,0.004107855260372162
240,462.2577819824219,177.98272705078125,21.69268798828125,51.94415283203125,0.9985502362251282
240,606.2695922851562,181.8509521484375,24.347412109375,56.596343994140625,2.310075615241658e-05
240,469.9681091308594,182.5250701904297,21.2998046875,51.0296630859375,9.28504450712353e-05
240,588.2588500976562,184.25701904296875,26.380859375,64.69375610351562,1.055206848832313e-05
240,541.2586669921875,149.03778076171875,99.2413330078125,286.60205078125,4.926717338094022e-06
240,0.0,196.57418823242188,18.0247802734375,51.19122314453125,0.06290990114212036
240,0.0,117.83950805664062,40.154964447021484,244.22048950195312,1.1624878425209317e-05
240,0.0,134.15841674804688,61.09620666503906,296.7152099609375,9.441097972739954e-06
240,596.1373901367188,180.32070922851562,30.768798828125,73.8817138671875,0.9999980926513672
240,610.0762939453125,185.21649169921875,28.6126708984375,68.3896484375,0.012666183523833752
240,624.1472778320312,190.13397216796875,16.35272216796875,61.263824462890625,0.0002108575135935098
240,0.0,182.6842041015625,23.81360626220703,79.22802734375,6.594829756068066e-05
240,4.635952949523926,196.8175506591797,21.52295684814453,52.85687255859375,0.00010893835860770196
240,583.6649169921875,163.29238891601562,48.73046875,114.97091674804688,5.0240932978340425e-06
240,626.949462890625,212.22329711914062,13.550537109375,51.633697509765625,3.1508857318840455e-06
240,609.6763305664062,411.4867858886719,30.82366943359375,69.01321411132812,4.080447524756892e-06
240,598.85595703125,364.796875,41.64404296875,115.703125,5.742014764109626e-06
270,325.3648681640625,172.20880126953125,21.20367431640625,50.65716552734375,9.812683856580406e-06
270,335.68609619140625,173.35794067382812,21.307373046875,51.14215087890625,0.004166681319475174
270,343.178466796875,171.88763427734375,21.50921630859375,52.520751953125,1.5350651665357873e-06
270,377.5921630859375,173.17034912109375,21.22821044921875,50.724456787109375,0.00013450105325318873
270,384.19512939453125,172.12655639648438,21.71246337890625,51.9661865234375,1.2687393791566137e-05
270,368.15826416015625,170.14471435546875,27.13189697265625,65.17962646484375,6.634898454649374e-06
270,459.93670654296875,170.74099731445312,21.93646240234375,52.79949951171875,7.013592403382063e-05
270,469.80316162109375,163.51548767089844,27.53363037109375,65.9365234375,0.9999850988388062
270,415.4239196777344,140.350830078125,126.95120239257812,284.8135986328125,9.14717293198919e-06
270,478.3971252441406,168.3666534423828,24.7105712890625,56.813232421875,0.0011470257304608822
270,627.5,174.5330810546875,13.0,52.14361572265625,1.1583203558984678e-05
270,39.067901611328125,179.98577880859375,21.1898193359375,50.993255615234375,0.04972401633858681
270,486.46673583984375,173.0345458984375,24.9378662109375,59.50238037109375,0.023139405995607376
270,479.324462890625,159.85504150390625,35.5277099609375,82.87673950195312,1.0194048627454322e-05
270,494.9437255859375,179.08665466308594,21.8284912109375,52.08587646484375,0.004070276394486427
270,461.6392517089844,147.31517028808594,42.5614013671875,102.19619750976562,8.345218702743296e-06
270,466.03363037109375,181.5447235107422,22.54327392578125,54.8221435546875,1.7934030438482296e-06
270,626.6655883789062,192.5286407470703,13.83441162109375,56.66015625,0.0002810414880514145
270,618.9116821289062,172.5179443359375,21.58831787109375,93.66046142578125,8.790590072749183e-06
270,591.9036254882812,106.02515411376953,48.59637451171875,246.63607788085938,5.500226507137995e-06
270,626.3836669921875,213.50424194335938,14.1163330078125,53.0362548828125,3.2674909107299754e-06
300,534.8019409179688,147.61325073242188,41.006591796875,98.27883911132812,0.9999992847442627
300,583.6414794921875,186.3276824951172,22.7930908203125,55.16473388671875,0.8373115062713623
300,347.1744384765625,167.9443817138672,22.55584716796875,53.954498291015625,0.9851722717285156
300,566.065673828125,176.40350341796875,27.2410888671875,65.44427490234375,0.05378138646483421
300,575.7899169921875,176.3345489501953,26.2191162109375,62.285888671875,0.04785093292593956
300,555.46630859375,158.10533142089844,33.9783935546875,84.53030395507812,0.14172571897506714
300,566.6402587890625,145.6783447265625,41.1285400390625,99.09194946289062,0.040685802698135376
300,589.728759765625,182.4724578857422,23.3023681640625,54.212066650390625,0.0007864070939831436
300,561.058837890625,185.74139404296875,24.0093994140625,58.29248046875,0.0005780534702353179
300,544.3448486328125,148.8997802734375,49.1905517578125,119.10003662109375,0.000345799169735983
300,487.8153381347656,170.6687774658203,20.8369140625,50.540740966796875,0.0004458503390196711
300,527.470947265625,157.16847229003906,34.0384521484375,79.583251953125,0.00011129380436614156
300,548.074951171875,163.3541717529297,29.4322509765625,70.1707763671875,2.798103741952218e-05
300,355.7709655761719,166.05853271484375,24.33099365234375,58.065185546875,8.312890713568777e-06
300,616.2763061523438,164.78189086914062,21.5303955078125,51.11712646484375,0.00016439960745628923
300,432.3639831542969,171.9593048095703,21.36395263671875,51.382568359375,2.506059900042601e-05
300,522.2418823242188,166.83506774902344,20.7757568359375,52.102935791015625,5.7135752285830677e-05
300,544.4833374023438,164.48155212402344,22.7083740234375,54.301727294921875,1.24738551221526e-06
300,343.22100830078125,153.99417114257812,32.64898681640625,78.71014404296875,0.00011835221812361851
300,625.605712890625,168.35987854003906,14.894287109375,54.17791748046875,5.9912428696407005e-05
300,378.6025390625,167.73989868164062,21.555908203125,51.46148681640625,0.0009774296777322888
300,610.2789306640625,159.7218475341797,21.6776123046875,51.2269287109375,1.1933498171856627e-05
300,419.67816162109375,170.936279296875,21.50201416015625,50.72265625,1.9149736090184888e-06
300,538.8405151367188,169.7933349609375,21.932861328125,52.8905029296875,5.271498139336472e-06
300,391.90362548828125,168.5648651123047,27.09942626953125,64.43923950195312,3.1160583603195846e-05
300,582.1715698242188,166.15965270996094,25.0921630859375,59.629669189453125,6.917681275808718e-06
300,339.7892761230469,165.2432403564453,21.5118408203125,50.782623291015625,1.2452826013031881e-05
300,515.2098388671875,124.31072998046875,78.167236328125,183.20901489257812,5.876651812286582e-06
300,578.6942138671875,162.0128936767578,37.7625732421875,89.6187744140625,0.4532470107078552
300,541.8850708007812,178.2700653076172,27.235107421875,66.78302001953125,7.748986377009714e-07
300,422.4151916503906,169.83615112304688,27.29901123046875,64.21951293945312,8.76080412126612e-06
300,370.02783203125,167.7833251953125,22.58331298828125,54.191650390625,7.502722496610659e-07
300,518.9050903320312,153.7698516845703,30.7862548828125,74.84368896484375,8.546654498786665e-06
300,524.8493041992188,108.86585998535156,115.65069580078125,294.40399169921875,1.1966730198764708e-05
300,590.98876953125,165.9250946044922,22.5511474609375,52.005279541015625,3.956497494073119e-06
300,570.1004028320312,164.21896362304688,20.4541015625,50.68157958984375,7.533656571467873e-06
300,616.5113525390625,177.4326629638672,23.9886474609375,56.453216552734375,1.1343512596795335e-05
300,602.532958984375,164.4443359375,21.560791015625,52.548095703125,3.465146801318042e-05
300,543.194580078125,118.69853973388672,80.41015625,196.19134521484375,7.963712960190605e-06
300,383.6991271972656,166.0994415283203,26.4993896484375,62.93182373046875,1.171385247289436e-05
300,312.0712890625,74.59445190429688,147.79595947265625,313.7630310058594,1.8016727381109376e-06
300,407.56414794921875,170.34963989257812,21.5494384765625,50.71783447265625,1.0451649359310977e-06
300,626.0634765625,188.05140686035156,14.4365234375,59.158538818359375,1.4812480003456585e-05
300,439.5589599609375,170.4495391845703,21.47998046875,50.569671630859375,3.895016561727971e-06
300,493.4881896972656,140.3173828125,110.47116088867188,263.5264892578125,2.971699132103822e-06
330,328.7153015136719,167.6188201904297,21.04302978515625,50.58544921875,2.334086047994788e-06
330,387.322021484375,157.7349395751953,33.09783935546875,77.99887084960938,5.5671360314590856e-05
330,399.8048400878906,169.3580780029297,21.3782958984375,51.199554443359375,5.597506242338568e-05
330,424.43609619140625,167.54672241210938,23.98052978515625,55.513671875,5.1645412895595655e-05
330,435.29412841796875,171.74942016601562,21.18670654296875,50.788848876953125,0.007015175651758909
330,440.9765625,173.2096710205078,22.53973388671875,53.453216552734375,0.033529043197631836
330,448.8763122558594,173.07498168945312,21.27777099609375,50.53179931640625,0.003869798965752125
330,0.0,170.5125732421875,12.981528282165527,52.44439697265625,3.857794126815861e-06
330,392.6279296875,172.91978454589844,22.4542236328125,53.945068359375,0.006976955104619265
330,408.3809509277344,172.18017578125,22.21026611328125,52.713165283203125,8.696528675500304e-05
330,415.5549011230469,170.81561279296875,24.320556640625,56.477294921875,0.00015391773195005953
330,432.9615478515625,156.0110321044922,36.51953125,83.043212890625,6.552990612362919e-07
330,482.68316650390625,174.29347229003906,22.49652099609375,53.14739990234375,2.9680154511879664e-07
330,563.729736328125,176.75022888183594,21.7237548828125,51.80694580078125,7.475092843378661e-06
330,363.90911865234375,98.1571044921875,142.88409423828125,297.21282958984375,4.136806637689006e-06
330,452.27789306640625,174.68331909179688,27.7408447265625,64.02011108398438,1.9142448763886932e-06
330,489.8077392578125,179.38111877441406,21.991455078125,52.255584716796875,1.717782288324088e-05
330,575.6780395507812,180.99212646484375,21.00048828125,51.051971435546875,8.54217341839103e-06
330,626.979736328125,179.4917449951172,13.520263671875,54.281982421875,3.0449336918536574e-05
330,628.2652587890625,195.2389678955078,12.2347412109375,57.685791015625,5.474620138556929e-06
360,2.02333927154541,170.28233337402344,21.64734649658203,52.56439208984375,0.0003496273420751095
360,0.0,102.65325927734375,63.83332443237305,307.4632263183594,3.987673608207842e-06
360,3.96871280670166,172.50221252441406,28.121994018554688,66.86575317382812,4.125860141357407e-05
360,534.685546875,188.90013122558594,23.4344482421875,55.510162353515625,2.985075843753293e-05
360,561.6237182617188,183.7168731689453,22.692626953125,53.134674072265625,8.530467312084511e-05
360,0.0,181.6162567138672,16.680877685546875,51.865570068359375,3.805724190897308e-05
360,520.2706909179688,191.21023559570312,26.7574462890625,64.16339111328125,2.51307960752456e-06
360,529.7459106445312,196.94944763183594,21.906494140625,51.165679931640625,0.002210581675171852
360,568.069091796875,193.00115966796875,21.10791015625,50.60809326171875,2.0420065993675962e-05
360,602.8612670898438,190.5885772705078,21.002685546875,50.771148681640625,1.90452210517833e-05
360,607.5730590820312,194.87628173828125,22.9200439453125,54.506378173828125,2.0014154870295897e-05
360,615.800537109375,195.27566528320312,21.43798828125,51.21783447265625,9.65142680797726e-06
360,626.991943359375,195.10617065429688,13.508056640625,51.536529541015625,1.2667047485592775e-05
390,0.0,83.07390594482422,46.06999969482422,238.38641357421875,5.31918976776069e-06
390,450.7366638183594,166.5143585205078,21.374267578125,51.04443359375,2.8091810690966668e-06
390,457.3564758300781,173.07125854492188,20.69232177734375,50.54498291015625,1.1206451745238155e-05
390,0.0,153.0342254638672,22.90058135986328,85.39193725585938,2.3405333195114508e-05
390,0.0,102.60736083984375,66.6334457397461,298.505859375,6.809907517890679e-06
390,6.611237525939941,169.21859741210938,27.80803680419922,64.1082763671875,1.4810517313890159e-05
390,16.237533569335938,169.408447265625,27.169723510742188,65.45120239257812,5.429170050774701e-05
390,5.027170181274414,128.99716186523438,55.71270751953125,121.40621948242188,1.0535944738876424e-06
390,29.91787338256836,169.0765838623047,27.205551147460938,64.4365234375,0.0010585901327431202
390,479.76837158203125,173.37680053710938,21.62884521484375,50.670440673828125,1.384275674354285e-05
390,609.99609375,175.65809631347656,24.6822509765625,58.464385986328125,1.1286159860901535e-05
390,0.0,172.9186553955078,17.953125,50.90606689453125,0.15112130343914032
390,27.221431732177734,174.51824951171875,21.365432739257812,50.671234130859375,0.7159013152122498
390,626.787109375,181.82264709472656,13.712890625,52.465118408203125,1.918043017212767e-05
390,40.018314361572266,179.8273468017578,21.079208374023438,50.863616943359375,1.8289096260559745e-05
390,615.9153442382812,190.80186462402344,21.97412109375,52.250274658203125,0.0006758628296665847
390,610.4342651367188,201.06495666503906,21.88916015625,51.553375244140625,0.002343747764825821
390,625.3953857421875,199.65487670898438,15.1046142578125,55.670440673828125,0.00026707889628596604
390,614.3162841796875,169.909912109375,26.1837158203125,123.5106201171875,1.6052514183684252e-05
390,603.222900390625,206.18914794921875,24.1904296875,56.71728515625,1.267692005058052e-05
390,614.6646118164062,201.7795867919922,25.83538818359375,61.70713806152344,0.00039256797754205763
390,603.023681640625,195.11273193359375,35.5408935546875,86.66281127929688,2.1110910893185064e-05
390,589.3129272460938,138.45367431640625,51.18707275390625,232.68392944335938,3.8053262869652826e-06
390,608.7872924804688,215.705078125,24.336669921875,57.01019287109375,5.375313776312396e-05
390,626.458251953125,222.4430694580078,14.041748046875,52.75459289550781,2.358053097850643e-05
420,0.0,136.922607421875,14.354276657104492,55.442626953125,2.708967485887115e-06
420,498.2139587402344,166.10855102539062,20.879608154296875,50.602569580078125,6.613812001887709e-05
420,415.7975769042969,82.95928955078125,152.51321411132812,299.867919921875,6.4635123635525815e-06
420,502.7813720703125,173.74539184570312,21.6181640625,51.617340087890625,0.00015521736349910498
420,520.8460083007812,176.24148559570312,22.3087158203125,51.33685302734375,7.290140274562873e-06
450,627.2886352539062,91.97447204589844,13.21136474609375,51.49937438964844,2.689230313990265e-05
450,616.194091796875,74.65206909179688,24.305908203125,110.4642333984375,2.6488218281883746e-05
450,624.6332397460938,103.61965942382812,15.86676025390625,65.22000122070312,2.224272429884877e-05
450,545.5198364257812,3.2459716796875,94.98016357421875,298.76959228515625,8.684306180839485e-07
450,626.2942504882812,131.4366912841797,14.20574951171875,56.065582275390625,2.193452928622719e-05
450,619.3549194335938,118.265380859375,21.14508056640625,85.8670654296875,3.984187060268596e-05
450,606.5493774414062,85.48960876464844,33.95062255859375,139.10504150390625,0.0001511540322098881
450,590.2447509765625,49.598968505859375,50.2552490234375,230.76849365234375,3.774204378714785e-05
450,0.0,137.9145050048828,15.315666198730469,58.346893310546875,2.041234893113142e-06
450,608.63232421875,142.87078857421875,23.0799560546875,55.999755859375,4.451176937436685e-05
450,74.98681640625,151.5414276123047,21.28668212890625,51.0184326171875,2.124614911735989e-05
450,497.6707763671875,150.91746520996094,22.28741455078125,53.6346435546875,2.6747584342956543e-06
450,527.9661865234375,154.40028381347656,21.321533203125,50.59564208984375,0.00027327053248882294
450,535.09765625,153.36273193359375,21.7103271484375,52.0157470703125,1.2735306427202886e-06
450,612.8507690429688,139.72119140625,27.64923095703125,81.54754638671875,0.0006140106124803424
450,623.6881103515625,147.84954833984375,16.8118896484375,60.652374267578125,0.00031005751225166023
450,577.7852783203125,92.72201538085938,62.7147216796875,287.7347717285156,9.211787073581945e-06
450,0.0,158.4730224609375,16.032018661499023,58.583953857421875,1.1722579984052572e-05
450,595.2642822265625,154.70579528808594,26.8927001953125,63.16375732421875,1.9326137135067256e-06
450,595.4194946289062,127.39366149902344,45.08050537109375,116.29861450195312,1.8489065041649155e-05
450,604.9979858398438,153.14236450195312,28.4425048828125,66.73977661132812,0.0027495042886584997
450,0.0,177.70106506347656,14.038688659667969,50.575225830078125,1.0071924407384358e-05
450,0.0,176.4698486328125,24.915626525878906,56.979827880859375,3.403791197342798e-06
450,624.552734375,169.03915405273438,15.947265625,57.990203857421875,0.00012119411258026958
450,608.382080078125,173.75057983398438,22.6197509765625,55.4034423828125,2.9525970148824854e-06
480,58.448760986328125,155.97149658203125,20.866195678710938,51.308929443359375,2.295038939337246e-06
480,563.3583984375,150.89308166503906,21.984130859375,51.99310302734375,4.215622539049946e-06
480,545.1301879882812,153.01434326171875,22.3905029296875,52.50531005859375,4.903356602881104e-05
480,572.6380004882812,149.111083984375,28.53173828125,67.28182983398438,8.189164873328991e-06
480,553.1358032226562,157.17843627929688,22.63037109375,54.992828369140625,4.013088528154185e-06
480,569.6873168945312,157.727783203125,21.8363037109375,50.849945068359375,0.009015345014631748
480,627.6849975585938,168.99974060058594,12.81500244140625,51.0562744140625,4.361602350400062e-06
480,601.3641357421875,357.2574157714844,39.1358642578125,123.24258422851562,3.71963756151672e-06
510,600.4520263671875,132.74942016601562,21.834228515625,51.257232666015625,8.017619620659389e-06
510,619.6887817382812,110.11004638671875,20.81121826171875,95.39303588867188,2.683821321625146e-06
510,593.59521484375,137.7088623046875,22.9072265625,52.41119384765625,7.304636710614432e-06
510,627.2992553710938,137.9001007080078,13.20074462890625,50.630279541015625,0.00016920152120292187
510,0.0,151.51190185546875,12.391006469726562,50.597869873046875,5.65690754683601e-07
510,610.7740478515625,142.60476684570312,20.8564453125,51.298553466796875,3.1809327083465178e-06
510,618.0302734375,142.73123168945312,21.10595703125,51.37103271484375,5.5256001360248774e-05
510,624.113037109375,140.0396270751953,16.386962890625,75.70724487304688,5.253110430203378e-06
510,0.0,166.63511657714844,14.650251388549805,55.70404052734375,3.7645993870683014e-05
510,0.0,143.49252319335938,20.627246856689453,97.55535888671875,2.2239362351683667e-06
510,95.97102355957031,171.42735290527344,22.510589599609375,53.12591552734375,4.665959750127513e-06
510,128.14028930664062,169.88507080078125,21.443572998046875,50.56439208984375,3.5008579288842157e-06
510,113.43196868896484,174.2428741455078,22.89019012451172,53.980072021484375,3.50884988620237e-06
510,121.80712127685547,173.91268920898438,22.340736389160156,52.646392822265625,9.994859283324331e-06
510,0.0,187.249267578125,14.66004753112793,55.951812744140625,4.709722816187423e-06
510,609.9165649414062,400.51422119140625,30.58343505859375,79.98577880859375,4.616739715856966e-06
510,600.0866088867188,358.5351257324219,40.41339111328125,121.96487426757812,8.358121704077348e-06
540,627.6488037109375,142.72833251953125,12.8511962890625,51.232177734375,1.3770955774816684e-05
540,614.8297729492188,116.04788208007812,25.67022705078125,124.66946411132812,3.8502262214024086e-06
540,626.4085083007812,161.84927368164062,14.09149169921875,51.945068359375,0.0004170230822637677
540,602.41748046875,171.37551879882812,20.928466796875,51.273468017578125,7.29080056771636e-06
540,610.2922973632812,169.97164916992188,21.7628173828125,53.200225830078125,3.3221858757315204e-05
540,618.0704345703125,167.47488403320312,22.4295654296875,53.969329833984375,9.122784103965387e-05
540,9.213339805603027,184.06118774414062,22.388145446777344,54.583587646484375,4.584680937114172e-05
540,111.02080535888672,179.03793334960938,22.693763732910156,54.215911865234375,1.2043158221786143e-06
540,177.07766723632812,177.67160034179688,21.3685302734375,51.02496337890625,1.9529907149262726e-05
540,183.472900390625,176.12576293945312,22.42779541015625,52.654571533203125,1.6010419585654745e-06
540,0.0,187.45687866210938,15.603102684020996,54.720611572265625,2.8509428375400603e-05
540,97.5377426147461,182.61148071289062,21.596527099609375,51.52423095703125,6.762004431948299e-06
540,104.44549560546875,185.6907958984375,22.911270141601562,55.40277099609375,2.5574356641300255e-06
540,627.0322265625,181.88052368164062,13.4677734375,52.63214111328125,2.4814458811306395e-05
540,0.0,111.20057678222656,60.01441192626953,306.89764404296875,6.284017217694782e-07
540,2.7251510620117188,196.06787109375,20.790441513061523,50.511322021484375,5.7761815696721897e-05
540,610.7755737304688,404.1982116699219,29.72442626953125,76.30178833007812,4.584137968777213e-06
540,599.9580688476562,363.2575988769531,40.54193115234375,117.24240112304688,7.9692508734297e-06
540,580.781005859375,321.4339599609375,59.718994140625,159.0660400390625,4.819727564608911e-06
570,626.9299926757812,124.24797058105469,13.57000732421875,52.763763427734375,1.5328298559325049e-06
570,627.2837524414062,142.71090698242188,13.21624755859375,53.32940673828125,2.8546892281156033e-05
570,616.4773559570312,148.08676147460938,24.02264404296875,57.227325439453125,1.636496563151013e-05
570,504.6811218261719,174.2028350830078,21.533782958984375,51.26495361328125,1.1861268831125926e-05
570,87.93375396728516,178.99493408203125,22.83209228515625,53.699737548828125,2.273103234529117e-07
570,25.473419189453125,185.37863159179688,21.20111846923828,51.210662841796875,8.72708096721908e-06
570,31.007579803466797,183.8064727783203,24.766387939453125,57.5736083984375,7.954596185300034e-06
570,56.94239807128906,184.31703186035156,21.817291259765625,51.940185546875,1.1072662346123252e-05
570,65.7471923828125,184.8466796875,21.4140625,51.034942626953125,3.008805606441456e-06
570,73.51536560058594,184.07064819335938,20.627853393554688,50.65728759765625,1.9765127944992855e-05
570,79.96885681152344,180.27548217773438,23.710418701171875,56.4697265625,2.1412549813248916e-06
570,610.6842041015625,409.7901916503906,29.8157958984375,70.70980834960938,4.374040599941509e-06
570,598.3163452148438,366.7226867675781,42.18365478515625,113.77731323242188,3.102367372775916e-06
570,576.4229736328125,330.5550231933594,64.0770263671875,149.94497680664062,2.7083501663582865e-06
600,626.5921020507812,142.7257537841797,13.90789794921875,56.618316650390625,6.45032241664012e-06
600,613.7694702148438,123.81169128417969,26.73052978515625,121.82266235351562,2.4356200810871087e-05
600,610.678466796875,156.88758850097656,26.287841796875,60.08465576171875,1.4498360542347655e-05
600,623.2455444335938,155.13722229003906,17.25445556640625,65.600830078125,0.0003153779834974557
600,522.4497680664062,167.3001251220703,22.3697509765625,53.225067138671875,7.635358997504227e-06
600,528.6525268554688,172.52584838867188,22.0274658203125,50.703704833984375,9.457961277803406e-05
600,545.1551513671875,171.95156860351562,23.0224609375,53.775970458984375,7.403014933515806e-06
600,559.6270141601562,172.23605346679688,22.50244140625,52.4569091796875,1.0219511750619859e-05
600,585.6417846679688,172.7451629638672,23.7857666015625,56.058685302734375,5.8937921494361944e-06
600,562.7215576171875,125.74446105957031,77.7784423828125,279.64501953125,2.7594142011366785e-06
600,591.739501953125,126.97256469726562,48.760498046875,215.39590454101562,4.4239204726181924e-06
600,231.76846313476562,176.31053161621094,24.691741943359375,56.04608154296875,4.2187757571809925e-06
600,240.07029724121094,174.80502319335938,21.453231811523438,51.4259033203125,5.231941941019613e-06
600,535.5219116210938,173.4793243408203,23.3729248046875,54.391571044921875,2.0332501662778668e-05
600,551.717529296875,174.98947143554688,23.590087890625,55.15997314453125,2.689758548513055e-05
600,567.7333374023438,175.12564086914062,23.6513671875,56.701507568359375,6.861105248390231e-07
600,577.6670532226562,176.00039672851562,20.494140625,50.68585205078125,8.336676728504244e-06
600,601.3802490234375,176.3939208984375,20.9112548828125,51.038787841796875,3.0490098652080633e-05
600,616.3858032226562,169.22372436523438,24.11419677734375,63.0950927734375,0.0061912997625768185
600,225.06272888183594,182.03042602539062,23.6951904296875,55.971527099609375,1.5900193375273375e-06
600,592.2997436523438,179.2032470703125,24.972900390625,59.0120849609375,2.3340602638199925e-05
600,598.2037963867188,174.5455780029297,30.71337890625,71.75979614257812,3.077348446822725e-05
600,14.9104585647583,192.6604766845703,24.694950103759766,59.141815185546875,5.239202437223867e-06
600,56.051910400390625,192.2534637451172,22.36676025390625,52.02410888671875,9.149336619884707e-06
600,606.9230346679688,174.02227783203125,32.5445556640625,79.13699340820312,4.24164354626555e-05
600,624.8648071289062,182.70391845703125,15.63519287109375,59.3863525390625,2.5428109438507818e-05
600,7.439995765686035,200.391357421875,25.565582275390625,57.560546875,4.409944267536048e-06
630,593.3333740234375,177.20895385742188,22.697509765625,54.729949951171875,1.861421696958132e-05
630,600.96875,177.56661987304688,25.39794921875,60.585174560546875,0.0007829697569832206
630,594.4578247070312,160.25160217285156,46.04217529296875,112.82746887207031,3.7978345062583685e-05
630,610.31298828125,174.3505859375,29.5882568359375,67.88595581054688,1.039282597048441e-05
630,584.9675903320312,180.0465087890625,24.6461181640625,58.949859619140625,1.1489939424791373e-05
630,590.7579956054688,171.24005126953125,34.4415283203125,84.39633178710938,8.030764001887292e-05
630,625.2079467773438,181.509033203125,15.29205322265625,55.36639404296875,1.2767661246471107e-05
630,0.0,185.53274536132812,16.513341903686523,57.035797119140625,4.310623262426816e-05
630,7.696295738220215,186.0123291015625,22.41912078857422,54.397003173828125,9.30659552977886e-06
630,16.53302001953125,186.9488525390625,22.16089630126953,52.095458984375,1.3335836229089182e-05
630,596.1883544921875,191.70364379882812,22.72412109375,55.29541015625,0.0021681715734302998
630,605.2131958007812,189.3491668701172,26.519775390625,63.078643798828125,0.5433599948883057
630,543.6207275390625,151.16439819335938,96.8792724609375,276.0496826171875,4.88417390442919e-06
630,624.1060791015625,198.27239990234375,16.3939208984375,56.36529541015625,0.0005346979014575481
630,613.0341186523438,198.0067138671875,24.781005859375,57.8502197265625,0.08605408668518066
630,602.8064575195312,204.86865234375,21.256103515625,51.9727783203125,0.0010963546810671687
630,598.8494262695312,368.09417724609375,41.65057373046875,112.40582275390625,5.8473301578487735e-06
660,628.1981811523438,32.09746551513672,12.30181884765625,56.87504577636719,4.177012669970281e-06
660,121.07704162597656,179.85711669921875,21.42523193359375,50.8975830078125,7.417328743031248e-05
660,127.08267974853516,182.34288024902344,22.71837615966797,53.532562255859375,1.1949164218094666e-06
660,115.1948471069336,184.08807373046875,29.542259216308594,68.8935546875,3.9070741877367254e-06
660,609.76318359375,408.528564453125,30.73681640625,71.971435546875,5.629005954688182e-06
660,597.7864379882812,367.1220703125,42.71356201171875,113.3779296875,6.272656264627585e-06
660,576.7546997070312,326.14923095703125,63.74530029296875,154.35076904296875,6.802300049457699e-06
690,627.6792602539062,134.96575927734375,12.82073974609375,51.351715087890625,6.396262506314088e-06
690,617.2864379882812,143.40310668945312,21.2359619140625,51.154296875,2.026175570790656e-05
690,626.2628784179688,155.0838165283203,14.23712158203125,50.519775390625,0.0009281327947974205
690,0.0,162.3373260498047,15.934150695800781,57.159881591796875,3.856341209029779e-06
690,617.7490234375,163.7308807373047,22.7183837890625,53.01513671875,2.5377610199939227e-06
690,1.0637998580932617,179.0974578857422,23.009925842285156,55.051971435546875,2.6499637897359207e-05
690,627.5684204101562,173.71905517578125,12.93157958984375,50.773712158203125,4.554992756311549e-06
690,0.0,185.2360382080078,14.703235626220703,51.2041015625,1.2208244697831105e-05
690,9.11645793914795,183.54669189453125,23.572059631347656,55.81951904296875,9.827374015003443e-05
690,15.036377906799316,191.41586303710938,23.15357208251953,54.615081787109375,0.00011319961049593985
690,610.6056518554688,406.8897399902344,29.89434814453125,73.61026000976562,4.099583293282194e-06
690,598.6051635742188,361.8939208984375,41.89483642578125,118.6060791015625,3.3925819025171222e-06
720,595.4031982421875,0.0,45.0968017578125,123.53736877441406,1.7889788068714552e-06
720,0.0,176.85430908203125,14.273573875427246,56.52484130859375,3.214309981558472e-05
720,0.0,152.67782592773438,21.14714813232422,102.90359497070312,6.106333785282914e-06
720,17.701007843017578,182.46603393554688,21.246597290039062,50.806121826171875,3.393093265913194e-06
720,487.270751953125,178.51016235351562,23.227783203125,54.357513427734375,5.558780230785487e-06
720,576.7910766601562,175.80657958984375,23.0108642578125,54.397308349609375,7.880285556893796e-05
720,24.750381469726562,184.45094299316406,21.525291442871094,52.012786865234375,2.6219410642625007e-07
720,46.259544372558594,128.86456298828125,137.42449951171875,281.96533203125,7.230768801491649e-07
720,118.36152648925781,178.52662658691406,26.523773193359375,63.90167236328125,4.503789386944845e-05
720,465.6578369140625,180.80715942382812,21.216552734375,51.27508544921875,0.000158230890519917
720,472.25799560546875,180.5753173828125,22.1651611328125,53.31781005859375,3.767911039176397e-05
720,479.5708923339844,181.8348388671875,23.26953125,54.54718017578125,1.749217881297227e-05
720,105.3243408203125,183.51275634765625,28.030288696289062,63.211395263671875,1.117266606343037e-06
720,114.92530822753906,186.8866729736328,21.57623291015625,50.90069580078125,0.14752215147018433
750,626.2130737304688,165.28927612304688,14.28692626953125,51.5411376953125,0.0015601045452058315
750,590.35205078125,91.2314453125,50.14794921875,242.38204956054688,1.2167760132797412e-06
750,29.143966674804688,151.93746948242188,45.60913848876953,101.08456420898438,5.703308829652087e-07
750,496.8504333496094,177.884521484375,21.523162841796875,50.816436767578125,0.9999752044677734
750,609.7797241210938,168.56076049804688,22.8809814453125,53.48797607421875,0.0007725309114903212
750,37.35173034667969,179.35020446777344,22.641632080078125,52.466217041015625,0.0004409736720845103
750,0.0,147.2170867919922,110.39176177978516,276.38787841796875,4.782722044183174e-06
750,488.8565673828125,162.33358764648438,36.169677734375,82.52706909179688,2.660237669260823e-06
750,432.3905334472656,112.42562866210938,133.19149780273438,287.49822998046875,1.0904117516474798e-05
750,602.9680786132812,173.91354370117188,24.047607421875,55.964691162109375,3.075726272072643e-05
750,617.4287719726562,172.20782470703125,21.7216796875,51.840057373046875,0.0002513242943678051
750,619.013916015625,151.50350952148438,21.486083984375,93.23779296875,1.3754853171121795e-05
750,42.48957824707031,177.8202362060547,26.53913116455078,62.712890625,0.9999985694885254
750,51.51856231689453,178.90481567382812,24.63520050048828,58.429840087890625,0.0009719362133182585
750,69.60017395019531,179.2749786376953,24.078277587890625,54.4095458984375,0.000245115312281996
750,624.9203491210938,177.8274383544922,15.57965087890625,63.002197265625,2.886358561227098e-05
750,503.4883728027344,179.96124267578125,21.892913818359375,52.132904052734375,4.435047685547033e-06
750,583.9884033203125,199.00839233398438,23.6221923828125,55.2022705078125,6.421345915441634e-06
750,592.8411865234375,199.9136199951172,21.1727294921875,50.7271728515625,5.2886469347868115e-05
780,595.5809936523438,0.0,44.91900634765625,127.05482482910156,1.858705900303903e-06
780,482.47967529296875,147.4679412841797,22.05328369140625,52.9425048828125,1.3117969501763582e-06
780,504.2892150878906,153.03375244140625,26.466094970703125,63.173309326171875,3.3048463592422195e-06
780,0.0,139.5185089111328,22.09838104248047,99.75778198242188,3.5828904856316512e-06
780,532.884765625,161.08056640625,23.528564453125,56.702728271484375,0.0005256063886918128
780,521.3402099609375,132.1607666015625,48.4735107421875,98.64724731445312,2.1343038270060788e-07
780,477.7398681640625,102.85189819335938,131.71533203125,287.74822998046875,7.649819963262416e-06
780,540.7117919921875,160.12240600585938,24.2794189453125,57.56268310546875,0.9999946355819702
780,0.0,167.72103881835938,14.717995643615723,55.44561767578125,3.0475304811261594e-05
780,549.5322875976562,163.341796875,22.944580078125,53.25439453125,0.0003439368156250566
780,623.1028442382812,158.8697509765625,17.39715576171875,78.00372314453125,2.1445970560307615e-05
780,590.50537109375,91.71532440185547,49.99462890625,236.56674194335938,3.1910083180264337e-06
780,616.5906372070312,184.30108642578125,23.90936279296875,58.222442626953125,3.0636399515060475e-06
780,627.1469116210938,186.6450958251953,13.35308837890625,52.2039794921875,2.5372202799189836e-05
810,519.7300415039062,149.060546875,23.4332275390625,55.090423583984375,3.571559864212759e-05
810,527.9711303710938,149.8186798095703,20.2493896484375,50.600494384765625,6.779840077797417e-06
810,513.7199096679688,155.339599609375,22.5008544921875,53.449127197265625,3.196107718395069e-05
810,600.4036865234375,360.62042236328125,40.0963134765625,119.87957763671875,5.286985015118262e-06
840,423.49554443359375,149.77471923828125,22.67266845703125,52.183502197265625,0.0003505645727273077
840,519.9183349609375,162.40032958984375,21.91796875,52.557891845703125,2.099690755130723e-05
840,417.2421875,140.7592010498047,34.02239990234375,81.67971801757812,2.690966766749625e-06
840,429.7716979980469,153.3068084716797,24.6539306640625,58.54315185546875,1.3811978533340152e-05
840,0.8164291381835938,175.6825714111328,23.347698211669922,56.29998779296875,1.7785607269615866e-05
840,116.74308776855469,160.30296325683594,27.787445068359375,63.85809326171875,2.8224059860804118e-05
840,418.46856689453125,162.22764587402344,20.984130859375,50.74365234375,9.407538527739234e-06
840,513.9886474609375,170.1636199951172,22.2838134765625,52.502105712890625,5.632246029563248e-05
840,527.7901611328125,167.95880126953125,23.0992431640625,56.795501708984375,2.3981667254702188e-05
840,544.8260498046875,167.3787841796875,21.2943115234375,51.125335693359375,1.2021138218187843e-06
840,106.93213653564453,172.18019104003906,22.688438415527344,55.241302490234375,9.182386747852433e-06
840,114.33648681640625,169.70680236816406,21.204727172851562,50.666290283203125,0.001971350284293294
840,537.2924194335938,174.03958129882812,21.62353515625,51.26983642578125,1.161241380032152e-05
840,0.0,187.62429809570312,17.198837280273438,51.2530517578125,0.0002615047851577401
840,519.426513671875,176.68508911132812,24.2760009765625,58.59539794921875,8.088558388408273e-06
840,0.0,111.39991760253906,62.43586730957031,310.894775390625,3.2020616345107555e-06
870,578.4032592773438,160.18740844726562,22.146240234375,52.77642822265625,1.0366654350946192e-05
870,615.978759765625,158.7340087890625,21.235107421875,50.656219482421875,0.0010047436226159334
870,84.24368286132812,171.76646423339844,21.613800048828125,51.058746337890625,4.6520246542058885e-05
870,377.4999084472656,155.59942626953125,22.32183837890625,52.747467041015625,1.564975946166669e-06
870,576.4658203125,149.8449249267578,34.78271484375,80.56179809570312,3.205752818757901e-06
870,624.5938110351562,158.09844970703125,15.90618896484375,55.22088623046875,5.5085965868784115e-05
870,0.0,178.5751495361328,16.41065216064453,51.30126953125,2.977441909024492e-05
870,92.07943725585938,172.41241455078125,21.529006958007812,51.076141357421875,0.9999479055404663
870,98.68099212646484,168.849365234375,22.374481201171875,53.394317626953125,8.420511221629567e-06
870,572.4071044921875,170.67120361328125,20.6370849609375,50.9217529296875,3.001749428221956e-05
870,583.6519165039062,167.86746215820312,22.16162109375,52.673309326171875,0.9986967444419861
870,525.0828857421875,112.6258544921875,115.4171142578125,281.61376953125,4.3429204197309446e-06
870,600.2786254882812,166.35263061523438,21.6748046875,53.08843994140625,1.172356405731989e-05
870,9.952569007873535,185.94419860839844,21.596084594726562,50.75311279296875,0.988851010799408
870,84.71446990966797,159.87496948242188,33.56114196777344,76.17578125,5.569424047280336e-06
870,30.203384399414062,134.35667419433594,130.02162170410156,270.29473876953125,2.9015648124186555e-06
870,552.8867797851562,172.5807342529297,23.0657958984375,52.961334228515625,2.1371115508372895e-06
870,590.6292114257812,169.96527099609375,22.3677978515625,52.45513916015625,0.010953489691019058
870,609.2993774414062,167.59255981445312,23.2755126953125,55.379241943359375,3.4959300592163345e-06
870,0.0,116.33110046386719,44.39022445678711,232.59950256347656,4.146677383687347e-06
870,2.845386505126953,186.8781280517578,21.09349250793457,50.784027099609375,0.2299427092075348
870,1.4714012145996094,169.1373748779297,36.54136657714844,80.89056396484375,6.832832241343567e-06
870,0.0,108.27400207519531,80.40503692626953,293.169921875,7.027831088635139e-06
870,19.689449310302734,182.8712921142578,22.033348083496094,54.0634765625,9.64247556112241e-06
900,626.8817749023438,77.30329132080078,13.61822509765625,51.504234313964844,8.017887921596412e-06
900,610.8546142578125,85.9053955078125,23.346435546875,54.72587585449219,1.0161495083593763e-05
900,616.081787109375,95.55990600585938,22.51416015625,52.803955078125,0.0004858722095377743
900,625.5036010742188,92.6916732788086,14.99639892578125,51.203208923339844,7.711676153121516e-05
900,626.2023315429688,108.96070861816406,14.29766845703125,51.40545654296875,5.186209364183014e-06
900,0.0,160.90362548828125,15.870899200439453,55.16363525390625,7.717253538430668e-06
900,0.8401079177856445,170.7842559814453,22.411548614501953,53.04132080078125,4.5501710701501e-05
900,9.199247360229492,169.90567016601562,22.204853057861328,53.3037109375,4.578027073876001e-05
900,24.322437286376953,171.26808166503906,22.202186584472656,52.60272216796875,0.00016365434566978365
900,450.0818786621094,167.90713500976562,22.37835693359375,52.515167236328125,9.629743726691231e-05
900,457.41668701171875,167.52040100097656,22.259521484375,53.260040283203125,9.155779844149947e-05
900,17.687103271484375,172.5377197265625,21.712947845458984,52.65155029296875,0.0004101001541130245
900,32.40058898925781,175.24148559570312,22.57959747314453,51.8192138671875,8.480667020194232e-05
900,41.657718658447266,176.343994140625,22.422203063964844,51.95587158203125,7.641820957360324e-06
900,49.18981170654297,177.41677856445312,22.186904907226562,53.238433837890625,1.747843839439156e-06
900,63.41517639160156,176.74081420898438,21.84979248046875,50.95172119140625,0.00019753976084757596
900,0.0,179.26597595214844,15.683122634887695,57.32623291015625,5.542365670407889e-06
930,489.1260986328125,164.98458862304688,21.84600830078125,53.369873046875,4.2345604924776126e-06
930,0.0,165.08853149414062,16.449230194091797,57.895782470703125,3.598951479943935e-06
930,495.14495849609375,170.34027099609375,21.69207763671875,52.9166259765625,2.40248414229427e-06
930,0.0,109.29297637939453,41.92995834350586,224.33172607421875,8.800579962553456e-06
930,520.6600952148438,176.51400756835938,21.5341796875,52.468231201171875,0.00018700244254432619
930,527.4850463867188,175.42189025878906,22.3211669921875,54.614532470703125,2.4659962946316227e-05
930,536.2476196289062,174.96632385253906,21.2022705078125,51.326812744140625,1.7751566474544234e-06
930,0.0,161.65528869628906,24.751840591430664,88.57583618164062,2.4751750515861204e-06
930,1.538029670715332,181.9371337890625,21.483970642089844,50.705474853515625,0.003840979654341936
930,14.60277271270752,182.23011779785156,22.828643798828125,54.464263916015625,1.260857175111596e-06
930,513.5065307617188,180.61964416503906,23.1434326171875,55.116363525390625,8.069315663306043e-05
930,0.0,188.22357177734375,15.24399185180664,52.98345947265625,0.00028794954414479434
930,7.263261795043945,186.61021423339844,21.85919952392578,51.5218505859375,0.00010002279304899275
960,400.911865234375,165.0015869140625,22.22357177734375,53.139251708984375,9.076553396880627e-06
960,411.1606750488281,165.3143768310547,21.29754638671875,50.732391357421875,1.2606669770320877e-05
960,547.3440551757812,170.11941528320312,22.033203125,51.936920166015625,1.5876292309258133e-05
960,553.9520263671875,173.81707763671875,21.29345703125,51.43511962890625,5.7252687838627025e-05
960,602.7754516601562,173.6035614013672,22.1109619140625,52.831573486328125,1.379602326778695e-05
960,613.9862670898438,169.33837890625,22.709228515625,54.8758544921875,6.0019715419912245e-06
960,9.043660163879395,173.61456298828125,22.23749542236328,53.354461669921875,1.623682010176708e-06
960,586.65185546875,179.8374481201172,21.1468505859375,50.563446044921875,2.303234850842273e-06
960,602.166748046875,167.4252166748047,33.8682861328125,80.61651611328125,3.2071602618088946e-05
960,0.0,179.20498657226562,14.325510025024414,54.9373779296875,0.00019835718558169901
960,0.0,155.1314239501953,21.353797912597656,98.0703125,4.272594196663704e-06
960,16.838024139404297,180.9866180419922,21.357940673828125,50.895538330078125,4.817448370886268e-06
960,472.88970947265625,179.9730987548828,22.364990234375,53.146240234375,4.8862980293051805e-06
960,560.4449462890625,176.67922973632812,20.9471435546875,50.667022705078125,4.781527422892395e-06
960,570.58447265625,180.8875274658203,20.8258056640625,50.6368408203125,1.7586852436579647e-06
960,595.6847534179688,184.6239471435547,20.7545166015625,50.707611083984375,2.302837310708128e-05
960,608.7899169921875,186.35992431640625,21.8359375,51.98876953125,0.3236236572265625
960,546.1795043945312,115.20553588867188,94.32049560546875,292.58648681640625,5.385602889873553e-06
960,625.915283203125,185.2720947265625,14.584716796875,54.4320068359375,6.624068919336423e-05
960,616.5374755859375,161.1199951171875,23.9625244140625,92.52325439453125,3.6402807381819002e-06
960,0.0,198.73989868164062,12.628335952758789,51.011077880859375,4.353257736511296e-06
960,614.32666015625,191.4482879638672,22.716064453125,54.75274658203125,0.0013931060675531626
960,602.8300170898438,193.4033966064453,25.6749267578125,61.180084228515625,6.337306331261061e-06
990,426.5367736816406,165.4769744873047,22.32666015625,54.68890380859375,9.257378223992418e-06
990,433.16070556640625,168.59022521972656,21.99810791015625,54.122772216796875,1.091096146410564e-05
990,0.0,163.1394500732422,15.711836814880371,59.16326904296875,3.2451439437863883e-06
990,351.51055908203125,67.06401062011719,150.1248779296875,320.822509765625,3.924225438822759e-06
990,578.8409423828125,175.72314453125,21.9801025390625,51.07696533203125,1.513100869487971e-05
990,590.6119995117188,174.54722595214844,22.224365234375,53.720458984375,2.1661155187757686e-05
990,0.0,187.2373504638672,14.64363956451416,50.88848876953125,0.00019188651640433818
990,0.0,168.15830993652344,21.64930534362793,89.52305603027344,5.784362201666227e-06
990,440.9504699707031,177.17657470703125,21.175048828125,50.88775634765625,0.00013216858496889472
990,447.2510681152344,178.44403076171875,22.36956787109375,54.199737548828125,3.8020687043172074e-06
990,519.7240600585938,185.15292358398438,23.6387939453125,56.45928955078125,2.5134911993518472e-05
990,584.55712890625,184.84130859375,22.684814453125,53.896881103515625,9.095969289774075e-05
990,570.2095336914062,188.42445373535156,20.3470458984375,50.82171630859375,1.0655408004822675e-05
990,575.4432373046875,182.50189208984375,28.2811279296875,66.53164672851562,2.9147689929232e-05
990,589.3855590820312,186.2523956298828,25.747314453125,63.05780029296875,9.46365253184922e-06
990,0.0,205.3775634765625,12.633716583251953,50.838348388671875,6.310534899967024e-06
990,581.6040649414062,199.5498046875,27.7628173828125,63.112823486328125,1.1016228199878242e-05
1020,456.70184326171875,170.0167999267578,21.40008544921875,53.092529296875,4.938415440847166e-05
1020,499.7420349121094,161.01608276367188,22.532867431640625,53.47412109375,6.7224805206933524e-06
1020,505.8794250488281,166.30587768554688,21.773162841796875,53.44580078125,2.6711446480476297e-05
1020,596.2244262695312,161.94290161132812,21.8099365234375,50.969940185546875,5.505852186615812e-06
1020,127.25010681152344,173.30746459960938,21.476531982421875,52.2359619140625,7.854519026295748e-06
1020,463.9346008300781,171.81976318359375,20.8651123046875,50.835784912109375,8.364178938791156e-05
1020,472.0403747558594,174.33543395996094,21.94659423828125,53.040679931640625,3.7920162867521867e-06
1020,422.5860595703125,71.51400756835938,151.6522216796875,311.20697021484375,1.1592054761422332e-05
1020,480.3111267089844,174.30618286132812,20.8568115234375,50.937896728515625,3.0428177524299826e-06
1020,598.2156372070312,171.23269653320312,24.4913330078125,57.022430419921875,5.158073327038437e-05
1020,606.25830078125,173.0222625732422,25.516357421875,57.548675537109375,1.7108480960814632e-06
1020,0.0,185.7008514404297,15.57910442352295,56.05889892578125,5.500687620951794e-06
1020,511.4383544921875,177.59620666503906,20.826416015625,51.24676513671875,5.975004114588955e-06
1020,584.7046508789062,181.4179229736328,21.798583984375,52.6956787109375,0.00011288743553450331
1020,590.7952880859375,175.6271514892578,27.211669921875,63.584136962890625,3.553818532964215e-05
1020,593.6419677734375,164.40728759765625,36.9500732421875,90.39239501953125,1.8973059923155233e-06
1020,560.9346313476562,186.14639282226562,23.91650390625,56.806793212890625,1.4493673006654717e-05
1020,569.5528564453125,188.4634246826172,21.1854248046875,50.859405517578125,2.310351192136295e-05
1020,577.6552734375,190.23696899414062,21.358154296875,51.90155029296875,9.416045941179618e-06
1020,572.8402709960938,181.74118041992188,30.738525390625,73.64022827148438,8.202093340514693e-06
1050,595.48779296875,0.0,45.01220703125,123.39945220947266,7.239274054882117e-06
1050,479.5877685546875,166.04864501953125,23.52288818359375,59.18707275390625,7.736816041870043e-05
1050,81.52903747558594,174.89002990722656,21.620361328125,53.975372314453125,2.594564648461528e-05
1050,89.04182434082031,172.9668731689453,21.762786865234375,52.530364990234375,4.160982371104183e-06
1050,466.71356201171875,170.24984741210938,22.84710693359375,55.38348388671875,3.3486599022580776e-06
1050,474.6515808105469,175.0010528564453,21.694091796875,51.430419921875,0.892164409160614
1050,544.7257690429688,159.5437774658203,23.9144287109375,54.821319580078125,1.0619920431054197e-05
1050,532.6943359375,127.24711608886719,42.03857421875,105.12258911132812,1.9145907572237775e-05
1050,550.4782104492188,153.49234008789062,27.0791015625,62.99517822265625,4.653284850064665e-05
1050,560.3804931640625,161.0233917236328,21.4925537109375,51.249969482421875,6.710150955768768e-06
1050,585.9371948242188,157.45892333984375,21.5074462890625,51.2513427734375,0.0003682950627990067
1050,598.5184326171875,156.43800354003906,24.8338623046875,57.62841796875,3.699168155435473e-05
1050,503.754150390625,124.27965545654297,45.16259765625,116.69428253173828,6.04774868406821e-07
1050,519.4942016601562,144.1842498779297,40.31884765625,90.92816162109375,5.7511947488819715e-06
1050,510.5150451660156,104.57987976074219,58.341461181640625,140.80514526367188,1.5681589502491988e-05
1050,494.0863952636719,72.42604064941406,85.14498901367188,210.41197204589844,4.670407179219183e-06
1050,590.1224365234375,159.85147094726562,25.3690185546875,60.985687255859375,0.0001912304578581825
1050,583.5263671875,144.50819396972656,35.9320068359375,88.69961547851562,1.4335179230329231e-06
1050,627.4607543945312,170.95159912109375,13.03924560546875,51.8221435546875,4.1958251131291036e-06
1050,466.9454650878906,159.764892578125,35.69818115234375,80.52774047851562,4.299628926673904e-06
1050,411.37872314453125,116.60884094238281,134.82794189453125,275.03326416015625,3.527874241626705e-06
1080,1.9569425582885742,163.6452178955078,24.466522216796875,57.876739501953125,7.182840636232868e-05
1080,13.412814140319824,165.2974090576172,23.35992431640625,57.068359375,4.5619876800628845e-06
1080,423.75250244140625,160.21231079101562,21.1568603515625,50.613861083984375,7.30148603906855e-05
1080,491.1326599121094,166.7561798095703,22.438873291015625,52.908233642578125,8.640192845632555e-07
1080,595.806884765625,170.3232421875,21.6502685546875,51.647918701171875,2.1371613911469467e-05
1080,610.9553833007812,173.778076171875,21.581787109375,50.74432373046875,0.022343022748827934
1080,0.0,173.45391845703125,16.92214012145996,50.502655029296875,0.00020922294061165303
1080,0.0,98.2982177734375,44.70335388183594,225.96286010742188,1.2354717000562232e-05
1080,498.0314025878906,173.15823364257812,21.382904052734375,50.643585205078125,0.0001728228380670771
1080,510.37109375,173.6505889892578,22.6973876953125,53.27996826171875,1.0828055565070827e-05
1080,600.2228393554688,170.13772583007812,26.5069580078125,63.9808349609375,1.0458706128702033e-05
1080,8.890840530395508,174.75537109375,21.811416625976562,52.142486572265625,0.8885594606399536
1080,0.0,124.0615234375,73.32254791259766,287.2845458984375,4.501203875406645e-06
1080,5.833187103271484,162.0445098876953,36.04756546020508,82.3338623046875,3.267727606726112e-06
1080,503.6368408203125,176.41372680664062,22.5057373046875,53.067657470703125,5.010380846215412e-05
1080,533.3455200195312,99.6519775390625,107.15447998046875,295.0432434082031,4.5294004848983604e-06
1080,613.8589477539062,174.1082305908203,26.64105224609375,64.27426147460938,3.7396664993138984e-05
1080,625.1372680664062,178.91192626953125,15.36273193359375,55.515594482421875,3.529928289935924e-05
1080,0.0,188.4674530029297,14.667030334472656,50.79779052734375,4.830103353015147e-05
1080,1.238215446472168,181.8251495361328,22.740402221679688,54.232025146484375,0.0004325952031649649
1110,432.2074890136719,159.01995849609375,21.4354248046875,51.20782470703125,0.00013933336595073342
1110,0.0,151.33200073242188,15.878429412841797,55.6971435546875,6.57137297821464e-06
1110,39.630836486816406,160.37014770507812,22.854576110839844,54.423675537109375,8.684109161549713e-06
1110,490.4897155761719,171.18881225585938,22.19427490234375,53.517791748046875,0.00022982247173786163
1110,536.38671875,171.6245574951172,21.878173828125,51.999786376953125,0.004308426287025213
1110,585.1259765625,172.0253143310547,21.662353515625,51.144622802734375,3.996318264398724e-05
1110,31.90826416015625,163.79751586914062,25.580978393554688,59.633514404296875,5.82289476369624e-06
1110,504.55181884765625,174.79193115234375,21.079833984375,51.169281005859375,3.4913389299617847e-06
1110,515.3982543945312,171.0304412841797,22.1895751953125,54.169281005859375,6.751345722477708e-07
1110,528.8009033203125,172.73074340820312,23.9013671875,56.83148193359375,0.9996898174285889
1110,416.7491455078125,97.82978820800781,143.99310302734375,296.35528564453125,4.198915121378377e-06
1110,513.4013061523438,139.91172790527344,49.35986328125,105.84783935546875,2.3474708541471045e-06
1110,472.9161071777344,134.85972595214844,126.94448852539062,279.848388671875,6.884005415486172e-06
1110,542.471923828125,175.76937866210938,21.6512451171875,51.857330322265625,0.0009046755149029195
1110,496.9802551269531,180.66053771972656,20.546173095703125,51.550262451171875,3.2167470180866076e-06
1110,523.05029296875,181.2711181640625,22.1300048828125,53.690826416015625,4.223504583933391e-05
1140,7.150583267211914,143.87429809570312,21.523696899414062,51.520721435546875,4.149772576056421e-05
1140,0.0,143.87741088867188,16.272546768188477,53.42547607421875,1.1927103514608461e-05
1140,433.482177734375,155.1555633544922,21.41064453125,50.96142578125,0.0017712555127218366
1140,0.0,122.86386108398438,29.600841522216797,115.57705688476562,1.4389363968803082e-05
1140,0.0,105.8606948852539,41.82133865356445,211.88034057617188,8.17022464616457e-06
1140,2.191525459289551,152.61630249023438,25.646873474121094,61.702301025390625,0.4459633529186249
1140,0.0,130.29241943359375,67.3385238647461,283.4510498046875,1.8835107766790316e-06
1140,10.585638046264648,154.65911865234375,25.2556095123291,60.28851318359375,0.001240836107172072
1140,556.293212890625,171.2173614501953,22.5560302734375,52.813323974609375,8.760669152252376e-05
1140,0.0,160.99095153808594,17.45736312866211,57.487091064453125,0.00033734008320607245
1140,439.6082763671875,161.0863800048828,22.076171875,53.05023193359375,3.4408117244311143e-06
1140,548.45458984375,169.1778564453125,21.5950927734375,53.394927978515625,5.264806532068178e-06
1140,591.4439697265625,167.84803771972656,24.249267578125,54.602569580078125,3.778407290155883e-06
1140,600.7157592773438,171.34393310546875,23.577392578125,56.027374267578125,3.780955375987105e-05
1140,615.7633666992188,172.87896728515625,23.1282958984375,55.853179931640625,4.040517160319723e-05
1140,625.8751220703125,173.85281372070312,14.6248779296875,53.449462890625,2.930905066023115e-05
1140,560.243896484375,168.2526397705078,27.62744140625,66.08523559570312,0.9999754428863525
1140,502.84429931640625,147.10552978515625,121.949951171875,277.10540771484375,1.3321853657544125e-05
1140,554.2791748046875,153.5715789794922,43.1153564453125,100.02764892578125,1.9598960534494836e-06
1140,571.2781372070312,170.886962890625,24.982666015625,59.45404052734375,0.00017152556392829865
1140,608.0780639648438,177.7693634033203,25.9320068359375,63.007171630859375,0.00016005852376110852
1140,0.0,179.16650390625,13.868980407714844,52.058258056640625,5.2347168093547225e-06
1140,7.569402694702148,174.8354034423828,21.53075408935547,52.640533447265625,2.6618440642778296e-06
1140,623.1146240234375,185.7614288330078,17.3853759765625,64.7215576171875,0.00028441566973924637
1140,611.0025634765625,172.8907928466797,29.4974365234375,91.55833435058594,7.36409638193436e-05
1140,596.27685546875,140.13677978515625,44.22314453125,220.42654418945312,9.653452252678107e-06
1140,625.6659545898438,203.27645874023438,14.83404541015625,67.3603515625,2.3489712930313544e-06
1170,627.4140014648438,26.52449607849121,13.08599853515625,50.507110595703125,1.1887721484526992e-05
1170,447.9084167480469,149.1708221435547,22.62994384765625,54.550811767578125,3.1061479148775106e-06
1170,441.573486328125,156.8180694580078,21.52392578125,50.796661376953125,2.3890132069936953e-05
1170,594.6996459960938,163.31503295898438,21.3277587890625,52.297210693359375,0.00016125278489198536
1170,581.8839721679688,141.84527587890625,45.86376953125,114.06179809570312,8.115649507089984e-06
1170,576.9371337890625,158.56138610839844,31.6021728515625,75.34146118164062,5.589121883531334e-06
1170,615.8764038085938,165.7208251953125,24.21875,56.5941162109375,1.3960774595034309e-05
1170,627.5429077148438,164.34133911132812,12.95709228515625,50.59307861328125,0.00014814213500358164
1170,536.2305908203125,140.39532470703125,104.2694091796875,277.8565673828125,4.552009613689734e-06
1170,600.9597778320312,165.37240600585938,29.824462890625,69.90328979492188,0.00011322660429868847
1170,586.7099609375,172.314208984375,25.280029296875,57.68487548828125,0.00021811142505612224
1170,589.8272705078125,163.9306640625,31.6083984375,75.62313842773438,0.9999872446060181
1170,623.6593627929688,169.7708282470703,16.84063720703125,75.38693237304688,8.172632078640163e-06
1200,464.1963195800781,150.51377868652344,21.8013916015625,52.055511474609375,5.821327067678794e-05
1200,443.3979187011719,154.11123657226562,22.11627197265625,52.28460693359375,3.3297726531600347e-06
1200,450.6988525390625,158.36114501953125,21.0428466796875,50.66790771484375,1.124721165979281e-05
1200,625.9497680664062,164.80535888671875,14.55023193359375,53.245361328125,0.00012972173863090575
1200,0.0,170.02732849121094,15.087919235229492,54.84368896484375,2.356667437197757e-06
1200,458.0305480957031,160.68145751953125,21.73199462890625,51.84307861328125,1.4175818705552956e-06
1200,621.0194091796875,163.038330078125,19.4805908203125,78.82199096679688,0.03005552664399147
1200,609.7510375976562,175.09628295898438,28.0946044921875,65.1163330078125,2.516038148314692e-05
1200,593.0130615234375,121.90289306640625,47.4869384765625,211.59628295898438,1.1226134120079223e-05
1200,626.3032836914062,186.09104919433594,14.19671630859375,51.1656494140625,0.00019241822883486748
1200,613.4284057617188,152.88168334960938,27.07159423828125,112.48416137695312,4.503626041696407e-05
1200,625.3139038085938,200.94883728027344,15.18609619140625,53.955108642578125,4.2123715502384584e-06
1230,627.8245849609375,37.49931716918945,12.6754150390625,51.16999435424805,4.913681550533511e-06
1230,595.911865234375,141.57949829101562,21.42236328125,51.04486083984375,0.003475686302408576
1230,588.6725463867188,144.7386474609375,22.7626953125,53.826446533203125,2.2936540062801214e-06
1230,605.924560546875,141.22560119628906,23.8134765625,56.588134765625,4.239870122546563e-06
1230,627.3621215820312,145.91952514648438,13.13787841796875,51.931121826171875,6.9850807449256536e-06
1230,441.2286376953125,149.7521209716797,23.63934326171875,54.9605712890625,1.3552009932027431e-06
1230,449.0104675292969,151.4846954345703,22.4716796875,51.806060791015625,1.3827029761159793e-05
1230,456.5202331542969,158.92916870117188,20.91156005859375,51.058349609375,9.572978342475835e-06
1230,598.1338500976562,149.76422119140625,25.5850830078125,60.52984619140625,1.0164654668187723e-05
1230,214.94068908691406,169.56849670410156,26.8046875,62.6553955078125,1.8583282326289918e-06
1230,627.4247436523438,192.91824340820312,13.07525634765625,51.072601318359375,8.952577559284691e-07
1260,461.3973693847656,126.11449432373047,29.9798583984375,70.76660919189453,3.3034582884283736e-05
1260,448.6129455566406,138.83033752441406,27.29449462890625,63.2001953125,1.1447295037214644e-05
1260,471.1102600097656,139.8647003173828,22.45440673828125,54.58941650390625,6.431015935959294e-05
1260,457.3679504394531,143.30174255371094,21.47589111328125,50.81671142578125,0.04519139230251312
1260,464.94964599609375,147.45919799804688,21.70196533203125,50.586334228515625,0.0012054431717842817
1260,628.0073852539062,154.0953369140625,12.49261474609375,50.681976318359375,2.2480985535366926e-06
1260,455.6783752441406,154.9764404296875,25.72991943359375,61.27447509765625,1.3880465985494084e-06
1260,0.0,175.75274658203125,15.540138244628906,54.240386962890625,4.3280688259983435e-06
1290,466.3368835449219,138.7840576171875,20.98236083984375,51.02716064453125,8.908409654395655e-06
1290,472.1549377441406,145.62359619140625,22.1099853515625,52.428619384765625,0.001092166523449123
1290,607.83251953125,141.08714294433594,21.527587890625,51.765228271484375,0.006461502052843571
1290,614.0901489257812,142.92884826660156,23.28955078125,55.610595703125,9.621007848181762e-06
1290,627.5208129882812,153.72433471679688,12.97918701171875,50.811981201171875,5.79815832679742e-06
1290,58.24274826049805,174.38763427734375,21.270374298095703,53.027252197265625,2.24272366722289e-06
1290,65.83575439453125,174.6131591796875,21.543121337890625,53.49365234375,1.866774255177006e-05
1290,73.87651824951172,175.0858154296875,21.0980224609375,52.5985107421875,1.9463419448584318e-05
1290,604.5599365234375,145.7645263671875,29.8804931640625,71.92105102539062,4.210949191474356e-05
1290,78.69131469726562,176.2266845703125,27.524398803710938,64.68411254882812,8.069081559369806e-06
1290,87.84441375732422,182.45846557617188,21.441116333007812,51.58270263671875,1.4466595530393533e-05
1320,464.9378356933594,131.2080841064453,25.64361572265625,61.28057861328125,3.592915618355619e-06
1320,472.1709289550781,145.02639770507812,21.63165283203125,51.330230712890625,0.0005459953099489212
1320,479.2064208984375,141.75814819335938,21.55950927734375,51.568084716796875,2.793784733512439e-05
1320,608.5867309570312,151.18252563476562,21.689697265625,51.86505126953125,0.0006979968748055398
1320,613.8784790039062,156.8946075439453,23.435791015625,56.40447998046875,1.2263530152267776e-05
1320,627.6516723632812,161.5718536376953,12.84832763671875,50.85601806640625,1.770461312844418e-05
1320,472.01470947265625,158.76968383789062,24.30145263671875,56.9110107421875,1.715967641757743e-06
1320,0.0,186.0043182373047,13.455347061157227,52.9434814453125,2.1160867618164048e-06
1350,604.6168823242188,145.75396728515625,21.585205078125,51.120574951171875,0.00012440209684427828
1350,472.8608093261719,148.92115783691406,22.30413818359375,52.96795654296875,3.758064121939242e-05
1350,527.1007080078125,59.04071044921875,113.3992919921875,293.4822692871094,2.762226131380885e-06
1350,614.2783813476562,151.03843688964844,21.8062744140625,51.949676513671875,1.749303010001313e-05
1350,626.9986572265625,151.29254150390625,13.5013427734375,54.340362548828125,7.810180250089616e-06
1350,598.0960083007812,156.35098266601562,29.9791259765625,70.22494506835938,3.577314055291936e-05
1350,608.777587890625,162.5302276611328,20.962646484375,50.91461181640625,4.858699321630411e-05
1350,605.6693115234375,170.8828582763672,27.2601318359375,60.976226806640625,8.15699459053576e-05
1350,0.0,341.885986328125,63.08621597290039,138.614013671875,3.6543051464832388e-06
1380,608.2417602539062,152.2755584716797,21.6824951171875,52.05914306640625,0.0010708215413615108
1380,613.9297485351562,156.96934509277344,23.389892578125,55.62030029296875,1.0917289728240576e-05
1380,627.3715209960938,161.46409606933594,13.12847900390625,51.200531005859375,1.7401203876943327e-05
1380,603.8634033203125,163.23902893066406,20.5994873046875,50.74981689453125,2.459751340211369e-05
1380,608.3505249023438,170.0297088623047,21.9658203125,52.598419189453125,8.654370503791142e-06
1380,0.0,186.71505737304688,13.566845893859863,52.33740234375,1.924763637362048e-06
1410,608.8637084960938,151.53358459472656,21.309814453125,51.244903564453125,0.0021486610639840364
1410,627.099365234375,152.22633361816406,13.400634765625,56.00091552734375,5.626038273476297e-06
1410,614.4843139648438,156.8501434326172,22.8702392578125,54.777496337890625,5.515395969268866e-06
1410,605.2205200195312,154.76718139648438,29.03076171875,70.08499145507812,2.2902528144186363e-05
1410,0.0,188.39657592773438,13.134943008422852,52.570159912109375,5.2438608690863475e-06
1410,0.0,342.54022216796875,62.15238952636719,137.95977783203125,3.451381189734093e-06
1440,608.894287109375,151.9135284423828,21.845703125,52.18585205078125,0.00030581187456846237
1440,614.9835815429688,156.8704376220703,23.321533203125,55.73822021484375,5.648671503877267e-06
1440,627.3729248046875,161.83631896972656,13.1270751953125,50.98638916015625,7.159897450037533e-06
1440,50.23835372924805,183.78915405273438,20.981067657470703,50.897918701171875,5.070547558716498e-06
1440,0.0,104.87541198730469,122.22428894042969,301.44207763671875,1.0802764336403925e-05
1440,0.0,340.89794921875,61.7974967956543,139.60205078125,4.956925749866059e-06
1470,610.1619262695312,153.0898895263672,21.6468505859375,51.748077392578125,9.669634164310992e-05
1470,615.1346435546875,157.28074645996094,22.9163818359375,54.887115478515625,7.09004689269932e-06
1470,626.30810546875,158.01551818847656,14.19189453125,57.460052490234375,5.280454388412181e-06
1470,50.83190155029297,182.07786560058594,20.8006591796875,50.96026611328125,4.8817523747857194e-06
1470,0.0,186.75067138671875,13.839882850646973,52.30218505859375,2.28318049266818e-06
1470,0.0,108.97868347167969,123.11050415039062,301.0028076171875,8.649411938677076e-06
1470,53.62102508544922,183.0554656982422,28.358200073242188,66.98858642578125,8.324833515871433e-07
1470,0.0,342.3570861816406,62.130645751953125,138.14291381835938,4.441972578206332e-06
1500,449.9501647949219,148.3633575439453,22.8623046875,53.56817626953125,1.064169282471994e-06
1500,609.6595458984375,150.60008239746094,21.4532470703125,51.420440673828125,0.0002603765460662544
1500,457.27667236328125,155.96080017089844,22.174072265625,53.189453125,7.592220208607614e-05
1500,603.768310546875,156.4761505126953,22.255126953125,54.50042724609375,6.715028575854376e-06
1500,614.4993896484375,156.37525939941406,23.085693359375,56.5025634765625,1.1769379852921702e-05
1500,627.2613525390625,161.95175170898438,13.2386474609375,50.592254638671875,1.1679784620355349e-05
1500,464.7661437988281,166.94400024414062,22.22955322265625,51.667388916015625,9.551902621751651e-06
1500,189.274658203125,177.04769897460938,26.300933837890625,62.338653564453125,1.6851185137056746e-05
1500,197.7135772705078,179.6572265625,21.75653076171875,51.841552734375,3.799100340984296e-06
1500,0.0,188.03262329101562,13.350647926330566,52.39056396484375,1.2290121276237187e-06
1500,0.0,88.90911865234375,123.11073303222656,309.7078857421875,3.4255022001161706e-06
1530,611.0857543945312,146.49118041992188,23.674560546875,56.106292724609375,8.695023097970989e-06
1530,626.7211303710938,143.3863525390625,13.77886962890625,51.806976318359375,7.762863788229879e-06
1530,614.9891357421875,158.57308959960938,23.3046875,55.73040771484375,0.002934786956757307
1530,608.9484252929688,143.58511352539062,31.55157470703125,88.65347290039062,9.799114195629954e-06
1530,625.5438232421875,160.77137756347656,14.9561767578125,53.179718017578125,0.00013473030412569642
1530,474.1270446777344,167.9352264404297,21.2645263671875,50.69708251953125,1.5732506653876044e-05
1530,611.2088623046875,171.8260955810547,20.83837890625,51.122711181640625,4.7640467528253794e-05
1530,621.0313720703125,165.06996154785156,19.4686279296875,73.0433349609375,5.948222678853199e-05
1530,626.945556640625,182.58729553222656,13.554443359375,51.429779052734375,4.662372884922661e-05
1530,0.0,194.41317749023438,13.695436477661133,52.83502197265625,1.4706791944263387e-06
1560,627.0647583007812,155.48793029785156,13.43524169921875,55.4923095703125,4.198811075184494e-05
1560,465.1117248535156,175.53553771972656,21.86517333984375,51.28564453125,6.153791218821425e-06
1560,627.3651123046875,176.16448974609375,13.1348876953125,51.245330810546875,9.37679760681931e-06
1560,0.0,194.24386596679688,14.712738990783691,52.592010498046875,1.4528523024637252e-06
1560,30.00112533569336,190.95816040039062,28.25598907470703,67.12753295898438,2.724406385823386e-06
1560,64.49398040771484,195.70947265625,21.291580200195312,50.522552490234375,3.5874070363206556e-06
1590,626.8014526367188,155.09603881835938,13.69854736328125,57.38018798828125,4.9706063691701274e-06
1590,617.6347045898438,163.39442443847656,22.86529541015625,53.589080810546875,1.3174010291550076e-06
1590,488.8686218261719,171.8430633544922,21.1085205078125,51.369964599609375,0.0003138153697364032
1590,96.67339324951172,189.36875915527344,20.528457641601562,50.6551513671875,1.3401177056948654e-06
1590,627.07275390625,173.45040893554688,13.42724609375,59.01416015625,1.3974681678519119e-05
1590,482.20074462890625,177.20584106445312,22.71197509765625,53.683624267578125,1.7622343875700608e-05
1620,626.9746704101562,163.5709991455078,13.52532958984375,50.570953369140625,7.55609835323412e-06
1620,471.6227722167969,182.49798583984375,21.54925537109375,52.10711669921875,0.0012640883214771748
1620,489.1842956542969,178.31593322753906,22.8609619140625,53.52984619140625,0.00013683225552085787
1620,495.7408142089844,175.30270385742188,22.131622314453125,50.996429443359375,0.0001152325130533427
1620,627.8895874023438,180.01052856445312,12.61041259765625,50.9427490234375,1.0329232281947043e-05
1620,8.601781845092773,185.13665771484375,22.600383758544922,53.3641357421875,5.4889023886062205e-06
1620,480.4664001464844,179.24856567382812,21.93353271484375,52.39459228515625,0.0001366812502965331
1650,527.6431884765625,163.95176696777344,23.1248779296875,54.167724609375,1.9675910152727738e-05
1650,496.3063049316406,175.9547882080078,22.952301025390625,53.46148681640625,2.0377365217427723e-05
1650,504.4556579589844,173.59043884277344,21.344390869140625,51.66571044921875,4.846510637435131e-05
1650,512.5892944335938,172.55999755859375,21.34033203125,51.6800537109375,5.220797447691439e-06
1650,519.5089721679688,170.90785217285156,23.617431640625,55.151092529296875,1.693736521701794e-05
1650,509.24713134765625,165.65036010742188,30.2548828125,72.4891357421875,3.212706360500306e-06
1650,0.0,161.9132843017578,20.703126907348633,99.75413513183594,2.3309914922720054e-06
1650,10.801380157470703,188.4363250732422,20.999732971191406,51.019287109375,8.739216355024837e-06
1650,0.0,192.19473266601562,14.18471908569336,55.857269287109375,1.7910813767230138e-05
1680,516.1134643554688,178.96109008789062,21.7091064453125,51.103485107421875,1.3777024832961615e-05
1680,489.9856262207031,180.91848754882812,21.49176025390625,50.995025634765625,3.899364310200326e-05
1680,522.3321533203125,180.0422821044922,25.9522705078125,61.7857666015625,1.3140535884303972e-05
1680,0.0,195.79946899414062,12.49068832397461,50.8402099609375,2.4903406483645085e-06
1710,0.0,165.05880737304688,15.283842086791992,56.922454833984375,6.582844889635453e-06
1710,462.2808532714844,170.1557159423828,26.14398193359375,61.727142333984375,1.2444088497431949e-05
1710,528.7119750976562,177.80975341796875,21.46240234375,52.668243408203125,0.0015356402145698667
1710,536.6782836914062,174.9991912841797,21.83642578125,51.97369384765625,2.6893301310337847e-06
1710,563.1341552734375,171.80795288085938,23.99609375,56.89825439453125,0.00012547719234135002
1710,614.8121337890625,159.3653106689453,23.2408447265625,55.0340576171875,2.7710873837349936e-05
1710,544.7035522460938,178.37095642089844,21.0999755859375,50.914459228515625,0.00022387226636055857
1710,609.6692504882812,166.77638244628906,21.8602294921875,51.000885009765625,9.175339801004156e-05
1710,627.2125244140625,166.6967315673828,13.2874755859375,57.19952392578125,1.047271962306695e-05
1710,0.0,141.60134887695312,27.21706771850586,124.669677734375,5.625421181321144e-06
1710,0.0,118.58108520507812,46.3577766418457,224.23712158203125,6.2147382777766325e-06
1710,1.0019712448120117,171.79031372070312,31.204235076904297,71.05953979492188,1.0390301667939639e-06
1710,563.722412109375,166.78610229492188,33.853515625,77.34811401367188,1.670314304647036e-05
1710,508.26824951171875,132.3068389892578,132.23175048828125,281.046875,3.7324225559132174e-06
1710,0.0,185.56259155273438,21.237979888916016,51.881927490234375,0.00015534057456534356
1710,6.762845039367676,183.84632873535156,21.169776916503906,51.626495361328125,1.682403490121942e-05
1710,569.6911010742188,178.13870239257812,23.0682373046875,55.54522705078125,0.9998849630355835
1710,579.7203369140625,176.0569305419922,24.9002685546875,58.314056396484375,1.8140299289370887e-05
1710,0.0,196.4873809814453,14.798991203308105,52.125518798828125,0.00011510117474244907
1710,0.0,203.9339141845703,22.765647888183594,54.33543395996094,2.248139253424597e-06
1740,487.2392883300781,164.48255920410156,21.3427734375,50.720794677734375,0.9964231848716736
1740,480.819580078125,148.98458862304688,35.86065673828125,79.25619506835938,4.2517276597209275e-05
1740,422.71685791015625,84.31224060058594,136.8355712890625,301.77679443359375,9.89820091490401e-06
1740,503.21697998046875,164.13632202148438,21.197021484375,51.7354736328125,0.0002492700587026775
1740,556.3047485351562,168.16668701171875,23.4534912109375,53.800628662109375,0.003881901502609253
1740,555.80859375,157.3491973876953,34.069580078125,75.97579956054688,1.3371495697356295e-06
1740,566.0237426757812,173.7008056640625,21.25537109375,51.069976806640625,0.9993430972099304
1740,588.5054931640625,167.8945770263672,22.0948486328125,52.51776123046875,0.9783856272697449
1740,584.2774658203125,161.61447143554688,32.8477783203125,76.37884521484375,1.6180450984393246e-05
1740,597.3873291015625,166.01153564453125,24.3843994140625,58.191375732421875,0.000657311815302819
1740,609.8958129882812,169.86248779296875,21.9073486328125,52.447479248046875,0.00026792282005771995
1740,626.2684936523438,169.73899841308594,14.23150634765625,52.470428466796875,3.4806198527803645e-05
1740,496.1875915527344,166.17320251464844,20.930450439453125,50.78082275390625,0.0001757504214765504
1740,578.813720703125,170.55288696289062,21.0531005859375,50.9278564453125,0.00038316173595376313
1740,611.4451293945312,166.99673461914062,29.05487060546875,70.51480102539062,5.569202039623633e-05
1740,128.1786346435547,182.1085662841797,22.090240478515625,54.24884033203125,6.487212885986082e-06
1740,119.97782897949219,185.65530395507812,23.58026123046875,56.96820068359375,7.799701052135788e-06
1740,625.6217651367188,187.2272186279297,14.87823486328125,60.042388916015625,9.437964763492346e-06
1770,627.2625732421875,151.9501190185547,13.2374267578125,50.610107421875,1.5649398847017437e-05
1770,457.59442138671875,166.42251586914062,23.54327392578125,56.977874755859375,0.000593945849686861
1770,508.6472473144531,135.19728088378906,47.130950927734375,103.5140380859375,9.695510243545868e-07
1770,458.8275146484375,117.29444885253906,131.9410400390625,281.2684326171875,4.961428203387186e-06
1770,624.3900146484375,161.1680145263672,16.1099853515625,64.89727783203125,0.0002883349952753633
1770,590.5460205078125,109.23004150390625,49.9539794921875,225.03155517578125,8.38125379232224e-06
1770,507.92535400390625,168.05690002441406,20.8360595703125,51.361572265625,1.6767830857133958e-06
1770,516.4443969726562,166.873291015625,22.7047119140625,53.6600341796875,0.002536395564675331
1770,521.8009033203125,164.238525390625,26.6175537109375,63.57623291015625,0.9999924898147583
1770,531.6085815429688,165.26356506347656,25.3453369140625,58.8536376953125,0.006359986029565334
1770,542.7296752929688,166.5271759033203,21.3072509765625,51.11614990234375,1.986285496968776e-05
1770,550.726318359375,163.35208129882812,24.872314453125,56.704742431640625,1.6019566828617826e-06
1770,614.0140380859375,137.43478393554688,26.4859619140625,114.49557495117188,2.3234535547089763e-05
1770,462.216552734375,171.33502197265625,26.11083984375,61.4554443359375,6.0767008108086884e-05
1770,610.9981689453125,175.6906280517578,22.2950439453125,53.22454833984375,2.77156268566614e-05
1770,616.8350830078125,175.2621307373047,23.6649169921875,61.283355712890625,0.005081902723759413
1770,626.3646240234375,187.19590759277344,14.1353759765625,52.421539306640625,0.0008841665112413466
1770,626.5001220703125,205.3271942138672,13.9998779296875,51.76063537597656,4.997499672754202e-06
1770,601.1551513671875,361.8937072753906,39.3448486328125,118.60629272460938,3.518909124977654e-06
1800,588.289794921875,160.25962829589844,20.518310546875,50.717926025390625,2.7071031581726857e-05
1800,601.3558349609375,160.07066345214844,22.4036865234375,52.0169677734375,0.00014114273653831333
1800,615.2965087890625,160.10545349121094,21.1129150390625,51.64208984375,4.3436416490294505e-06
1800,608.0280151367188,164.7022247314453,22.487060546875,50.999542236328125,1.1894049748661928e-05
1800,599.2306518554688,162.0263671875,32.7196044921875,77.79403686523438,0.0015720234951004386
1800,626.850341796875,163.03271484375,13.649658203125,51.741790771484375,2.3961616534506902e-05
1800,72.36771392822266,168.46966552734375,21.643112182617188,51.4302978515625,5.538144978345372e-05
1800,577.84912109375,157.6529083251953,34.07958984375,82.94223022460938,3.849316271953285e-05
1800,592.531982421875,166.66827392578125,24.2491455078125,59.471710205078125,0.0006874743266962469
1800,64.98929595947266,171.62918090820312,23.586135864257812,56.533905029296875,3.757089507416822e-05
1800,587.51708984375,158.92384338378906,35.965576171875,86.87228393554688,0.9999997615814209
1800,609.9781494140625,166.42364501953125,29.7705078125,68.45993041992188,1.3992978892929386e-05
1800,622.6776733398438,166.92556762695312,17.82232666015625,80.56362915039062,2.4035218302742578e-05
1800,0.0,191.49920654296875,15.876333236694336,55.91839599609375,1.0692904197640019e-06
1800,594.18115234375,186.8892822265625,21.29833984375,52.44989013671875,1.7507449001641362e-06
1800,591.8798828125,154.18096923828125,45.6436767578125,114.88113403320312,2.4356686481041834e-05
1800,571.2090454101562,123.49246215820312,69.29095458984375,203.4073486328125,3.580031489036628e-06
1800,601.7234497070312,360.0140380859375,38.77655029296875,120.4859619140625,3.364181111464859e-06
1830,471.95263671875,134.35606384277344,25.4117431640625,60.68798828125,1.943422148542595e-06
1830,474.7717590332031,133.33950805664062,33.06085205078125,78.02633666992188,0.0008109010523185134
1830,0.0,177.53512573242188,13.911988258361816,55.004302978515625,2.0824731109314598e-05
1830,0.0,154.3822479248047,21.207551956176758,101.03067016601562,1.6500662241014652e-06
1830,533.10009765625,174.65577697753906,22.0098876953125,53.197113037109375,7.471059507224709e-05
1830,540.2208251953125,171.1133270263672,26.1142578125,62.8450927734375,0.0550694577395916
1830,548.2948608398438,172.07406616210938,28.1207275390625,67.60342407226562,0.8322504162788391
1830,539.4996948242188,161.3935089111328,42.0533447265625,95.76365661621094,1.3678041796083562e-05
1830,558.4177856445312,175.24952697753906,24.5047607421875,56.1397705078125,0.0022704298608005047
1830,555.6818237304688,166.5042724609375,35.5606689453125,87.57888793945312,6.072222276998218e-06
1830,563.9108276367188,180.8628387451172,25.580810546875,60.681915283203125,5.6729268180788495e-06
1830,0.0,195.4396514892578,14.995911598205566,56.80731201171875,1.9262104160588933e-06
1830,546.3373413085938,187.63473510742188,21.424560546875,53.990264892578125,8.335126040037721e-06
1830,608.2296142578125,201.31556701660156,23.2593994140625,55.03875732421875,5.335813966667047e-06
1830,601.0836791992188,359.204345703125,39.41632080078125,121.295654296875,5.137249900144525e-06
