30,0.0,133.45106506347656,15.334253311157227,54.536895751953125,1.0577842658676673e-05
30,0.7221927642822266,146.82481384277344,22.353723526000977,52.538726806640625,2.0225268599460833e-05
30,0.0,153.68185424804688,16.05706787109375,59.330535888671875,5.951936600467889e-06
30,5.71919059753418,152.224853515625,25.929363250732422,61.494171142578125,2.6525590328674298e-06
30,153.7952423095703,176.30198669433594,20.486907958984375,50.998016357421875,2.1216788809397258e-05
30,161.1903533935547,182.4130401611328,20.771331787109375,50.9251708984375,2.1705634935642593e-05
60,627.314453125,209.999755859375,13.185546875,51.7310791015625,2.9679692943318514e-06
240,14.365581512451172,123.52000427246094,110.75247192382812,270.17535400390625,0.9999967813491821
240,49.80784606933594,189.21176147460938,84.45083618164062,204.73974609375,0.0031447382643818855
240,26.23754119873047,194.7657470703125,78.4481201171875,188.8453369140625,0.001879665069282055
240,20.550304412841797,123.87418365478516,78.72789001464844,187.370361328125,0.0002482784038875252
240,0.0,189.83529663085938,80.04049682617188,210.722412109375,7.357785761996638e-06
240,79.42979431152344,232.51318359375,61.265777587890625,150.25921630859375,0.008610473945736885
240,0.0,234.13894653320312,53.92766571044922,142.09930419921875,0.0003174270095769316
240,50.200382232666016,128.11663818359375,75.50360107421875,183.3165283203125,6.005973045830615e-05
240,72.53600311279297,170.2848663330078,94.84217071533203,223.51463317871094,0.00012912735110148787
240,2.5737552642822266,275.7065734863281,37.49604034423828,86.69842529296875,9.475988917984068e-05
240,0.0,272.6139831542969,22.923564910888672,83.2103271484375,1.3082153600407764e-05
240,137.24143981933594,182.03466796875,20.970703125,50.54461669921875,1.2888934179500211e-05
240,68.29335021972656,210.36851501464844,58.401611328125,141.2359161376953,6.800873052270617e-06
240,0.0,286.63836669921875,15.38394546508789,54.9075927734375,1.027780399454059e-05
240,0.0,301.2929992675781,18.233884811401367,64.23101806640625,4.229620572004933e-06
240,84.43417358398438,253.31570434570312,41.077178955078125,93.581298828125,8.112645446090028e-05
270,215.75039672851562,119.9112548828125,109.88140869140625,263.7479553222656,0.9999661445617676
270,179.50949096679688,254.31494140625,56.48638916015625,134.42047119140625,0.003291841596364975
270,251.7204132080078,156.06793212890625,97.33995056152344,237.05267333984375,0.023969264701008797
270,169.94412231445312,208.05615234375,89.22854614257812,212.43609619140625,0.00021500680304598063
270,170.44940185546875,263.00836181640625,45.640594482421875,109.1448974609375,0.0003857071278616786
270,164.02325439453125,142.40184020996094,131.9171142578125,324.7364501953125,7.591054600197822e-05
270,193.8544464111328,274.9345703125,38.03515625,92.56549072265625,0.0006420740974135697
270,226.18272399902344,121.83264923095703,78.38749694824219,184.7513427734375,4.795927816303447e-05
270,198.9480743408203,179.96267700195312,88.35444641113281,220.60565185546875,1.6691868950147182e-05
270,172.501220703125,281.988037109375,31.715087890625,75.7742919921875,9.488557225267868e-06
270,282.69781494140625,215.13632202148438,69.394775390625,168.54913330078125,0.0007047847029753029
270,200.9000244140625,288.54656982421875,22.88079833984375,57.97247314453125,2.8423077310435474e-05
270,206.5778045654297,288.2121887207031,28.359771728515625,67.5250244140625,7.417081360472366e-05
270,196.02093505859375,231.88735961914062,60.594085693359375,147.35595703125,0.00011685960635077208
270,253.7239990234375,122.51327514648438,72.2703857421875,175.5833740234375,9.93229969026288e-06
270,193.24620056152344,288.4578552246094,23.49554443359375,60.794921875,3.663600978143222e-07
270,147.21734619140625,217.44566345214844,80.22463989257812,197.44813537597656,6.36918821328436e-06
300,15.178775787353516,160.15017700195312,77.90162658691406,190.79904174804688,0.9999964237213135
300,418.5891418457031,116.93948364257812,106.19210815429688,258.58599853515625,0.9999985694885254
300,40.63343048095703,183.833984375,67.86921691894531,164.36492919921875,0.027822617441415787
300,375.62701416015625,69.4901123046875,140.11053466796875,342.57513427734375,0.0010900897905230522
300,0.0,184.81724548339844,67.15972900390625,166.3611602783203,0.0014894491760060191
300,0.0,243.77159118652344,43.14326477050781,108.30564880371094,0.0003168139373883605
300,379.4460144042969,240.5638427734375,57.8201904296875,141.3475341796875,0.00010120055230800062
300,375.5992126464844,172.66876220703125,94.968994140625,229.83514404296875,1.9740375137189403e-05
300,361.6031494140625,230.50474548339844,59.57440185546875,142.3334503173828,0.00026086627622134984
300,358.2173767089844,208.71035766601562,84.1209716796875,203.79302978515625,0.0003145399095956236
300,0.0,266.55584716796875,29.876981735229492,73.25164794921875,0.00014964422734919935
300,61.773990631103516,220.63829040527344,50.88930892944336,121.66712951660156,0.0005457818042486906
300,0.0,146.85227966308594,111.04283142089844,269.628173828125,0.0003248211578465998
330,157.51724243164062,153.65643310546875,84.7681884765625,205.80859375,0.9999998807907104
330,517.332763671875,111.82008361816406,96.63525390625,235.0995330810547,0.9999997615814209
330,480.7508544921875,225.2466583251953,57.21893310546875,140.3752899169922,0.0032931873574852943
330,130.29396057128906,252.33676147460938,37.00286865234375,87.772216796875,0.8046140670776367
330,485.54632568359375,124.15800476074219,100.3646240234375,243.2188262939453,0.0012055299011990428
330,469.6614990234375,173.79244995117188,87.6688232421875,206.74383544921875,0.0038236132822930813
330,470.27685546875,237.03363037109375,49.024658203125,121.1856689453125,0.017026681452989578
330,137.9023895263672,185.6107177734375,65.46853637695312,157.96697998046875,0.005866264924407005
330,126.49046325683594,225.79534912109375,53.240875244140625,127.6124267578125,0.003168896771967411
330,115.07299041748047,240.25686645507812,42.37993621826172,102.33819580078125,0.00046516762813553214
330,498.1722106933594,200.54061889648438,63.656707763671875,154.55303955078125,0.0006267491262406111
330,446.5252380371094,104.65420532226562,143.38027954101562,342.71893310546875,7.907355029601604e-05
360,298.37738037109375,144.90904235839844,84.14166259765625,201.83509826660156,1.0
360,566.399169921875,118.79325866699219,74.100830078125,229.38319396972656,0.9999991655349731
360,544.4447631835938,235.7841339111328,36.7806396484375,89.26399230957031,0.9999842643737793
360,533.4776611328125,241.161376953125,36.8861083984375,88.1865234375,0.2113913893699646
360,280.4617614746094,157.13760375976562,72.624267578125,175.24722290039062,0.000483585026813671
360,269.00128173828125,194.1422119140625,64.32232666015625,153.84954833984375,0.04376710206270218
360,543.3025512695312,202.6495361328125,54.1409912109375,131.599853515625,0.005241423845291138
360,556.7320556640625,244.62562561035156,26.9375,66.22593688964844,1.4880312846798915e-05
360,265.3517761230469,222.80093383789062,45.318115234375,109.24169921875,4.3042731704190373e-05
360,262.4638671875,131.07725524902344,109.39581298828125,257.60540771484375,2.1015239326516166e-05
360,526.3740234375,245.0464324951172,31.9517822265625,76.54981994628906,6.519599992316216e-05
360,552.9169921875,247.99986267089844,21.7679443359375,52.31834411621094,4.8459005483891815e-05
360,326.0212097167969,143.81927490234375,69.70245361328125,168.956787109375,9.96806306829967e-07
360,524.489990234375,95.67633056640625,116.010009765625,293.1670837402344,3.846941763185896e-05
390,437.4776916503906,152.0596923828125,77.98532104492188,189.12631225585938,0.9999998807907104
390,601.8929443359375,242.50990295410156,32.457275390625,78.37519836425781,0.9999319314956665
390,399.2253723144531,225.7678985595703,44.4737548828125,112.93315124511719,0.012686720117926598
390,619.5530395507812,242.7702178955078,20.94696044921875,68.27818298339844,0.0039249262772500515
390,592.1832275390625,241.55709838867188,31.0247802734375,74.82818603515625,0.0010763678001239896
390,410.2069091796875,158.6096649169922,83.08056640625,197.83656311035156,0.0010184296406805515
390,384.41656494140625,230.6162872314453,44.80322265625,108.47557067871094,0.055892214179039
390,403.431396484375,191.31710815429688,61.9146728515625,150.80633544921875,0.22662892937660217
390,378.5234680175781,172.47802734375,79.79144287109375,194.27294921875,6.142783968243748e-05
390,600.4910888671875,263.2560119628906,24.406494140625,60.08673095703125,2.317611506441608e-05
390,429.11151123046875,158.46165466308594,108.56109619140625,258.6025390625,1.9780061847995967e-05
390,461.89532470703125,142.4969482421875,70.59381103515625,174.38119506835938,3.32747476932127e-05
390,370.015625,232.61224365234375,42.27691650390625,103.07135009765625,1.662855538597796e-05
390,608.12939453125,261.50372314453125,23.0638427734375,55.180419921875,3.925369310309179e-05
390,601.9998779296875,240.89646911621094,21.8714599609375,52.66334533691406,0.00019305369642097503
390,609.3433227539062,240.0900421142578,22.14306640625,52.64051818847656,9.63453931035474e-05
390,389.3487548828125,254.12086486816406,31.749267578125,75.38151550292969,0.000196473381947726
390,624.8861083984375,264.2897644042969,15.6138916015625,57.42901611328125,2.6727218937594444e-05
390,586.4111328125,229.72283935546875,45.0654296875,107.10565185546875,8.767523468122818e-06
390,421.17498779296875,174.36038208007812,60.2509765625,135.50051879882812,6.223362106538843e-06
390,608.6627197265625,254.39752197265625,31.8372802734375,81.32232666015625,2.682130980247166e-05
390,375.3030700683594,261.40252685546875,29.4998779296875,68.21728515625,7.06174541846849e-05
390,595.4486694335938,246.21990966796875,21.795166015625,50.8975830078125,7.141295554902172e-07
390,389.114501953125,117.72450256347656,120.751708984375,277.818603515625,1.9812875962088583e-06
390,584.6322021484375,252.02650451660156,27.9674072265625,65.84971618652344,1.4401637599803507e-05
390,415.90765380859375,234.70263671875,41.23956298828125,94.61285400390625,0.00010250099876429886
390,595.0144653320312,263.91546630859375,21.98388671875,51.41790771484375,4.7480148168688174e-06
390,357.7586669921875,194.69288635253906,82.40289306640625,203.72727966308594,7.419751455017831e-06
420,555.7678833007812,93.61715698242188,84.73211669921875,303.1721496582031,0.27527064085006714
420,583.4501342773438,138.03805541992188,57.04986572265625,225.43585205078125,0.8445667624473572
420,553.0139770507812,225.85853576660156,59.4359130859375,145.14744567871094,0.00046957278391346335
420,562.6531372070312,265.8560791015625,36.6968994140625,88.7171630859375,0.0004687430046033114
420,601.3873901367188,210.64854431152344,39.11260986328125,155.84669494628906,0.0006028790958225727
420,538.4237060546875,197.234375,86.1729736328125,208.78765869140625,3.6708017432829365e-05
420,542.0978393554688,246.78857421875,46.44140625,110.32568359375,4.445212471182458e-05
420,573.8294677734375,272.6247253417969,28.1365966796875,67.6380615234375,0.0002649414527695626
420,574.4905395507812,223.99652099609375,61.002197265625,151.12579345703125,0.0002828214201144874
420,517.4269409179688,154.3953399658203,123.07305908203125,292.46539306640625,4.571572844724869e-06
420,568.4534301757812,287.08343505859375,23.919921875,57.6375732421875,9.231930016539991e-05
420,587.6593627929688,45.840293884277344,52.84063720703125,250.62326049804688,2.1754667614004575e-05
420,576.0377197265625,267.44952392578125,38.538330078125,91.16754150390625,0.00013515942555386573
420,605.5363159179688,141.98049926757812,34.96368408203125,137.42086791992188,9.750350727699697e-06
420,613.7374877929688,249.12692260742188,26.76251220703125,113.44293212890625,7.851856207707897e-05
420,561.4188842773438,132.45828247070312,68.51171875,163.58831787109375,6.273538019740954e-05
420,625.2716674804688,300.9673156738281,15.22833251953125,51.71185302734375,3.168509647366591e-05
420,512.7963256835938,195.139404296875,83.595458984375,219.1636962890625,2.4476630642311648e-05
420,522.2898559570312,235.05877685546875,59.13427734375,137.28216552734375,4.0753375287749805e-06
420,558.228759765625,284.2936706542969,30.415771484375,72.67926025390625,8.207201972254552e-06
420,570.369384765625,177.7303009033203,70.130615234375,302.76971435546875,4.056701527588302e-06
420,584.5105590820312,278.9204406738281,22.262451171875,55.66058349609375,3.6297158658271655e-05
420,602.0818481445312,176.72084045410156,23.4180908203125,58.096466064453125,5.954150765319355e-06
420,569.0469360351562,286.3147277832031,37.6180419921875,84.651123046875,8.667178690302535e-07
420,596.92578125,162.1289520263672,36.2213134765625,89.04074096679688,2.9536071451730095e-05
420,606.0792236328125,287.71044921875,30.8896484375,68.25848388671875,0.00021471382933668792
420,584.5687866210938,301.3811950683594,22.701171875,55.72760009765625,5.968103141640313e-05
420,593.9000244140625,175.41456604003906,23.27783203125,58.7554931640625,2.1931142327957787e-05
420,550.4996948242188,267.4465026855469,29.590087890625,72.84112548828125,3.399278966753627e-06
420,623.5800170898438,273.26800537109375,16.91998291015625,69.57672119140625,1.595745561644435e-05
420,580.1419677734375,247.73696899414062,36.669189453125,81.224853515625,8.120478742057458e-05
420,569.619873046875,268.1318664550781,22.8951416015625,56.79364013671875,3.579873373382725e-05
420,617.006591796875,160.2672576904297,23.493408203125,94.93417358398438,1.1248305781919044e-05
420,602.227783203125,196.12222290039062,18.263427734375,51.132965087890625,6.377010322466958e-06
420,561.3324584960938,274.76678466796875,23.1328125,58.42718505859375,7.610966008542164e-07
450,0.0,175.56988525390625,14.546180725097656,52.885528564453125,1.4931245459592901e-05
450,0.0,129.0461883544922,84.15357971191406,226.44874572753906,2.434285988783813e-06
450,0.0,183.85855102539062,18.532262802124023,68.6014404296875,0.00011056372022721916
450,8.310931205749512,189.99044799804688,23.26067352294922,53.9290771484375,4.288269701646641e-05
450,6.52992057800293,156.17913818359375,56.986724853515625,132.97137451171875,6.427074367820751e-06
450,31.192344665527344,187.52838134765625,24.51673126220703,58.5592041015625,3.0923686153983e-06
450,104.58340454101562,183.50112915039062,21.401336669921875,50.700225830078125,9.586814258000231e-07
450,0.0,172.29991149902344,31.90363311767578,108.23225402832031,0.0014166838955134153
450,15.738046646118164,194.64968872070312,23.39333152770996,54.70556640625,3.0043443985050544e-05
450,8.725215911865234,186.73837280273438,35.967430114746094,87.03201293945312,7.427397576975636e-06
450,23.0776424407959,193.89480590820312,26.562082290649414,62.28021240234375,3.6979065498599084e-06
450,0.0,181.7106170654297,42.31510543823242,145.08937072753906,0.00011429531878093258
450,0.0,180.911376953125,61.228614807128906,224.68829345703125,1.7057283912436105e-05
450,0.0,219.46359252929688,33.20066452026367,150.60760498046875,7.5153288889850955e-06
480,0.0,123.35601043701172,91.08827209472656,232.24261474609375,8.032229743548669e-06
480,542.9619140625,220.49078369140625,22.77197265625,53.222564697265625,5.4878087212273385e-06
510,0.0,136.39198303222656,13.620573043823242,51.22955322265625,3.026501190106501e-06
510,0.0,155.32640075683594,15.212520599365234,54.257537841796875,0.0004055832396261394
510,0.0,133.59384155273438,21.10725212097168,93.63095092773438,2.6239872568112332e-06
510,0.0,80.2921371459961,46.078529357910156,233.49319458007812,1.1133683983644005e-06
510,194.57696533203125,169.700927734375,22.884033203125,52.129180908203125,3.3804255963332253e-06
510,0.0,173.85806274414062,13.854107856750488,53.683197021484375,3.793112227867823e-06
510,199.67724609375,180.611572265625,22.322265625,52.162445068359375,0.00037891772808507085
510,608.6580810546875,278.8719787597656,21.054931640625,51.91644287109375,8.65612855704967e-06
540,0.0,192.19166564941406,15.79234504699707,56.2498779296875,8.233943844970781e-06
570,0.0,345.1767272949219,62.752532958984375,135.32327270507812,3.120946757917409e-06
570,600.7103271484375,363.45013427734375,39.7896728515625,117.04986572265625,6.2467606767313555e-06
600,0.0,151.92926025390625,15.563149452209473,57.16796875,3.1299455258704256e-06
600,0.0,168.71722412109375,17.16286849975586,61.13934326171875,0.00037821437581442297
600,5.02952766418457,174.90203857421875,25.498241424560547,59.55548095703125,7.858130629756488e-06
600,0.0,154.8283233642578,23.649343490600586,98.87533569335938,2.8172860766062513e-05
600,0.0,188.77133178710938,14.85717487335205,54.3841552734375,6.663382464466849e-06
600,0.0,135.0476837158203,43.07270050048828,215.52183532714844,5.616576345346402e-06
600,449.94677734375,198.0509033203125,22.3382568359375,52.93609619140625,1.2350808447081363e-06
600,488.5263671875,208.62841796875,22.0677490234375,52.629425048828125,2.9530701795010827e-06
600,0.0,193.32403564453125,20.397804260253906,80.10678100585938,5.245416105026379e-06
630,597.0786743164062,0.0,43.42132568359375,121.22396087646484,8.35416472000361e-07
630,56.4527473449707,189.5756378173828,22.148723602294922,52.596588134765625,1.5154577340581454e-05
630,175.4944610595703,188.22357177734375,20.811065673828125,50.67669677734375,4.5960143324919045e-05
630,432.1357727050781,180.58297729492188,20.955810546875,50.597930908203125,1.6659715811329079e-06
630,50.85314178466797,182.78001403808594,33.21247863769531,80.75392150878906,5.800431154057151e-06
630,63.25571060180664,196.60447692871094,22.014705657958984,52.68096923828125,0.00013152326573617756
630,51.16899490356445,198.78004455566406,23.31741714477539,53.58782958984375,0.0004242885916028172
630,84.26995849609375,100.40371704101562,153.43783569335938,309.08154296875,3.6372166505316272e-06
630,476.5318908691406,169.77467346191406,34.52386474609375,82.226806640625,0.00019160275405738503
630,487.0421447753906,175.71890258789062,34.533599853515625,83.95086669921875,6.7400114858173765e-06
630,58.28284454345703,205.21934509277344,22.176177978515625,52.35679626464844,0.0431239940226078
630,69.60868835449219,204.558349609375,22.509552001953125,53.071563720703125,7.254250522237271e-05
630,520.7157592773438,218.79592895507812,21.9827880859375,52.33984375,6.862747795821633e-06
630,62.10775375366211,209.23809814453125,24.505008697509766,60.95489501953125,0.00024260379723273218
630,584.7496948242188,230.32012939453125,24.12744140625,55.86895751953125,0.005682263057678938
630,600.42236328125,236.57530212402344,21.0323486328125,51.20741271972656,7.4266754381824285e-06
630,616.6621704101562,238.2653045654297,21.1239013671875,50.70530700683594,4.299514330341481e-06
630,592.5090942382812,238.61639404296875,22.1834716796875,52.32269287109375,3.916544665116817e-05
630,608.841552734375,241.15988159179688,22.8590087890625,53.91192626953125,4.539199380815262e-06
630,626.6636352539062,242.23162841796875,13.83636474609375,56.91986083984375,2.0604942619684152e-05
660,597.228271484375,0.0,43.271728515625,120.7235336303711,1.4337313132273266e-06
660,451.5377502441406,170.9376983642578,21.4373779296875,51.26629638671875,4.480116331251338e-06
660,458.2023620605469,175.5725860595703,21.96795654296875,52.01324462890625,0.001905847922898829
660,464.8528137207031,178.65826416015625,21.40362548828125,51.098480224609375,0.4284955561161041
660,456.52142333984375,163.47434997558594,36.6385498046875,81.03277587890625,1.9458350379863987e-06
660,395.602294921875,95.40631103515625,135.93634033203125,306.5262451171875,2.1542593913181918e-06
660,469.09423828125,176.7849578857422,25.89093017578125,62.06707763671875,2.9483280741260387e-05
660,477.98577880859375,180.529052734375,20.9658203125,50.897247314453125,6.827386641816702e-06
660,0.0,167.04293823242188,31.028181076049805,143.74984741210938,3.330820845803828e-06
660,600.1456909179688,360.456787109375,40.35430908203125,120.043212890625,4.04034608436632e-06
690,612.1893310546875,0.0,28.3106689453125,62.986167907714844,2.186249190572198e-07
690,595.931640625,0.0,44.568359375,119.78214263916016,5.102738214191049e-06
690,578.936767578125,0.0,61.563232421875,176.90921020507812,1.3415806279226672e-06
690,628.12646484375,15.982751846313477,12.37353515625,55.079071044921875,4.6404879867623094e-06
690,369.7503967285156,175.1088409423828,20.35693359375,51.136260986328125,1.6267244973278139e-06
690,606.421875,168.28057861328125,24.1243896484375,59.3551025390625,5.720408807974309e-06
690,524.0648193359375,181.6854248046875,26.4918212890625,62.70660400390625,0.00027488594059832394
690,567.4349365234375,183.97132873535156,21.3958740234375,50.555816650390625,9.348012099508196e-06
690,532.4859008789062,183.1807098388672,26.613525390625,63.5252685546875,0.9951425790786743
690,541.0189819335938,182.12660217285156,26.8914794921875,64.33395385742188,0.7108827829360962
690,550.546142578125,185.8731231689453,24.12841796875,56.7012939453125,0.2562059462070465
690,602.405517578125,185.60403442382812,22.314453125,51.829803466796875,0.0007583448314107955
690,594.4010620117188,169.70498657226562,36.9996337890625,84.98428344726562,1.960361487363116e-06
690,613.9681396484375,184.3681182861328,24.1949462890625,55.744659423828125,1.7663616745267063e-05
690,627.714599609375,185.41270446777344,12.785400390625,51.679931640625,2.5118451958405785e-05
690,0.0,189.4154815673828,15.554309844970703,55.1444091796875,1.1995087334071286e-05
690,548.81298828125,177.17898559570312,35.13330078125,81.45980834960938,8.847376011544839e-05
690,586.6544189453125,189.5799102783203,20.9544677734375,50.658477783203125,8.301846719405148e-06
690,595.50830078125,189.3961639404297,22.88720703125,53.868896484375,0.00012034985411446542
690,558.2628784179688,190.98951721191406,23.815185546875,55.648773193359375,9.313100599683821e-05
690,607.7308959960938,193.30226135253906,21.966796875,53.157623291015625,4.503136733546853e-05
690,624.8107299804688,190.89273071289062,15.68927001953125,74.8985595703125,4.188281309325248e-06
720,498.4138488769531,200.5816192626953,23.252532958984375,54.7568359375,7.096310127963079e-06
720,529.046630859375,202.1473846435547,24.809814453125,57.26884460449219,1.0661100532161072e-05
720,504.6662292480469,208.80691528320312,22.435150146484375,53.85052490234375,0.0006197216571308672
720,520.3042602539062,206.81903076171875,23.39697265625,55.238250732421875,6.2638150666316506e-06
720,541.0103149414062,206.20997619628906,23.6402587890625,54.94035339355469,1.0653985555109102e-05
720,535.2593994140625,213.03579711914062,22.796142578125,53.793182373046875,0.00043984880903735757
720,528.9064331054688,196.90101623535156,36.4420166015625,82.49186706542969,8.199082003557123e-06
720,511.6928405761719,212.23683166503906,23.042816162109375,55.21031188964844,2.7812748157884926e-05
750,626.077880859375,215.34478759765625,14.422119140625,62.27874755859375,8.13504357211059e-06
750,617.3622436523438,190.616455078125,23.13775634765625,100.4864501953125,1.0946387192234397e-05
750,596.2735595703125,133.091796875,44.2264404296875,236.78555297851562,1.0175595889450051e-05
780,497.2996520996094,189.44956970214844,21.224395751953125,51.239990234375,9.47703665588051e-06
780,561.4537353515625,205.2457275390625,21.41748046875,50.607574462890625,1.9663058992591687e-05
780,578.7328491210938,203.7859344482422,23.4075927734375,54.40715026855469,2.039493847405538e-05
780,569.3956909179688,204.59605407714844,21.6453857421875,51.26080322265625,3.271007699368056e-06
780,585.51513671875,209.79702758789062,21.8629150390625,51.183380126953125,0.006476875394582748
780,509.4953918457031,131.19447326660156,131.00460815429688,302.2015380859375,1.0872384336835239e-05
780,627.041259765625,209.31051635742188,13.458740234375,56.7559814453125,7.119072506611701e-06
780,598.60595703125,212.29339599609375,22.8338623046875,53.075164794921875,1.0342017048969865e-05
780,591.0253295898438,214.5443115234375,22.3348388671875,52.901336669921875,0.00015209261619020253
780,580.9210205078125,212.2003173828125,30.299072265625,72.73300170898438,7.99913686932996e-06
810,594.9771118164062,0.0,45.52288818359375,120.46854400634766,2.611838453958626e-06
810,576.658935546875,0.0,63.841064453125,172.96426391601562,2.303887413290795e-06
810,2.6748600006103516,183.9104766845703,21.294431686401367,51.151763916015625,1.6696709280950017e-05
810,0.0,191.17056274414062,15.004668235778809,53.80010986328125,1.2438180419849232e-05
810,592.51953125,210.86451721191406,21.635986328125,50.66703796386719,1.0088555200127303e-06
840,626.7373657226562,208.12791442871094,13.76263427734375,50.99992370605469,2.9358679967117496e-05
840,602.0614624023438,212.58697509765625,21.3489990234375,51.458709716796875,2.2647522200713865e-05
840,609.971923828125,210.96170043945312,22.476318359375,52.95684814453125,1.023472759698052e-05
840,617.7849731445312,215.98948669433594,22.2147216796875,52.36018371582031,0.00025361537700518966
840,612.1581420898438,174.86660766601562,28.34185791015625,127.688720703125,7.568705314042745e-06
840,566.8992309570312,117.18911743164062,73.60076904296875,320.2005615234375,1.1868431101902388e-05
840,626.5103759765625,224.40359497070312,13.9896240234375,56.556365966796875,4.9613136070547625e-05
840,600.4544067382812,364.24407958984375,40.04559326171875,116.25592041015625,4.7013045332278125e-06
870,0.0,183.93190002441406,15.019752502441406,52.49200439453125,2.6960608010995202e-05
870,0.0,159.42835998535156,22.661651611328125,95.44436645507812,3.6332861782284454e-05
870,0.0,121.86322021484375,42.20232391357422,222.5296630859375,2.8375739020702895e-06
870,0.0,197.5071258544922,20.651533126831055,50.95477294921875,0.002657317090779543
870,5.001686096191406,192.4112091064453,23.644611358642578,56.329437255859375,6.581520665349672e-06
870,628.0267944335938,207.667236328125,12.47320556640625,51.272857666015625,7.726584044576157e-06
870,0.0,209.10047912597656,15.182483673095703,53.41639709472656,4.5000801037531346e-05
900,0.0,0.0,48.26272201538086,109.91943359375,3.98700058212853e-06
900,0.0,0.0,63.16376876831055,169.28311157226562,4.4600042201636825e-06
900,596.5242919921875,0.0,43.9757080078125,121.9312515258789,1.2778751852238202e-06
900,627.5203247070312,129.77972412109375,12.97967529296875,52.5111083984375,6.629926701862132e-06
900,2.0769386291503906,159.4077911376953,21.284442901611328,51.336944580078125,1.1333509974065237e-05
900,0.0,167.64840698242188,15.490468978881836,54.673919677734375,8.711158443475142e-06
900,32.74924850463867,178.0426788330078,22.19489288330078,52.420867919921875,3.341603223816492e-05
900,175.07269287109375,184.92604064941406,21.187896728515625,51.53173828125,1.0688157090044115e-05
960,400.6724548339844,175.4456329345703,21.87078857421875,54.142181396484375,8.614361831860151e-06
960,0.0,200.0104217529297,15.620704650878906,55.595947265625,3.896264843206154e-06
960,7.898619651794434,203.14161682128906,22.802108764648438,53.43731689453125,8.277287406599498e-07
960,599.3193969726562,361.34375,41.18060302734375,119.15625,6.052080152585404e-06
990,410.08544921875,171.6949005126953,22.8232421875,53.4326171875,2.9576998713309877e-05
990,417.4216003417969,172.42066955566406,22.8486328125,53.688751220703125,0.00022837794676888734
990,425.71343994140625,177.112548828125,22.29522705078125,53.462432861328125,0.03546243906021118
990,431.832275390625,181.92062377929688,22.2154541015625,53.337921142578125,0.011034484952688217
990,425.3337097167969,164.3907928466797,34.80810546875,80.88641357421875,1.2229193998791743e-05
990,441.18792724609375,182.23516845703125,22.0086669921875,51.32843017578125,0.003284819656983018
990,447.4048156738281,190.06324768066406,22.65374755859375,52.786590576171875,1.632150997465942e-05
990,599.9193115234375,362.4267272949219,40.5806884765625,118.07327270507812,7.84688199928496e-06
1020,425.6896667480469,170.37982177734375,23.2620849609375,54.589111328125,0.0002552163496147841
1020,449.3777160644531,166.90219116210938,27.933349609375,64.6046142578125,7.695271779084578e-05
1020,458.33953857421875,160.89132690429688,28.8291015625,68.37179565429688,0.04800860211253166
1020,468.35235595703125,165.13580322265625,25.22332763671875,60.071075439453125,9.172724276140798e-06
1020,429.65838623046875,163.98898315429688,29.3507080078125,70.6531982421875,1.562106808705721e-05
1020,442.2257080078125,174.91888427734375,21.15533447265625,51.0206298828125,2.3311284166993573e-05
1020,439.56396484375,164.59300231933594,30.54351806640625,72.6646728515625,1.777044963091612e-05
1020,447.3175048828125,150.33409118652344,47.25543212890625,110.52189636230469,3.701821333379485e-05
1020,465.0938415527344,181.1041259765625,21.36126708984375,51.579986572265625,2.151266744476743e-05
1020,463.6910400390625,165.92559814453125,34.97479248046875,85.4197998046875,0.0003485770139377564
1020,479.25067138671875,182.54107666015625,23.4908447265625,56.71490478515625,1.3992145113661536e-06
1020,450.8631286621094,185.055419921875,20.5601806640625,51.100433349609375,1.8153970813727938e-05
1020,457.8914794921875,185.51052856445312,21.7430419921875,53.639312744140625,0.0004116769414395094
1020,473.66290283203125,177.753662109375,34.13287353515625,83.35107421875,1.8247922071168432e-06
1020,473.57342529296875,198.38992309570312,21.91455078125,53.010009765625,1.1968555554631166e-05
1020,484.9228820800781,196.01991271972656,26.35162353515625,62.15504455566406,1.5728760445199441e-06
1020,480.2665100097656,207.81678771972656,21.9481201171875,52.41203308105469,4.634574906958733e-06
1020,600.938720703125,364.2858581542969,39.561279296875,116.21414184570312,7.616043149027973e-06
1050,489.6474914550781,150.68701171875,22.42999267578125,54.259552001953125,7.84760486567393e-05
1050,107.21643829345703,162.56900024414062,21.764976501464844,51.053375244140625,1.8300781448488124e-05
1050,481.1048889160156,154.35223388671875,28.23681640625,67.18243408203125,0.000577324943151325
1050,456.4649353027344,164.27626037597656,26.87225341796875,62.148101806640625,5.8864338825515006e-06
1050,483.9217529296875,148.92015075683594,38.64971923828125,93.04241943359375,0.9998669624328613
1050,495.742919921875,158.09225463867188,23.08294677734375,55.76580810546875,1.4301520423032343e-05
1050,504.9775695800781,159.18780517578125,31.649078369140625,74.26669311523438,3.96163304685615e-05
1050,450.813232421875,171.82359313964844,20.9332275390625,51.043548583984375,8.141321814036928e-06
1050,473.93841552734375,169.5354461669922,22.2752685546875,54.3121337890625,0.0003607402613852173
1050,470.1898498535156,156.68966674804688,34.1766357421875,81.9564208984375,0.003605868900194764
1050,112.74066162109375,169.6052703857422,21.607681274414062,51.01983642578125,0.00013829799718223512
1050,465.0333557128906,172.57009887695312,27.291748046875,64.6434326171875,0.014827183447778225
1050,503.9142761230469,174.02061462402344,22.798126220703125,53.720306396484375,2.8627016945392825e-05
1050,463.95697021484375,144.2334747314453,47.974365234375,116.40281677246094,3.939238922612276e-06
1050,480.9447326660156,175.81553649902344,21.69683837890625,54.276641845703125,1.2665294889302459e-05
1050,459.93438720703125,185.9586944580078,21.31072998046875,52.91900634765625,0.0009843839798122644
1050,499.498291015625,185.07142639160156,21.26995849609375,51.570587158203125,2.268269054184202e-05
1050,463.366455078125,123.79317474365234,81.2034912109375,192.59197998046875,4.21264412580058e-05
1050,494.36846923828125,163.73243713378906,35.5926513671875,87.07693481445312,0.9366317391395569
1050,472.2703552246094,186.2455596923828,23.51519775390625,57.06854248046875,0.0006281290552578866
1050,488.4472961425781,183.95587158203125,25.554473876953125,61.853729248046875,0.00029305386124178767
1050,503.03240966796875,189.4992218017578,24.6412353515625,57.6739501953125,0.0009882817976176739
1050,510.86639404296875,194.07286071777344,23.3021240234375,56.047119140625,5.891100954613648e-06
1050,465.5328063964844,195.36026000976562,21.6551513671875,53.144683837890625,1.0083408596983645e-05
1050,601.8614501953125,362.7344055175781,38.6385498046875,117.76559448242188,7.809963790350594e-06
1080,493.7611389160156,140.83517456054688,30.847259521484375,77.63253784179688,0.04031198099255562
1080,489.816650390625,147.42068481445312,25.3426513671875,61.3740234375,0.00010728959023253992
1080,481.2184143066406,124.17971801757812,74.42721557617188,183.2275390625,0.00029115931829437613
1080,470.358642578125,151.7436065673828,29.459228515625,70.11959838867188,1.2039979992550798e-05
1080,483.6568908691406,152.73812866210938,21.01434326171875,51.730682373046875,0.00020482324180193245
1080,480.0321350097656,150.21435546875,31.9935302734375,76.09112548828125,0.00010315512190572917
1080,484.0921936035156,145.7291259765625,44.256134033203125,107.32891845703125,0.9443742036819458
1080,463.5016174316406,146.69744873046875,99.92898559570312,236.36798095703125,1.8843998986994848e-05
1080,527.1359252929688,154.5426483154297,36.964111328125,88.20428466796875,1.6324327589245513e-05
1080,8.580842971801758,177.7722930908203,21.312171936035156,51.997344970703125,1.1504631402203813e-05
1080,502.26263427734375,160.33447265625,28.2962646484375,67.94790649414062,3.980499241151847e-05
1080,496.58416748046875,140.62771606445312,48.9849853515625,118.8170166015625,0.9997877478599548
1080,515.9755859375,163.95742797851562,28.157958984375,66.15328979492188,3.6708581774291815e-06
1080,525.28955078125,164.45333862304688,26.0225830078125,60.8380126953125,4.311672455514781e-06
1080,0.0,177.79347229003906,14.379035949707031,53.908538818359375,3.284835838712752e-05
1080,16.151634216308594,177.1223602294922,21.450298309326172,51.751800537109375,2.442308186800801e-06
1080,450.7271423339844,153.27035522460938,39.52142333984375,97.848388671875,0.00010821412433870137
1080,465.7408447265625,144.87063598632812,42.3184814453125,105.481201171875,6.260503141675144e-05
1080,513.5029907226562,154.51678466796875,40.8768310546875,98.40536499023438,0.02877306379377842
1080,524.7772216796875,127.67129516601562,54.07177734375,131.39013671875,3.023757699338603e-06
1080,537.5050048828125,165.6830596923828,36.1517333984375,87.59103393554688,9.121961738856044e-06
1080,609.2709350585938,145.64993286132812,31.22906494140625,138.6912841796875,1.8934667878056644e-06
1080,2.46311092376709,187.2664031982422,21.480663299560547,51.639434814453125,3.412553951420705e-06
1080,449.87353515625,191.304931640625,21.49481201171875,52.6427001953125,7.238410944410134e-06
1080,455.4483642578125,185.5196075439453,27.31854248046875,63.762847900390625,4.200997864245437e-05
1080,464.99298095703125,187.36843872070312,23.2083740234375,57.401763916015625,5.897953087696806e-06
1080,461.7445983886719,174.6138916015625,33.51519775390625,81.58059692382812,1.8998782252310775e-05
1080,554.3345947265625,181.2262420654297,32.845703125,77.43312072753906,7.990042649907991e-05
1080,472.4094543457031,191.63699340820312,23.27777099609375,58.413909912109375,1.3421958101389464e-05
1080,506.21356201171875,171.16009521484375,35.3304443359375,82.84597778320312,0.013610371388494968
1080,517.6170654296875,187.11624145507812,27.3919677734375,64.0267333984375,1.2625161616597325e-05
1080,560.4940185546875,200.68548583984375,21.168701171875,51.438934326171875,3.7779859667352866e-06
1080,566.8563842773438,198.76010131835938,24.1865234375,55.695526123046875,2.170323341488256e-06
1080,616.3945922851562,207.8383026123047,22.9998779296875,54.00343322753906,2.3126613086787984e-05
1080,503.065185546875,191.80123901367188,26.4454345703125,63.0673828125,9.119148307945579e-05
1080,602.3717651367188,211.3550567626953,21.084716796875,51.22651672363281,1.0984358596033417e-05
1080,608.46630859375,216.19400024414062,27.0048828125,61.66864013671875,2.77710296359146e-05
1080,593.3753051757812,149.58419799804688,47.12469482421875,230.38458251953125,1.9001356122316793e-05
1080,627.2776489257812,222.20556640625,13.22235107421875,51.24969482421875,2.8713604478980415e-05
1080,622.3123168945312,211.61276245117188,18.18768310546875,79.31256103515625,0.00014611301594413817
1080,614.481201171875,191.84686279296875,26.018798828125,119.13638305664062,0.00014950474724173546
1080,619.9647216796875,233.10842895507812,20.5352783203125,84.43682861328125,1.2227293154865038e-05
1080,600.1106567382812,359.49212646484375,40.38934326171875,121.00787353515625,8.001631613296922e-06
1110,429.3460998535156,134.57708740234375,65.82720947265625,161.09765625,0.9999717473983765
1110,452.3748779296875,142.630615234375,58.75250244140625,143.61404418945312,0.5268390774726868
1110,423.3901062011719,138.2071533203125,50.40753173828125,120.01751708984375,0.015990234911441803
1110,64.1343994140625,158.51651000976562,21.711593627929688,51.172607421875,0.0001281843287870288
1110,409.6888122558594,152.38917541503906,46.69354248046875,109.59593200683594,0.00020618228882085532
1110,442.62481689453125,154.64459228515625,45.53173828125,111.3460693359375,0.0007387392688542604
1110,411.6012268066406,105.385009765625,100.4766845703125,241.447265625,3.8486410630866885e-05
1110,470.7569580078125,154.19873046875,48.10858154296875,112.93331909179688,0.0003442351589910686
1110,625.6134643554688,213.0496063232422,14.88653564453125,63.00669860839844,5.944598888163455e-05
1110,89.26760864257812,158.1778564453125,22.0975341796875,51.46099853515625,0.0001879340852610767
1110,1.5019960403442383,177.08062744140625,22.11209487915039,51.340972900390625,8.900603279471397e-05
1110,437.29937744140625,152.0605926513672,32.569091796875,81.6258544921875,0.00015477294800803065
1110,614.6438598632812,199.77944946289062,25.85614013671875,76.98641967773438,3.555737202987075e-05
1110,407.0807189941406,159.24093627929688,33.59912109375,81.46817016601562,1.3494216545950621e-05
1110,453.0456848144531,162.01646423339844,31.6212158203125,80.10977172851562,8.776155300438404e-05
1110,460.3219299316406,170.883056640625,32.10943603515625,83.3621826171875,0.00021542662580031902
1110,448.0517578125,118.20732879638672,84.98052978515625,205.33837890625,1.0903262364081456e-06
1110,430.7847595214844,142.65786743164062,30.2830810546875,76.94149780273438,0.00024827956804074347
1110,59.98601531982422,167.56719970703125,21.526138305664062,51.794403076171875,1.4480301615549251e-05
1110,0.0,181.6957244873047,15.066018104553223,53.3966064453125,1.6404404959757812e-05
1110,420.9746398925781,158.9080352783203,31.62469482421875,80.2822265625,4.06264080083929e-05
1110,477.14898681640625,164.60369873046875,29.37005615234375,74.31509399414062,7.297478987311479e-06
1110,448.1767883300781,173.82821655273438,23.62548828125,57.157440185546875,0.001336711342446506
1110,409.9454040527344,168.79566955566406,21.743408203125,54.92041015625,1.3153912732377648e-05
1110,430.16961669921875,176.16635131835938,46.27545166015625,107.78030395507812,3.2113891847984632e-06
1110,70.91886138916016,153.5587158203125,23.590072631835938,55.513824462890625,2.7868129109265283e-05
1110,627.127685546875,197.46633911132812,13.372314453125,53.647186279296875,1.2999588761886116e-05
1110,441.5564270019531,153.3146209716797,22.734619140625,55.84716796875,0.014236398041248322
1110,427.833251953125,168.7157745361328,33.5184326171875,81.90792846679688,7.14775305823423e-05
1110,599.4982299804688,361.08477783203125,41.00177001953125,119.41522216796875,1.0484291124157608e-05
1110,485.98748779296875,159.92799377441406,27.1544189453125,65.96646118164062,6.689592555630952e-05
1110,81.88848876953125,157.36097717285156,22.419815063476562,52.265380859375,1.6297652109642513e-05
1110,433.14227294921875,165.87741088867188,22.66461181640625,58.95196533203125,1.9250284822192043e-05
1110,398.84722900390625,172.58531188964844,33.654541015625,77.71768188476562,5.528258384401852e-07
1110,6.879807472229004,166.5845947265625,23.974620819091797,56.66253662109375,3.3827152492449386e-06
1110,0.0,161.47964477539062,16.617807388305664,58.7398681640625,5.391291779233143e-06
1110,416.9831237792969,162.6728057861328,22.81866455078125,56.937469482421875,4.2235660657752305e-06
1110,610.6024169921875,407.2095947265625,29.8975830078125,73.2904052734375,5.22541495229234e-06
1110,462.25634765625,168.36639404296875,23.830078125,58.286712646484375,2.2339385395753197e-05
1110,441.4190979003906,178.45909118652344,22.46630859375,58.96160888671875,0.00011625076876953244
1110,445.7379455566406,139.919921875,31.74652099609375,79.52029418945312,0.00030692206928506494
1140,296.7944641113281,110.98127746582031,87.24993896484375,209.35276794433594,0.9906412959098816
1140,282.3605041503906,120.59293365478516,73.0057373046875,176.85711669921875,0.0024891176726669073
1140,56.203857421875,166.36984252929688,21.921524047851562,51.512420654296875,0.0008805285906419158
1140,327.47833251953125,137.3467254638672,70.93927001953125,167.8120880126953,0.08715595304965973
1140,315.7904968261719,126.96684265136719,60.63385009765625,143.90333557128906,0.00012193343718536198
1140,289.8260192871094,106.39266967773438,127.22412109375,291.1335754394531,0.0006796983652748168
1140,305.20159912109375,141.30856323242188,40.13055419921875,99.66195678710938,9.092178515857086e-05
1140,312.1155090332031,155.39239501953125,27.0272216796875,69.36187744140625,0.0010911396238952875
1140,261.86865234375,87.40834045410156,112.974365234375,275.9859619140625,1.9721708213182865e-06
1140,306.5639343261719,155.87954711914062,59.01318359375,146.45166015625,6.261781527427956e-05
1140,336.0925598144531,130.61526489257812,50.4097900390625,118.47177124023438,1.8811713744071312e-05
1140,320.9688720703125,148.71832275390625,27.03961181640625,69.850341796875,0.004726627841591835
1140,286.123291015625,134.08203125,49.76873779296875,118.89236450195312,4.805115167982876e-06
1140,303.8553161621094,162.43994140625,27.28778076171875,70.72640991210938,3.1977237085811794e-05
1140,320.5572204589844,173.87303161621094,22.980224609375,55.971405029296875,6.634512101300061e-05
1140,320.0590515136719,148.92770385742188,40.70416259765625,102.86270141601562,1.4781604477320798e-05
1140,306.4239196777344,153.74139404296875,22.2564697265625,55.532470703125,0.0006090454407967627
1140,313.09228515625,179.47659301757812,21.7730712890625,57.721923828125,1.2525324564194307e-05
1140,331.4707336425781,162.73081970214844,17.86285400390625,50.51983642578125,0.0026776038575917482
1140,81.21463775634766,160.4757080078125,22.471542358398438,51.90643310546875,2.8650994863710366e-05
1140,336.4986572265625,171.85507202148438,26.54931640625,72.10769653320312,9.076222340809181e-05
1140,327.7655944824219,175.3485565185547,23.4329833984375,55.19287109375,8.572790829930454e-05
1140,351.3084716796875,149.23472595214844,26.50396728515625,67.78790283203125,6.866558123874711e-06
1140,332.4394226074219,163.95587158203125,41.13983154296875,102.50955200195312,5.773527664132416e-05
1140,313.7147521972656,173.78541564941406,41.76531982421875,101.79014587402344,6.9589900704158936e-06
1140,343.3681945800781,178.3361358642578,26.8577880859375,74.6424560546875,4.707595144282095e-05
1140,299.7145690917969,164.83096313476562,40.8760986328125,101.78268432617188,6.494616627605865e-06
1140,336.096435546875,160.22857666015625,22.5645751953125,55.991058349609375,0.0024625633377581835
1140,599.0127563476562,360.00347900390625,41.48724365234375,120.49652099609375,8.73692442837637e-06
1140,298.2554931640625,153.6269073486328,21.8052978515625,55.132476806640625,4.403858383739134e-06
1140,344.30706787109375,153.5380096435547,23.066162109375,56.502288818359375,2.146729275409598e-05
1140,340.8027038574219,117.73689270019531,97.08502197265625,231.6245574951172,1.3923074675403768e-06
1140,295.8021545410156,170.44247436523438,28.15142822265625,70.57125854492188,1.2491159395722207e-05
1140,320.53515625,195.31881713867188,22.83099365234375,58.611175537109375,9.278751349484082e-06
1140,314.4237365722656,141.64544677734375,21.91326904296875,55.99652099609375,7.093914518918609e-06
1170,145.0654754638672,121.76190185546875,89.45468139648438,218.37051391601562,0.9999998807907104
1170,106.39469909667969,94.40922546386719,119.156982421875,285.57904052734375,0.00017630112415645272
1170,46.116371154785156,242.94375610351562,33.073081970214844,79.5323486328125,0.06697448343038559
1170,129.11013793945312,135.64599609375,73.4312744140625,179.65350341796875,0.04341541975736618
1170,173.5633544921875,151.38516235351562,71.58560180664062,175.24261474609375,0.00036947193439118564
1170,133.05181884765625,131.31594848632812,51.79461669921875,122.80880737304688,0.002523699076846242
1170,162.43902587890625,134.6156768798828,62.650543212890625,150.6514129638672,6.40760044916533e-05
1170,145.72866821289062,167.99517822265625,22.177703857421875,56.210113525390625,0.0005823203246109188
1170,89.45674133300781,101.0111312866211,96.20159912109375,235.13265991210938,0.00042351236334070563
1170,108.44512939453125,142.5474853515625,64.89111328125,159.27133178710938,7.287962944246829e-05
1170,153.19451904296875,165.8761749267578,26.0343017578125,63.7413330078125,0.02170700579881668
1170,144.2093048095703,180.86953735351562,26.800018310546875,66.38064575195312,0.00020382148795761168
1170,154.17652893066406,188.5728302001953,21.3909912109375,57.495513916015625,0.00010058903717435896
1170,49.195518493652344,252.38255310058594,22.479637145996094,52.06819152832031,7.330891094170511e-06
1170,49.105712890625,183.23654174804688,21.90843963623047,51.953460693359375,5.1802285270241555e-06
1170,132.8876495361328,154.4577178955078,36.00872802734375,88.717529296875,6.484190816991031e-05
1170,147.92279052734375,173.83840942382812,37.32330322265625,93.09103393554688,2.9491270652215462e-06
1170,182.94593811035156,138.20797729492188,53.26177978515625,120.198974609375,5.214776592765702e-06
1170,137.90843200683594,167.9852294921875,22.597198486328125,56.62127685546875,4.57533860753756e-05
1170,161.66636657714844,188.6000213623047,21.68994140625,58.34063720703125,0.0002146589831681922
1170,161.84068298339844,165.54833984375,25.489837646484375,66.00177001953125,0.001647376804612577
1170,114.70574951171875,187.75599670410156,21.019927978515625,52.61688232421875,6.0276056501606945e-06
1170,155.0963134765625,152.76837158203125,36.976287841796875,93.83016967773438,0.00011154815001646057
1170,106.23577117919922,188.65357971191406,21.743118286132812,52.984466552734375,5.568043889070395e-06
1170,199.193359375,179.47232055664062,26.713714599609375,71.74310302734375,7.88935267337365e-06
1170,94.04966735839844,176.81869506835938,43.67744445800781,105.25033569335938,3.9078827285266016e-06
1200,627.9635620117188,148.28770446777344,12.53643798828125,50.87786865234375,1.7722067013892229e-06
1200,0.0,152.3880157470703,19.878215789794922,67.19039916992188,2.772673178697005e-05
1200,0.0,131.87661743164062,32.60612869262695,123.25689697265625,9.637166658649221e-05
1200,0.0,128.9302978515625,53.81863021850586,167.38287353515625,0.004933045711368322
1200,1.4684200286865234,161.8125762939453,26.76482582092285,68.5650634765625,2.254529499623459e-05
1200,10.939088821411133,167.92413330078125,18.836345672607422,52.233551025390625,0.00014476419892162085
1200,15.882308959960938,162.81378173828125,27.207801818847656,71.70529174804688,0.00010974262841045856
1200,6.597679138183594,154.13662719726562,39.78643798828125,97.55389404296875,0.00018062445451505482
1200,24.26959800720215,170.24163818359375,23.798486709594727,55.916015625,2.6380232611700194e-06
1200,24.7613582611084,160.0749053955078,36.33496856689453,87.861328125,2.5949952032533474e-05
1200,0.0,173.51914978027344,15.84496021270752,60.120574951171875,1.2817690731026232e-05
1200,18.312299728393555,178.23570251464844,18.483354568481445,50.9990234375,0.00019978817726951092
1200,32.68362045288086,178.6319580078125,23.182861328125,54.11029052734375,2.450848842272535e-05
1200,15.443716049194336,147.23805236816406,52.54119110107422,123.29838562011719,2.9028464268776588e-05
1200,41.91487121582031,178.73524475097656,22.09583282470703,52.552337646484375,5.091439379611984e-05
1200,49.49742126464844,186.6299285888672,21.618392944335938,52.169677734375,4.657783847505925e-06
1200,0.0,120.16915893554688,111.01344299316406,306.840576171875,3.1934255275700707e-06
1200,0.0,109.15887451171875,72.44771575927734,248.06283569335938,0.9825953245162964
1200,15.817070007324219,193.80735778808594,25.437091827392578,57.342041015625,1.186129156849347e-05
1200,25.30147933959961,190.81381225585938,25.600540161132812,65.14410400390625,0.00015761336544528604
1200,32.905147552490234,177.65359497070312,36.18190383911133,85.57528686523438,2.201714778493624e-06
1200,20.754474639892578,149.61830139160156,66.89125061035156,166.1123504638672,4.912098461318237e-07
1200,623.175537109375,181.13824462890625,17.324462890625,79.05661010742188,2.1559244487434626e-05
1200,613.169189453125,150.50088500976562,27.330810546875,125.38458251953125,2.2260260266193654e-06
1200,31.985095977783203,202.81338500976562,24.222381591796875,54.9874267578125,4.32270644523669e-06
1200,40.88092803955078,201.0973663330078,23.513275146484375,54.625518798828125,3.813920557149686e-05
1200,24.665388107299805,191.4724578857422,38.79338836669922,90.95515441894531,5.402467309068015e-07
1200,627.1118774414062,209.0751953125,13.38812255859375,52.256103515625,3.6196418022882426e-06
1200,0.0,169.75576782226562,35.66130447387695,133.29214477539062,2.3522246920038015e-05
1200,0.0,168.1143798828125,52.15948486328125,227.54425048828125,0.00010012948041548952
1200,0.0,222.47032165527344,36.7277717590332,157.00746154785156,7.141743481042795e-06
1230,627.894287109375,148.67532348632812,12.605712890625,50.6024169921875,3.2477848890266614e-06
1230,55.65465545654297,189.8891143798828,21.91571044921875,51.70819091796875,3.950515383621678e-05
1230,0.0,192.9772491455078,15.39224910736084,55.553955078125,4.659392288886011e-06
1230,622.453125,178.95004272460938,18.046875,82.71377563476562,4.551195524982177e-05
1230,611.5859375,152.8628387451172,28.9140625,123.27259826660156,1.0611497600621078e-05
1230,560.8521118164062,220.1615753173828,20.9283447265625,50.94725036621094,1.5490859368583187e-05
1230,592.022216796875,133.58840942382812,48.477783203125,234.8043212890625,4.684985924541252e-06
1230,568.9110717773438,225.62423706054688,21.9283447265625,52.223388671875,1.7453921827836893e-05
1230,564.1873779296875,215.21861267089844,30.7669677734375,74.84275817871094,4.762576736538904e-06
1230,574.9911499023438,220.70156860351562,25.5225830078125,60.275848388671875,7.715163519605994e-06
1230,601.716796875,362.5452880859375,38.783203125,117.9547119140625,4.695452389569255e-06
1260,627.616943359375,148.9153289794922,12.883056640625,51.27960205078125,7.553317573183449e-06
1260,626.4381713867188,177.33863830566406,14.06182861328125,56.0863037109375,2.5169172204186907e-06
1260,592.7757568359375,126.7554702758789,47.7242431640625,231.03366088867188,4.236580025462899e-06
1260,624.2001342773438,189.0481719970703,16.29986572265625,66.53530883789062,3.2710689993109554e-05
1260,617.1296997070312,170.06407165527344,23.37030029296875,101.15611267089844,5.342516305972822e-05
1260,621.662353515625,203.52064514160156,18.837646484375,78.50730895996094,2.5927317892637802e-06
1260,601.0360717773438,363.778564453125,39.46392822265625,116.721435546875,6.759947609680239e-06
1290,626.9495849609375,151.1403350830078,13.5504150390625,51.93597412109375,1.31131564558018e-05
1290,609.3020629882812,157.8367919921875,24.1434326171875,55.519195556640625,1.8781906874210108e-06
1290,618.6359252929688,158.41650390625,21.0482177734375,50.643707275390625,6.9300358518376015e-06
1290,619.6701049804688,141.1221160888672,20.82989501953125,95.54690551757812,5.450453045341419e-06
1290,626.5474243164062,167.30178833007812,13.95257568359375,61.14373779296875,3.9760339859640226e-05
1290,502.83062744140625,188.99667358398438,25.0897216796875,59.1156005859375,4.206771336612292e-06
1290,592.0858154296875,137.7197723388672,48.4141845703125,223.3693389892578,7.244294465635903e-06
1290,621.2617797851562,175.24697875976562,19.23822021484375,84.46768188476562,0.00022901703778188676
1290,612.2893676757812,157.85508728027344,28.21063232421875,118.01036071777344,3.94221642636694e-05
1290,0.0,202.09144592285156,15.550289154052734,54.372955322265625,3.477535074125626e-06
1290,625.5325927734375,205.50811767578125,14.9674072265625,56.58709716796875,9.108123776968569e-06
1290,610.4210815429688,408.16571044921875,30.07891845703125,72.33428955078125,4.045636160299182e-06
1290,600.397216796875,364.20880126953125,40.102783203125,116.29119873046875,7.052000455587404e-06
1320,626.7400512695312,151.35562133789062,13.75994873046875,52.461639404296875,1.912585321406368e-05
1320,616.976318359375,157.4777374267578,23.523681640625,59.529998779296875,6.990238489379408e-06
1320,615.7870483398438,120.40043640136719,24.71295166015625,122.755615234375,1.1213571724510984e-06
1320,610.244384765625,164.83172607421875,24.934814453125,58.018829345703125,6.467396360676503e-06
1320,625.9175415039062,172.33377075195312,14.58245849609375,55.501556396484375,0.00013055263843853027
1320,607.6600341796875,180.36744689941406,28.999267578125,67.45602416992188,2.70964465016732e-05
1320,504.9521789550781,191.78887939453125,20.796051025390625,50.58203125,5.739244897995377e-06
1320,620.0532836914062,173.88473510742188,20.44671630859375,87.85580444335938,0.0005560517311096191
1320,592.6111450195312,141.8419952392578,47.88885498046875,213.17332458496094,1.7368971384712495e-05
1320,0.0,202.8096160888672,15.353035926818848,53.182373046875,4.1130926547339186e-05
1320,610.377197265625,159.30056762695312,30.122802734375,126.06918334960938,9.351428889203817e-05
1320,624.6419677734375,204.55299377441406,15.8580322265625,58.46037292480469,1.87217283382779e-05
1320,610.277099609375,407.90142822265625,30.222900390625,72.59857177734375,2.7873625185748097e-06
1320,600.6821899414062,363.3934020996094,39.81781005859375,117.10659790039062,4.3618019844871014e-06
1350,626.7874755859375,153.9142608642578,13.7125244140625,58.15863037109375,4.428323336469475e-06
1350,42.494606018066406,192.55075073242188,22.60821533203125,52.462310791015625,2.649625275807921e-05
1350,622.3482666015625,183.86085510253906,18.1517333984375,80.02671813964844,1.4052594451641198e-05
1350,610.8739624023438,149.48843383789062,29.62603759765625,129.3323974609375,6.297633717622375e-06
1350,0.0,203.1337890625,15.048844337463379,53.453521728515625,1.8710696167545393e-05
1350,626.7999267578125,217.04600524902344,13.7000732421875,53.79777526855469,1.7604437516638427e-06
1350,576.885498046875,224.18650817871094,21.484375,51.66218566894531,3.3275061923632165e-06
1350,610.301513671875,408.56365966796875,30.198486328125,71.93634033203125,3.6668902794190217e-06
1350,600.6182861328125,364.6015625,39.8817138671875,115.8984375,4.122762220504228e-06
1350,579.3841552734375,328.1678771972656,61.1158447265625,152.33212280273438,4.905431978841079e-06
1380,627.375732421875,148.8614501953125,13.124267578125,50.67333984375,7.194998488557758e-06
1380,626.3986206054688,162.47445678710938,14.10137939453125,60.211944580078125,1.7907010487761e-06
1380,622.0004272460938,183.21548461914062,18.49957275390625,80.53631591796875,3.117044616374187e-05
1380,610.87646484375,151.0439910888672,29.62353515625,127.39924621582031,9.57557131187059e-06
1380,590.8585205078125,134.83642578125,49.6414794921875,230.48495483398438,4.522136805462651e-06
1380,0.0,203.27000427246094,15.097321510314941,53.82261657714844,1.8658807675819844e-05
1380,626.2635498046875,214.32908630371094,14.2364501953125,60.26777648925781,2.512216951799928e-06
1380,568.5927124023438,226.69171142578125,22.0836181640625,52.173492431640625,7.167726380430395e-06
1380,563.9766845703125,216.1940460205078,31.7703857421875,75.86647033691406,1.2529126252047718e-06
1380,575.2402954101562,224.69810485839844,24.62451171875,56.71455383300781,7.841324077162426e-06
1380,610.2261352539062,408.0156555175781,30.27386474609375,72.48434448242188,2.5292802092735656e-06
1380,600.8470458984375,363.67578125,39.6529541015625,116.82421875,5.392607818066608e-06
1380,580.0198974609375,327.007080078125,60.4801025390625,153.492919921875,5.3254734666552395e-06
1410,627.2967529296875,149.86410522460938,13.2032470703125,51.015869140625,6.661895440629451e-06
1410,627.7275390625,172.18138122558594,12.7724609375,51.8948974609375,1.3862890227755997e-05
1410,41.81776428222656,194.02096557617188,22.12560272216797,51.457122802734375,2.1737287170253694e-06
1410,622.5465698242188,182.26919555664062,17.95343017578125,78.87744140625,1.958556276804302e-05
1410,612.0446166992188,151.7693634033203,28.45538330078125,125.82926940917969,7.165498573158402e-06
1410,0.0,203.13665771484375,15.257647514343262,53.9447021484375,2.2290225388132967e-05
1410,626.8452758789062,209.61305236816406,13.65472412109375,53.86616516113281,5.019184300181223e-06
1410,620.3729248046875,427.44915771484375,20.1270751953125,53.05084228515625,5.646614226861857e-06
1410,609.9735717773438,408.5521240234375,30.52642822265625,71.9478759765625,6.626803951803595e-06
1410,599.8075561523438,363.8601989746094,40.69244384765625,116.63980102539062,7.255634045577608e-06
1410,578.2832641601562,328.33453369140625,62.21673583984375,152.16546630859375,7.020094017207157e-06
1440,608.8231201171875,159.79757690429688,24.079833984375,55.831390380859375,1.358676399831893e-05
1440,616.9981689453125,157.56588745117188,21.38037109375,51.868927001953125,2.554194907133933e-05
1440,626.8737182617188,156.54534912109375,13.62628173828125,51.815887451171875,1.549747867102269e-05
1440,619.58447265625,135.91973876953125,20.91552734375,96.74310302734375,1.1235987358304556e-06
1440,606.308837890625,165.17958068847656,32.71630859375,76.50985717773438,2.5701003778522136e-06
1440,593.4685668945312,121.75254821777344,47.03143310546875,230.1845245361328,3.2022328468883643e-06
1440,624.9698486328125,181.65098571777344,15.5301513671875,63.56103515625,2.0898842194583267e-05
1440,617.239990234375,169.29319763183594,23.260009765625,100.24494934082031,1.6369211152778007e-05
1440,0.0,202.61045837402344,15.108560562133789,54.23789978027344,1.6775313270045444e-05
1440,625.3914794921875,206.5917205810547,15.1085205078125,62.12254333496094,5.601245902653318e-06
1440,620.6569213867188,427.9306945800781,19.84307861328125,52.569305419921875,4.691361937148031e-06
1440,609.8282470703125,407.9794006347656,30.6717529296875,72.52059936523438,3.366094006196363e-06
1440,600.1075439453125,364.2822265625,40.3924560546875,116.2177734375,8.142284968926106e-06
1470,627.7090454101562,156.23306274414062,12.79095458984375,50.90338134765625,1.2862949915870558e-05
1470,623.2853393554688,146.2789306640625,17.21466064453125,74.77728271484375,5.044295448897174e-06
1470,625.2172241210938,177.952880859375,15.28277587890625,61.66766357421875,3.680094323499361e-06
1470,618.3956298828125,172.07159423828125,22.1043701171875,100.640625,2.9789160180371255e-05
1470,591.9722900390625,135.50869750976562,48.5277099609375,230.05953979492188,4.48074843006907e-06
1470,0.0,202.52984619140625,14.822538375854492,54.587615966796875,1.3980013136460911e-05
1470,625.059814453125,198.95498657226562,15.440185546875,63.73077392578125,2.5664861823315732e-05
1470,569.0303955078125,226.9090576171875,21.5159912109375,51.329193115234375,1.0357315659348387e-05
1470,564.8648681640625,216.27459716796875,31.380126953125,75.66998291015625,6.961738563404651e-07
1470,575.77880859375,224.48968505859375,24.433349609375,56.90277099609375,4.4488574530987535e-06
1470,584.6275024414062,225.0942840576172,21.1754150390625,50.61662292480469,4.895061465504114e-06
1470,627.0765380859375,224.33355712890625,13.4234619140625,53.581787109375,6.042080258339411e-06
1470,610.6612548828125,408.33160400390625,29.8387451171875,72.16839599609375,2.6153081762458896e-06
1470,600.990966796875,363.28179931640625,39.509033203125,117.21820068359375,4.508902748057153e-06
1500,627.2052612304688,149.69517517089844,13.29473876953125,51.036224365234375,6.483020115410909e-06
1500,609.2638549804688,160.71678161621094,24.34716796875,56.00555419921875,3.2800037388369674e-06
1500,617.4002075195312,157.88278198242188,21.1363525390625,51.45159912109375,1.402057478117058e-05
1500,614.9033813476562,169.59359741210938,25.59661865234375,61.81842041015625,4.2491478779993486e-06
1500,627.1180419921875,170.1121826171875,13.3819580078125,54.42169189453125,5.36187053512549e-06
1500,614.077392578125,136.04042053222656,26.422607421875,126.42225646972656,6.338944785966305e-06
1500,621.6456298828125,181.6710205078125,18.8543701171875,81.495849609375,4.609050301951356e-05
1500,0.0,201.578125,14.97552490234375,54.53033447265625,2.592719829408452e-05
1500,606.4821166992188,198.68698120117188,27.79052734375,62.57623291015625,1.2261741176189389e-05
1500,609.4322509765625,180.07192993164062,31.0677490234375,102.17562866210938,3.889107392751612e-05
1500,583.828369140625,216.94183349609375,24.05810546875,57.058380126953125,3.938626832677983e-06
1500,593.3017578125,217.65931701660156,20.88427734375,50.68412780761719,7.523924523411551e-07
1500,609.235107421875,216.94476318359375,20.90576171875,51.107452392578125,7.843365892767906e-06
1500,625.6941528320312,213.67173767089844,14.80584716796875,60.91352844238281,1.6278681869152933e-06
1500,592.0997314453125,135.85055541992188,48.4002685546875,233.6705322265625,8.468548003293108e-06
1500,576.5171508789062,222.49685668945312,24.2041015625,56.57525634765625,9.743220289237797e-06
1500,610.253662109375,407.97625732421875,30.246337890625,72.52374267578125,2.8402434963936685e-06
1500,601.28955078125,364.47955322265625,39.21044921875,116.02044677734375,4.401851583679672e-06
1500,579.1614990234375,327.7756042480469,61.3385009765625,152.72439575195312,5.081216386315646e-06
1530,627.7380981445312,156.79080200195312,12.76190185546875,50.710784912109375,5.16464115207782e-06
1530,626.0288696289062,171.1715850830078,14.47113037109375,60.1259765625,2.6085826902999543e-06
1530,621.8917846679688,182.89407348632812,18.60821533203125,80.48513793945312,7.701571303186938e-05
1530,0.0,202.03440856933594,14.727435111999512,54.456146240234375,8.049881216720678e-06
1530,610.46826171875,182.2606964111328,30.03173828125,98.71455383300781,2.852142097253818e-05
1530,625.8331909179688,213.95457458496094,14.66680908203125,60.47300720214844,3.3326796256005764e-06
1530,593.5717163085938,135.41062927246094,46.92828369140625,235.0808868408203,5.091033472126583e-06
1530,575.745361328125,224.51747131347656,24.1256103515625,55.72047424316406,1.3318043556864723e-06
1530,620.8925170898438,428.2949523925781,19.60748291015625,52.205047607421875,3.8129112454043934e-06
1530,610.2084350585938,408.55889892578125,30.29156494140625,71.94110107421875,3.347146730448003e-06
1530,600.71484375,363.51275634765625,39.78515625,116.98724365234375,4.800974238605704e-06
1560,609.2975463867188,159.7139892578125,23.52587890625,54.1141357421875,2.8114779979659943e-06
1560,626.3338623046875,155.6079559326172,14.1661376953125,58.411376953125,7.970679689606186e-06
1560,615.6558837890625,162.47706604003906,24.8441162109375,56.704833984375,2.0203015083097853e-06
1560,625.3414916992188,174.94232177734375,15.15850830078125,60.47442626953125,1.5238746300383355e-06
1560,622.24072265625,182.98411560058594,18.25927734375,79.93830871582031,1.6224828868871555e-05
1560,611.5841064453125,150.50399780273438,28.9158935546875,129.39373779296875,5.6087292250595056e-06
1560,0.0,201.7642364501953,14.860190391540527,54.87030029296875,1.6291513020405546e-05
1560,627.2867431640625,211.28396606445312,13.2132568359375,52.288116455078125,8.057178092713002e-06
1560,583.2462768554688,217.7367706298828,23.823974609375,56.31214904785156,1.2718453945126384e-05
1560,574.956787109375,223.69979858398438,24.476318359375,57.630096435546875,8.108562724373769e-06
1560,567.0673828125,229.17669677734375,25.876953125,60.5382080078125,2.2617045033257455e-05
1560,610.5352172851562,408.6116027832031,29.96478271484375,71.88839721679688,3.3423905279050814e-06
1560,600.7996826171875,365.57415771484375,39.7003173828125,114.92584228515625,5.9876165323657915e-06
1560,579.8739624023438,327.70013427734375,60.62603759765625,152.79986572265625,5.5397977121174335e-06
1590,627.5916137695312,149.80360412597656,12.90838623046875,50.7049560546875,8.38654705148656e-06
1590,627.5765991210938,171.29222106933594,12.92340087890625,53.13922119140625,7.455443665094208e-06
1590,591.3859252929688,129.367919921875,49.11407470703125,230.0809326171875,3.3938115393539192e-06
1590,622.1077270507812,182.55502319335938,18.39227294921875,79.8809814453125,5.43028800166212e-05
1590,611.6863403320312,150.93325805664062,28.81365966796875,125.5111083984375,9.965316166926641e-06
1590,0.0,202.27426147460938,14.752283096313477,54.645965576171875,1.7073314666049555e-05
1590,609.0530395507812,202.78460693359375,21.5064697265625,52.479461669921875,8.761046956351493e-06
1590,626.7242431640625,209.4087677001953,13.7757568359375,54.05903625488281,1.09546481326106e-05
1590,583.9489135742188,218.8139190673828,21.549072265625,51.94578552246094,1.323715605394682e-05
1590,592.8148803710938,217.97219848632812,20.89501953125,51.17755126953125,1.4323795767268166e-06
1590,558.2412719726562,219.46356201171875,28.1773681640625,65.07540893554688,2.2758979412174085e-06
1590,551.4600219726562,200.2003631591797,39.047119140625,95.62944030761719,9.59125827648677e-07
1590,568.30712890625,225.2635498046875,23.7110595703125,55.041778564453125,5.151222467247862e-06
1590,563.7406616210938,213.79208374023438,33.11279296875,78.24624633789062,3.315096137157525e-06
1590,574.0501098632812,221.44895935058594,26.876220703125,62.07621765136719,1.933676321641542e-05
1590,601.017333984375,364.384033203125,39.482666015625,116.115966796875,4.024586360173998e-06
1620,622.485107421875,141.88308715820312,18.014892578125,74.64016723632812,3.2219111290032743e-06
1620,627.5970458984375,157.22921752929688,12.9029541015625,50.7349853515625,3.199901766492985e-05
1620,626.8779907226562,177.26759338378906,13.62200927734375,54.243438720703125,4.942406576446956e-06
1620,41.20598602294922,193.4153594970703,22.155075073242188,51.576171875,2.0737695649586385e-06
1620,621.6531982421875,182.37686157226562,18.8468017578125,80.3275146484375,7.756583363516256e-05
1620,611.1002807617188,153.99871826171875,29.39971923828125,124.27499389648438,1.684753988229204e-05
1620,0.0,202.78562927246094,14.7615966796875,55.09770202636719,1.615125256648753e-05
1620,609.2297973632812,204.17816162109375,21.4810791015625,52.773712158203125,2.1764168195659295e-05
1620,608.33740234375,217.20675659179688,24.992431640625,56.7908935546875,1.1408245882194024e-05
1620,626.7080078125,216.36219787597656,13.7919921875,53.88450622558594,5.715697170671774e-06
1620,593.3963623046875,137.24786376953125,47.1036376953125,232.90408325195312,6.222418051038403e-06
1620,616.1444091796875,223.33206176757812,22.3021240234375,52.801788330078125,1.0675505109247752e-05
1620,600.467041015625,363.0966796875,40.032958984375,117.4033203125,3.5867876704287482e-06
1650,627.80224609375,124.33198547363281,12.69775390625,51.176483154296875,1.77437641468714e-06
1650,0.0,198.4019012451172,15.749942779541016,54.92620849609375,9.373158718517516e-06
1650,627.3399658203125,218.96263122558594,13.1600341796875,52.65156555175781,8.218833499995526e-06
1650,609.3152465820312,225.30381774902344,20.7335205078125,50.83894348144531,2.930044729509973e-06
1650,607.277099609375,236.0338592529297,26.0321044921875,59.23350524902344,5.499114649865078e-06
1650,626.8732299804688,241.1275634765625,13.62677001953125,52.56378173828125,7.199260380730266e-06
1680,0.0,206.97384643554688,15.886857032775879,57.795623779296875,5.087219051347347e-06
1680,601.7095336914062,235.36337280273438,22.067138671875,51.88543701171875,3.177679445798276e-06
1680,608.4957275390625,232.76150512695312,22.802001953125,52.26629638671875,2.977639496748452e-06
1680,627.781005859375,234.30445861816406,12.718994140625,50.76731872558594,1.021892785502132e-05
1680,594.1812744140625,238.73355102539062,22.204345703125,51.53619384765625,4.494928361964412e-06
1710,596.5010986328125,0.0,43.9989013671875,121.34194946289062,2.434515863569686e-06
1710,0.0,195.32675170898438,12.89383316040039,50.789093017578125,1.00227498478489e-05
1710,8.226441383361816,192.65594482421875,23.730426788330078,54.072784423828125,8.736874406167772e-06
1710,16.708820343017578,191.7301025390625,21.015594482421875,50.566650390625,4.494015229283832e-06
1710,24.620441436767578,191.36924743652344,20.971466064453125,50.615692138671875,4.654529220715631e-06
1710,551.983642578125,195.73513793945312,20.8587646484375,50.87884521484375,2.9926709430583287e-06
1710,543.7733154296875,198.1351318359375,25.0308837890625,57.924041748046875,9.075271918845829e-06
1710,627.8878173828125,236.85308837890625,12.6121826171875,51.0318603515625,5.403279374149861e-06
1710,609.3051147460938,241.23411560058594,22.6094970703125,52.99757385253906,1.3571961062552873e-05
1710,599.8765258789062,360.3921813964844,40.62347412109375,120.10781860351562,3.953352006647037e-06
1740,33.12733840942383,73.22296905517578,21.112167358398438,50.88435363769531,0.0006286369170993567
1740,0.0,110.22422790527344,52.57572937011719,228.8869171142578,1.559887095936574e-05
1740,0.0,183.10560607910156,14.685873985290527,53.009613037109375,4.458500552573241e-05
1740,0.0,179.16738891601562,19.675077438354492,79.19729614257812,9.46028740145266e-05
1740,0.0,164.6912384033203,31.58184814453125,132.70823669433594,4.4689426431432366e-05
1740,66.34074401855469,219.41868591308594,20.9625244140625,50.54869079589844,1.2936910025018733e-05
1740,62.20205307006836,210.0436248779297,30.234943389892578,70.96516418457031,2.5316403480246663e-06
1740,28.230459213256836,211.6983642578125,33.117271423339844,77.06585693359375,4.889066531177377e-06
1740,39.670738220214844,216.88809204101562,25.644638061523438,60.960205078125,2.1254732018860523e-06
1740,49.67524337768555,222.45272827148438,21.009693145751953,52.90582275390625,1.5098115909495391e-05
1740,46.315425872802734,212.79833984375,30.561595916748047,73.18624877929688,1.8915914097306086e-06
1740,57.92589569091797,224.34127807617188,20.7313232421875,51.956573486328125,4.643231295631267e-05
1740,71.64949035644531,222.8852996826172,23.40325927734375,53.89930725097656,1.1970827472396195e-05
1740,3.0069122314453125,188.84564208984375,43.70258712768555,118.29336547851562,1.1822455235233065e-05
1770,16.839324951171875,67.96405029296875,22.006824493408203,52.39070129394531,9.977311128750443e-05
1770,375.0815124511719,179.15621948242188,22.38995361328125,52.37396240234375,1.2996935765841044e-05
1770,111.96913146972656,205.4178009033203,23.53729248046875,56.68611145019531,1.0568488733042614e-06
1770,120.18771362304688,207.05667114257812,20.949005126953125,50.675384521484375,5.695694085261493e-07
1770,610.9000244140625,410.0164794921875,29.5999755859375,70.4835205078125,3.294597490821616e-06
1770,598.5429077148438,364.1017150878906,41.95709228515625,116.39828491210938,5.437691470433492e-06
1800,144.63523864746094,178.61402893066406,25.055206298828125,59.661468505859375,2.9898010325268842e-06
1800,0.0,125.66136169433594,31.707571029663086,145.69825744628906,2.0873465018667048e-06
1800,0.0,100.86083984375,50.24768829345703,222.04800415039062,7.982173883647192e-06
1800,158.30197143554688,185.64085388183594,21.601226806640625,52.39459228515625,3.4930039873870555e-06
1800,434.32867431640625,187.8668975830078,21.867431640625,50.587493896484375,6.2273204093799e-05
1800,138.82522583007812,192.9837188720703,23.49981689453125,54.18756103515625,2.062159364868421e-05
1800,129.5090789794922,196.94676208496094,24.180206298828125,56.484405517578125,4.664028892875649e-06
1800,152.55255126953125,195.04644775390625,21.7147216796875,51.1510009765625,0.0019924810621887445
1800,160.91458129882812,199.37074279785156,21.251495361328125,51.472930908203125,0.0006102786865085363
1800,143.75765991210938,197.04368591308594,25.3231201171875,60.09425354003906,7.014174479991198e-05
1800,146.36087036132812,180.88507080078125,34.500152587890625,81.94143676757812,1.4529420695907902e-05
1800,166.6766815185547,207.91738891601562,22.384979248046875,52.999114990234375,2.1630337869282812e-05
1800,151.19874572753906,205.48207092285156,25.1683349609375,61.04826354980469,2.5489047402516007e-05
1800,598.7677612304688,364.98406982421875,41.73223876953125,115.51593017578125,3.436355200392427e-06
1830,169.87567138671875,160.41006469726562,25.95684814453125,61.139373779296875,2.5602083042031154e-05
1830,175.51881408691406,179.55642700195312,21.869842529296875,52.270660400390625,0.04290085285902023
1830,182.49317932128906,181.89923095703125,20.827789306640625,51.5181884765625,5.130606587044895e-05
1830,165.32846069335938,182.39920043945312,30.65716552734375,71.17465209960938,2.2038611859898083e-05
1830,620.12841796875,429.0885925292969,20.37158203125,51.411407470703125,1.1532048119988758e-05
1830,610.4655151367188,411.4669494628906,30.03448486328125,69.03305053710938,8.444570994470268e-06
1830,599.4927978515625,362.502197265625,41.0072021484375,117.997802734375,7.571750757051632e-06
