30,627.420166015625,163.65298461914062,13.079833984375,51.110443115234375,3.689322056743549e-06
30,0.0,82.34226989746094,138.26040649414062,310.4708251953125,2.0077872250112705e-05
30,71.07472229003906,178.3306121826172,20.879867553710938,51.05255126953125,4.336714846431278e-05
30,376.0940246582031,179.88291931152344,23.4486083984375,54.43524169921875,4.0868028008844703e-05
30,383.9398498535156,180.99351501464844,23.4595947265625,55.770050048828125,2.0076819055248052e-05
30,65.3675308227539,185.38755798339844,22.695892333984375,54.091583251953125,0.0007468750700354576
30,56.27852249145508,188.91326904296875,26.845462799072266,64.22683715820312,2.017876431636978e-05
30,57.671112060546875,177.07766723632812,35.66441345214844,88.48739624023438,1.639151741983369e-05
30,70.09593200683594,189.9048614501953,26.321334838867188,62.61834716796875,0.0001949398429132998
30,600.0011596679688,371.57000732421875,40.49884033203125,108.92999267578125,2.9080915737722535e-06
60,40.1577033996582,175.70460510253906,22.584373474121094,53.19036865234375,1.0772376299428288e-05
60,0.0,162.19129943847656,109.24819946289062,275.478271484375,2.1902510525251273e-06
60,34.25888442993164,159.6698455810547,43.83248519897461,105.94367980957031,2.0087645680177957e-06
60,50.14337921142578,184.0327606201172,26.23656463623047,63.212554931640625,0.0006184508092701435
60,174.40411376953125,187.34307861328125,22.3118896484375,54.09576416015625,8.873078331816941e-05
60,182.06842041015625,183.70965576171875,23.561065673828125,56.184356689453125,0.9998530149459839
60,178.23818969726562,172.03164672851562,33.625762939453125,78.50503540039062,9.826436871662736e-05
60,122.99515533447266,113.58505249023438,128.56039428710938,290.94378662109375,1.0660525049388525e-06
60,189.59939575195312,185.52587890625,22.483551025390625,51.952850341796875,0.03713526204228401
60,200.09832763671875,184.16989135742188,20.470703125,50.753143310546875,7.730224751867354e-06
60,568.3958740234375,182.0223846435547,22.170654296875,52.80523681640625,0.00022280881239566952
60,574.6434326171875,183.5105438232422,23.1624755859375,54.924468994140625,2.896939440688584e-05
60,26.964595794677734,190.5812530517578,25.832801818847656,59.587890625,1.0039644621429034e-05
60,35.621559143066406,189.44203186035156,23.690292358398438,56.043853759765625,0.0004049855633638799
60,41.01201629638672,185.9370574951172,26.98450469970703,64.45852661132812,0.9995513558387756
60,101.97793579101562,194.01602172851562,22.351913452148438,54.568145751953125,0.0006060109590180218
60,110.13870239257812,192.92774963378906,24.206024169921875,57.81768798828125,0.9999781847000122
60,50.161293029785156,116.89244079589844,131.27911376953125,298.49835205078125,1.9647859517135657e-05
60,110.96572875976562,180.21731567382812,34.220916748046875,81.62149047851562,8.530441846232861e-06
60,232.740478515625,184.67269897460938,21.628662109375,50.979827880859375,9.832513569563162e-06
60,240.7581329345703,185.78878784179688,21.330123901367188,51.61773681640625,6.165389640955254e-05
60,560.1867065429688,187.572509765625,22.004638671875,52.004058837890625,2.3832832084735855e-05
60,118.6031265258789,197.66925048828125,22.69414520263672,53.694580078125,0.014439597725868225
60,126.67353820800781,198.81065368652344,21.1649169921875,51.335784912109375,1.734685429255478e-05
60,599.9185791015625,367.6723327636719,40.5814208984375,112.82766723632812,3.036524503841065e-06
90,34.240501403808594,184.08837890625,20.8206787109375,50.70928955078125,2.8465388822951354e-05
90,29.644241333007812,180.35433959960938,30.417381286621094,71.85751342773438,3.4272739867446944e-05
90,610.9353637695312,411.1876220703125,29.56463623046875,69.3123779296875,6.575648058060324e-06
90,598.956787109375,374.6576843261719,41.543212890625,105.84231567382812,3.1472759474127088e-06
90,577.7390747070312,327.4692687988281,62.76092529296875,153.03073120117188,1.732793748487893e-06
120,10.176851272583008,116.92970275878906,58.61022186279297,141.2484588623047,1.3206074982008431e-05
120,0.0,107.60994720458984,33.81087875366211,145.45916748046875,1.645855991228018e-05
120,0.0,85.91526794433594,49.91982650756836,220.77491760253906,5.903164037590614e-06
120,24.08014488220215,162.10882568359375,27.3533878326416,67.434326171875,1.0554364052950405e-05
120,23.881105422973633,153.62330627441406,40.650421142578125,93.67840576171875,0.004333028569817543
120,113.39030456542969,173.21392822265625,23.674972534179688,55.348480224609375,0.000437683891505003
120,121.14604949951172,171.81402587890625,21.49163055419922,50.59869384765625,0.000489946804009378
120,17.79546356201172,170.34860229492188,21.536426544189453,52.019744873046875,4.745212663692655e-06
120,29.225461959838867,141.52389526367188,49.61766815185547,123.69647216796875,1.4139366612653248e-05
120,64.94741821289062,179.46583557128906,22.2802734375,52.73565673828125,1.4136616300675087e-05
120,173.97886657714844,176.60536193847656,21.359832763671875,52.7591552734375,2.4851688067428768e-05
120,627.8170776367188,166.471435546875,12.68292236328125,57.3184814453125,3.5437597034615465e-06
120,7.423948287963867,145.39479064941406,40.93097686767578,100.31637573242188,5.614498604700202e-06
120,0.0,119.9416732788086,79.07255554199219,214.0079345703125,1.1522506611072458e-05
120,0.0,141.359619140625,102.76060485839844,283.12249755859375,1.936575245053973e-05
120,45.3175048828125,179.9844970703125,25.41094207763672,59.96710205078125,0.0006521726027131081
120,47.6638298034668,159.9896697998047,37.5035285949707,90.63516235351562,1.9078961486229673e-05
120,78.00411987304688,186.32821655273438,22.433441162109375,53.039825439453125,0.0006668617716059089
120,17.424068450927734,180.2594451904297,26.379924774169922,62.05963134765625,3.543375351000577e-05
120,27.53750228881836,178.98544311523438,27.812149047851562,65.7213134765625,0.010295270942151546
120,64.60343933105469,176.30331420898438,34.78126525878906,81.8707275390625,2.5020670364028774e-05
120,97.54639434814453,186.88575744628906,21.693405151367188,51.685791015625,2.1250639292702544e-06
120,107.89484405517578,183.1451873779297,26.583824157714844,60.89678955078125,0.0018923647003248334
120,116.36327362060547,179.7271728515625,27.12810516357422,65.0296630859375,0.9981310963630676
120,132.29954528808594,181.3007049560547,26.225189208984375,59.132781982421875,8.515069680470333e-07
120,168.39341735839844,183.6504669189453,22.160186767578125,52.41351318359375,0.002519564935937524
120,0.0,156.0443572998047,26.29311180114746,112.33470153808594,4.6299047085085476e-07
120,7.612648010253906,183.6385040283203,26.690017700195312,64.28826904296875,2.975975803565234e-06
120,36.037235260009766,181.9090576171875,28.105323791503906,67.620361328125,0.9992420673370361
120,55.74546813964844,187.17300415039062,26.050704956054688,62.461639404296875,0.00018323183758184314
120,71.89344787597656,191.399169921875,22.750091552734375,54.745391845703125,0.9904875159263611
120,57.51232147216797,160.96194458007812,50.29277038574219,117.10110473632812,8.303826689370908e-06
120,87.4527359008789,189.72850036621094,20.997711181640625,52.438995361328125,1.401293843628082e-06
120,107.16390228271484,161.99560546875,45.62889862060547,102.52243041992188,2.6631187211023644e-06
120,154.66680908203125,185.60049438476562,21.636199951171875,52.5770263671875,7.19030595064396e-06
120,156.615966796875,171.5450897216797,34.353424072265625,81.57208251953125,3.398047283553751e-06
120,124.6933822631836,191.7787322998047,24.115272521972656,56.6268310546875,0.0003271916357334703
120,161.12791442871094,187.01364135742188,23.76507568359375,58.76080322265625,4.491749859880656e-05
120,169.20590209960938,178.37086486816406,30.15283203125,72.10986328125,2.1146804556337884e-06
120,26.337318420410156,196.97137451171875,22.726470947265625,57.247955322265625,8.447994332527742e-06
120,39.818214416503906,177.7538604736328,35.312767028808594,87.04835510253906,1.5947445717756636e-05
120,65.915283203125,196.31805419921875,22.76312255859375,55.08673095703125,0.0008607981144450605
120,33.42864990234375,203.9811248779297,22.13666534423828,54.88105773925781,4.221456492814468e-06
120,610.8416137695312,412.052734375,29.65838623046875,68.447265625,7.37685468266136e-06
120,598.4793701171875,373.3148193359375,42.0206298828125,107.1851806640625,2.8656006634264486e-06
120,576.7061767578125,327.2821044921875,63.7938232421875,153.2178955078125,2.3067830170475645e-06
150,9.140288352966309,178.57308959960938,24.26679229736328,56.9365234375,6.468861101893708e-05
150,4.073320388793945,163.12750244140625,37.278541564941406,89.91287231445312,0.00010055833263322711
150,18.094120025634766,179.3526153564453,20.90362548828125,50.86004638671875,0.0006227139965631068
150,128.66612243652344,177.9616241455078,27.135406494140625,65.09780883789062,0.00102429767139256
150,24.6346435546875,184.3032989501953,22.8529052734375,53.697235107421875,0.00019287689065095037
150,107.72457122802734,181.79910278320312,27.27361297607422,65.54898071289062,0.0006406078464351594
150,54.057254791259766,185.28073120117188,26.781177520751953,61.4622802734375,7.257225661305711e-06
150,97.83942413330078,182.11203002929688,28.209030151367188,67.78021240234375,0.9999957084655762
150,46.50392532348633,125.28361511230469,126.0439453125,297.61346435546875,1.2936885468661785e-05
150,119.53335571289062,182.78700256347656,26.903839111328125,63.27880859375,3.304113488411531e-05
150,137.1287384033203,183.5923614501953,26.1654052734375,62.385589599609375,0.9999971389770508
150,145.55564880371094,181.30938720703125,26.270782470703125,63.7943115234375,0.0028197208885103464
150,156.06512451171875,181.62091064453125,25.388885498046875,58.734649658203125,1.698277401374071e-06
150,15.057076454162598,187.8436737060547,27.31543731689453,64.65335083007812,0.995546817779541
150,0.0,171.517578125,85.92764282226562,276.6805419921875,2.4977400698844576e-06
150,10.930797576904297,174.830810546875,43.898040771484375,103.76470947265625,7.614873993588844e-06
150,35.936767578125,185.19998168945312,27.084266662597656,64.19400024414062,0.9990121126174927
150,65.13105010986328,189.10353088378906,22.052139282226562,53.004913330078125,2.5999743229476735e-06
150,70.81475830078125,185.98313903808594,26.555389404296875,61.28497314453125,4.472323053050786e-05
150,79.14680480957031,186.25173950195312,26.990081787109375,63.468414306640625,6.323071283986792e-05
150,84.48773956298828,169.15391540527344,121.51802825927734,263.45361328125,8.986125976662152e-07
150,0.0,194.33016967773438,16.206737518310547,60.017730712890625,2.4377684439969016e-06
150,2.317927360534668,194.3232879638672,24.99691390991211,60.382568359375,1.1940303920709994e-05
150,44.70934295654297,191.63356018066406,24.576431274414062,57.834625244140625,0.00026390579296275973
150,90.16777038574219,187.54647827148438,26.549835205078125,62.975677490234375,0.0008235974819399416
150,85.65457153320312,172.80422973632812,43.24778747558594,101.16616821289062,4.592429377225926e-06
150,11.128230094909668,198.7718048095703,21.934295654296875,52.38037109375,0.00011559954873519018
150,39.09880065917969,177.37680053710938,35.76019287109375,89.27255249023438,1.7252290490432642e-05
150,31.371713638305664,198.11231994628906,25.31165885925293,59.77784729003906,3.6902358260704204e-05
150,40.27760696411133,205.61492919921875,21.642127990722656,52.715667724609375,1.6178322766791098e-05
150,610.8561401367188,410.62786865234375,29.64385986328125,69.87213134765625,6.898628271301277e-06
150,598.8008422851562,374.57879638671875,41.69915771484375,105.92120361328125,2.8073197881894885e-06
150,577.5040893554688,325.16265869140625,62.99591064453125,155.33734130859375,1.9186552435712656e-06
180,122.67012786865234,164.74871826171875,35.002479553222656,85.255615234375,6.674038741039112e-05
180,41.78965377807617,178.43800354003906,22.01679229736328,53.8406982421875,6.578034663107246e-05
180,27.467721939086914,164.8971405029297,43.44294738769531,102.68098449707031,1.6409502450187574e-06
180,98.08251953125,180.426025390625,21.368408203125,51.67803955078125,0.04099711403250694
180,47.58061218261719,182.96470642089844,24.034034729003906,56.4368896484375,0.0007095026667229831
180,77.95464324951172,165.4593048095703,46.01817321777344,106.38230895996094,1.4266892321757041e-05
180,35.984779357910156,132.48971557617188,128.61050415039062,284.18829345703125,5.316676833899692e-05
180,82.65982818603516,116.9722900390625,92.8808822631836,248.11663818359375,3.6897336030961014e-06
180,377.80120849609375,189.201171875,21.5966796875,50.508880615234375,4.628633632819401e-06
180,27.323680877685547,186.4500274658203,27.59331512451172,64.47274780273438,0.00010634730278979987
180,38.545040130615234,183.95733642578125,28.840984344482422,69.3287353515625,0.9999994039535522
180,0.0,165.30435180664062,103.1972427368164,274.05218505859375,2.4344274152099388e-06
180,51.92353820800781,185.94374084472656,27.469390869140625,67.50433349609375,0.005372323095798492
180,70.67463684082031,187.04762268066406,25.728607177734375,62.3524169921875,0.9549835324287415
180,78.4639892578125,187.29763793945312,26.662734985351562,65.12863159179688,0.38464415073394775
180,89.57589721679688,188.78128051757812,24.19390869140625,58.216156005859375,0.0015200835186988115
180,94.46304321289062,181.92904663085938,29.68402099609375,71.7347412109375,0.9998956918716431
180,109.58560943603516,185.99989318847656,26.17607879638672,63.02398681640625,0.016138609498739243
180,128.32923889160156,187.58413696289062,24.761932373046875,59.310302734375,0.9999511241912842
180,137.98341369628906,186.31549072265625,24.708282470703125,59.742523193359375,0.0005464264540933073
180,67.15938568115234,199.24801635742188,21.473419189453125,51.223602294921875,2.8045691578881815e-05
180,103.88429260253906,195.01727294921875,23.497772216796875,57.21063232421875,4.330078445491381e-05
180,120.59807586669922,190.15892028808594,25.295204162597656,61.3572998046875,0.004103098064661026
180,611.0733032226562,410.8984375,29.42669677734375,69.6015625,5.943094492977252e-06
180,598.686279296875,373.8563537597656,41.813720703125,106.64364624023438,2.9931904919067165e-06
180,577.1455078125,326.456298828125,63.3544921875,154.043701171875,1.9653464278235333e-06
210,32.545806884765625,171.7339630126953,26.552452087402344,65.23318481445312,5.7856309467752e-06
210,120.12614440917969,186.21875,22.853546142578125,52.727203369140625,0.012186478823423386
210,23.8549747467041,168.31797790527344,45.93695831298828,101.46327209472656,3.3175977023347514e-06
210,0.0,140.4302215576172,108.087158203125,286.6827392578125,1.3948837477073539e-05
210,59.74128723144531,177.22496032714844,33.7130126953125,80.98487854003906,4.271837315172888e-05
210,67.28849792480469,167.56442260742188,46.02781677246094,104.94937133789062,3.709633347170893e-06
210,96.64092254638672,187.38735961914062,24.122909545898438,57.424530029296875,0.39698946475982666
210,83.8090591430664,166.93869018554688,44.70372009277344,102.70416259765625,4.707047082774807e-06
210,378.1650390625,190.09523010253906,21.4931640625,50.663421630859375,1.400830387865426e-05
210,36.50709533691406,184.32135009765625,28.45244598388672,68.34982299804688,0.9965607523918152
210,46.083168029785156,190.67434692382812,24.638893127441406,56.816680908203125,0.0018638597102835774
210,55.39483642578125,188.049560546875,25.910842895507812,63.034088134765625,0.0023389095440506935
210,65.81077575683594,190.9420166015625,23.176605224609375,55.83892822265625,0.9729606509208679
210,71.96388244628906,189.28860473632812,25.45947265625,62.00518798828125,0.9685832262039185
210,79.49617004394531,189.8199005126953,26.481399536132812,64.26797485351562,0.22605064511299133
210,87.43731689453125,187.74205017089844,27.656570434570312,66.72103881835938,0.9669615626335144
210,102.67118072509766,188.12879943847656,26.45128631591797,63.417633056640625,0.9932252764701843
210,46.93427658081055,141.22177124023438,122.64697265625,277.1214599609375,6.39297013549367e-06
210,112.2170181274414,188.410400390625,25.738624572753906,61.720001220703125,0.9999638795852661
210,97.90632629394531,163.23159790039062,46.85786437988281,105.72549438476562,1.0083274446515134e-06
210,115.92646026611328,180.6964569091797,34.965171813964844,81.97901916503906,1.1038289812859148e-05
210,17.59981918334961,193.1152801513672,24.648334503173828,59.671783447265625,2.1784892396681244e-06
210,26.711444854736328,188.96588134765625,27.487648010253906,65.58966064453125,0.0013750257203355432
210,36.023311614990234,175.96371459960938,44.859683990478516,107.56048583984375,2.9758396067336434e-06
210,124.76597595214844,193.10110473632812,23.548553466796875,56.061553955078125,0.0020587355829775333
210,119.78358459472656,204.29202270507812,21.9127197265625,53.099822998046875,5.469223469845019e-05
210,599.7266235351562,371.59466552734375,40.77337646484375,108.90533447265625,2.378895942456438e-06
240,35.332008361816406,179.15252685546875,21.165939331054688,51.6954345703125,6.968544767005369e-05
240,28.345972061157227,165.2189483642578,42.74884033203125,106.10124206542969,2.0585184756782837e-05
240,95.46846008300781,182.17149353027344,24.0672607421875,55.8568115234375,0.0029357094317674637
240,377.3976135253906,186.9336700439453,22.320556640625,52.570556640625,1.025698657031171e-05
240,57.56224060058594,173.71766662597656,34.524169921875,84.52561950683594,3.782376370509155e-05
240,78.4540786743164,167.6720428466797,43.6810302734375,101.72386169433594,8.360736501344945e-06
240,97.84710693359375,178.81454467773438,33.44657897949219,80.61965942382812,0.020195331424474716
240,0.0,170.38638305664062,98.51582336425781,267.5799560546875,3.861964614770841e-06
240,35.453529357910156,182.48324584960938,29.472450256347656,70.9766845703125,0.9541372656822205
240,66.19477081298828,194.47610473632812,21.921890258789062,50.641998291015625,0.0021530347876250744
240,71.03099060058594,188.84548950195312,25.595138549804688,61.87213134765625,0.018255440518260002
240,87.7093505859375,186.115234375,28.515731811523438,68.8232421875,0.9972558617591858
240,108.04212951660156,186.1640625,26.413650512695312,62.241363525390625,0.9993535876274109
240,26.97079086303711,188.26382446289062,27.893890380859375,66.14370727539062,0.009182541631162167
240,80.14351654052734,189.3522186279297,26.552871704101562,64.5618896484375,0.030344311147928238
240,117.0783462524414,193.0338897705078,23.714012145996094,56.062652587890625,0.04502273350954056
240,45.273048400878906,187.59396362304688,28.62079620361328,67.07989501953125,0.42519068717956543
240,55.49165725708008,198.7381591796875,23.358112335205078,54.871185302734375,0.0018744529224932194
240,105.28805541992188,198.82704162597656,21.292953491210938,53.209442138671875,0.00020579005649778992
240,96.83983612060547,204.8578643798828,21.927902221679688,53.58296203613281,0.008396764285862446
240,112.269287109375,206.4281768798828,21.135589599609375,51.89372253417969,4.920584615319967e-06
240,600.1697998046875,370.5694580078125,40.3302001953125,109.9305419921875,2.5600566004868597e-06
270,89.049560546875,184.81100463867188,23.735122680664062,55.622802734375,0.0017997450195252895
270,97.73736572265625,180.80201721191406,20.5142822265625,51.339019775390625,8.68964780238457e-05
270,117.6419677734375,179.83006286621094,23.014251708984375,54.29803466796875,3.019815449079033e-05
270,23.481040954589844,169.12741088867188,46.02723693847656,102.84292602539062,2.5506010388198774e-06
270,77.80342102050781,168.75375366210938,45.103057861328125,103.69387817382812,1.3228726857050788e-05
270,98.12860107421875,175.9329833984375,33.43098449707031,81.4002685546875,0.0011568641057237983
270,0.0,168.4690704345703,100.06620788574219,271.03045654296875,4.862112746195635e-06
270,35.593021392822266,186.84742736816406,28.002120971679688,67.19802856445312,0.9959415793418884
270,62.571922302246094,187.711181640625,27.190353393554688,64.72088623046875,0.14932025969028473
270,72.29412841796875,190.7607421875,25.134353637695312,60.163055419921875,0.0398782454431057
270,92.23590087890625,187.04150390625,28.61102294921875,68.61050415039062,0.9996825456619263
270,40.81500244140625,143.46377563476562,122.90518188476562,289.10418701171875,1.2354293176031206e-05
270,109.07254791259766,185.79290771484375,26.74205780029297,63.7718505859375,0.9970953464508057
270,124.67536926269531,190.48757934570312,22.69659423828125,54.125579833984375,9.698454960016534e-06
270,18.84009552001953,199.09274291992188,21.155101776123047,50.81903076171875,3.5724769986700267e-06
270,27.229778289794922,189.686279296875,27.492271423339844,65.68881225585938,0.045657433569431305
270,45.297698974609375,190.40753173828125,26.643104553222656,63.621002197265625,0.013358505442738533
270,54.56450653076172,191.92486572265625,26.269027709960938,63.756103515625,0.03246184438467026
270,79.31437683105469,191.4342041015625,26.77484130859375,65.44973754882812,0.03299638256430626
270,117.84234619140625,196.90325927734375,24.47076416015625,56.142822265625,0.002686331979930401
270,90.27852630615234,205.87242126464844,21.19024658203125,51.57173156738281,0.0007141337846405804
270,103.77227783203125,200.61488342285156,23.888626098632812,57.67274475097656,0.0011979046976193786
300,69.7762680053711,170.49644470214844,45.329071044921875,106.35453796386719,1.789283487596549e-05
300,120.21247863769531,177.77894592285156,27.53448486328125,65.33148193359375,0.001047254423610866
300,130.3173370361328,178.02008056640625,21.741607666015625,52.059722900390625,1.7098229363909923e-05
300,627.8657836914062,166.59068298339844,12.63421630859375,57.504730224609375,2.0516451968433103e-06
300,50.9664306640625,176.60577392578125,35.56019592285156,82.925048828125,3.19605169352144e-06
300,78.75088500976562,183.1271209716797,31.684005737304688,76.24742126464844,0.9999804496765137
300,89.46099090576172,185.75244140625,29.515975952148438,70.62460327148438,0.054010700434446335
300,113.16451263427734,186.8448028564453,26.44280242919922,61.613800048828125,0.0005650661187246442
300,127.02526092529297,186.67208862304688,26.99706268310547,64.41522216796875,0.9998946189880371
300,24.894962310791016,186.61907958984375,28.549819946289062,68.57916259765625,0.999968409538269
300,56.971649169921875,191.37107849121094,24.351715087890625,58.3291015625,0.0044936868362128735
300,62.452877044677734,189.27850341796875,28.25717544555664,66.99908447265625,0.0030049767810851336
300,33.363033294677734,139.7303924560547,122.4302978515625,287.793212890625,1.5847006579861045e-05
300,100.05889129638672,187.15524291992188,27.241561889648438,65.426513671875,2.2873628040542826e-05
300,115.40873718261719,160.99142456054688,45.945953369140625,106.43661499023438,8.931906450015958e-06
300,75.74722290039062,147.57542419433594,123.95236206054688,273.76434326171875,6.912847311468795e-06
300,137.75515747070312,184.38967895507812,26.7945556640625,62.400665283203125,0.0002818829962052405
300,10.6796293258667,200.09429931640625,21.885238647460938,51.990875244140625,5.806113767903298e-05
300,0.0,167.95367431640625,93.25344848632812,269.0421142578125,4.432171863300027e-06
300,34.989906311035156,190.41050720214844,27.76331329345703,67.08430480957031,0.2914976477622986
300,46.60585403442383,193.60284423828125,26.038333892822266,63.075531005859375,0.0033902570139616728
300,17.519872665405273,192.99542236328125,26.509492874145508,63.244659423828125,0.004528365563601255
300,13.976354598999023,174.78475952148438,44.037567138671875,101.503173828125,6.289662451308686e-06
300,71.28144836425781,190.560791015625,28.845977783203125,68.55783081054688,0.023205602541565895
300,122.5763168334961,197.5220184326172,21.681373596191406,53.780792236328125,0.010597902350127697
300,25.941804885864258,207.28111267089844,21.164335250854492,51.09126281738281,0.0009963741758838296
300,33.32691955566406,207.7144317626953,21.491607666015625,51.19371032714844,2.448342456773389e-05
300,81.84521484375,203.54754638671875,22.160369873046875,53.992095947265625,7.36020811018534e-05
330,0.0,174.86317443847656,14.391301155090332,51.704498291015625,8.202702701964881e-06
330,2.242279052734375,180.0595245361328,22.9303035736084,53.9425048828125,3.2791811008792138e-06
330,58.92333984375,166.5217742919922,45.81591796875,107.95704650878906,1.4206556443241425e-05
330,123.31200408935547,178.5171356201172,20.99761199951172,51.315643310546875,8.802760476100957e-07
330,627.957763671875,166.87774658203125,12.542236328125,57.687408447265625,3.0569156024284894e-06
330,0.0,164.84068298339844,42.11669158935547,103.41871643066406,1.4336534150061198e-05
330,35.269386291503906,176.45326232910156,35.097755432128906,83.28971862792969,3.587061428333982e-06
330,0.0,160.5364532470703,81.97667694091797,275.37469482421875,6.146131454443093e-06
330,17.177413940429688,185.38613891601562,29.302562713623047,70.17913818359375,0.7463518381118774
330,46.68699645996094,189.39505004882812,27.83576202392578,66.07015991210938,0.04382515698671341
330,47.240177154541016,174.80612182617188,42.692989349365234,102.66574096679688,3.276030838605948e-06
330,81.69803619384766,185.67210388183594,29.262710571289062,69.37606811523438,0.0001916886685648933
330,105.80584716796875,165.862060546875,43.87678527832031,103.46307373046875,5.7821998780127615e-06
330,0.0,192.40467834472656,16.683000564575195,56.69610595703125,4.3042153265560046e-05
330,7.2490339279174805,183.6978759765625,30.14193344116211,72.19461059570312,0.999953031539917
330,29.656700134277344,187.54147338867188,27.938636779785156,67.49356079101562,0.00011687876394717023
330,42.64236831665039,190.705810546875,22.549877166748047,52.35443115234375,0.0002573183155618608
330,69.77462768554688,184.67910766601562,31.056503295898438,74.71273803710938,0.9999285936355591
330,19.10301971435547,157.2065887451172,119.32227325439453,285.24432373046875,5.938397862337297e-06
330,94.82164764404297,187.1458282470703,27.279495239257812,64.35086059570312,6.3681377469038125e-06
330,103.50614929199219,186.31997680664062,29.273223876953125,67.52813720703125,0.0002656511787790805
330,78.77677154541016,131.219482421875,88.6502914428711,230.55862426757812,5.933653483225498e-06
330,65.19590759277344,158.1238555908203,124.33552551269531,275.14971923828125,4.382286533655133e-06
330,128.496337890625,185.4088592529297,28.386810302734375,66.9530029296875,0.00015638250624760985
330,55.5946044921875,192.22750854492188,27.847137451171875,66.93563842773438,0.34597858786582947
330,64.71208953857422,195.0225830078125,24.165252685546875,58.269805908203125,0.0012799325631931424
330,114.781494140625,193.66909790039062,24.031875610351562,56.906707763671875,0.0006739621749147773
330,118.65052032470703,186.4366912841797,29.41773223876953,70.15609741210938,0.9999933242797852
330,1.0490303039550781,194.4427032470703,25.833133697509766,62.033905029296875,0.0009385567391291261
330,0.0,137.34622192382812,47.53294372558594,225.07766723632812,1.0879333785851486e-05
330,41.67435836791992,205.47207641601562,21.95079803466797,54.37200927734375,5.456423878058558e-06
330,80.57339477539062,204.65383911132812,21.969284057617188,53.909454345703125,2.8323229344096035e-05
330,72.54471588134766,206.87966918945312,23.155029296875,58.609619140625,9.022185986395925e-05
360,0.0,148.32498168945312,29.900066375732422,121.9320068359375,1.6591995517956093e-05
360,0.0,185.86224365234375,15.610158920288086,51.0511474609375,0.0003917741123586893
360,0.0,130.61227416992188,47.53899002075195,216.08251953125,3.45182852470316e-05
360,5.244655609130859,183.98583984375,25.537059783935547,60.045379638671875,9.225321264239028e-05
360,18.156150817871094,175.17861938476562,36.34979248046875,86.5126953125,3.5443849810690153e-06
360,58.9726448059082,184.285888671875,21.715511322021484,52.606597900390625,0.0011571026407182217
360,0.0,155.88223266601562,60.09865951538086,286.087158203125,1.7195017790072598e-05
360,68.10520935058594,186.11373901367188,26.424774169921875,65.2626953125,0.0002457110385876149
360,53.13228225708008,177.22994995117188,43.89272689819336,109.61572265625,6.99841666573775e-06
360,0.0,188.0900421142578,24.716323852539062,69.80128479003906,0.6839730143547058
360,13.110416412353516,189.63372802734375,29.405128479003906,68.72802734375,0.0010668259346857667
360,29.876319885253906,190.88177490234375,28.47191619873047,68.34738159179688,0.16001680493354797
360,39.86988067626953,169.87844848632812,44.845497131347656,108.0584716796875,2.1631594790960662e-05
360,8.379379272460938,155.22264099121094,121.37373352050781,288.19854736328125,7.022069439699408e-06
360,76.87956237792969,190.76248168945312,27.79296875,65.69744873046875,1.9126107872580178e-05
360,90.4908447265625,190.11000061035156,28.551177978515625,66.27035522460938,0.049730084836483
360,44.49845504760742,147.62545776367188,127.79263305664062,288.14410400390625,5.5383557082677726e-06
360,108.64974975585938,194.74078369140625,24.865859985351562,55.38311767578125,0.0003322489792481065
360,118.07865905761719,193.7473907470703,22.47119140625,54.42401123046875,3.683988325065002e-06
360,26.24155044555664,196.79196166992188,22.472862243652344,53.087554931640625,0.00015257632185239345
360,40.54719161987305,194.77069091796875,26.649723052978516,64.41598510742188,0.009811781346797943
360,47.258216857910156,189.56129455566406,30.49811553955078,73.95542907714844,0.03342759236693382
360,57.11275863647461,186.62274169921875,31.368549346923828,74.89633178710938,0.9999773502349854
360,86.08535766601562,176.18722534179688,43.7083740234375,98.16046142578125,2.8795063826692058e-06
360,99.95830535888672,191.93646240234375,27.624588012695312,66.15109252929688,0.9999982118606567
360,0.0,209.1826629638672,15.470024108886719,50.68891906738281,0.0001610891049494967
360,6.091989517211914,204.6007537841797,24.674137115478516,57.60700988769531,0.0017293434357270598
390,38.7572021484375,159.4873046875,48.78059387207031,122.16134643554688,8.096013516478706e-06
390,70.38148498535156,168.90414428710938,45.15223693847656,109.1748046875,2.1736314010922797e-05
390,25.88055992126465,172.630615234375,45.679534912109375,108.20114135742188,4.026972965220921e-05
390,48.55533218383789,182.9779510498047,23.065670013427734,54.008270263671875,0.00022381632879842073
390,82.32621765136719,184.2744903564453,22.616012573242188,54.304443359375,2.623065847728867e-05
390,34.686561584472656,190.5511932373047,22.370574951171875,52.269989013671875,4.431035449670162e-06
390,89.68444061279297,188.63247680664062,29.461318969726562,69.5343017578125,0.0002620833402033895
390,3.416170120239258,198.2484893798828,22.159082412719727,52.365570068359375,0.0002964397135656327
390,40.13391876220703,184.6230010986328,34.2896728515625,82.80815124511719,0.999174177646637
390,50.79131317138672,188.71473693847656,28.144973754882812,67.05313110351562,0.04868869483470917
390,61.603126525878906,186.66632080078125,32.30448913574219,77.07254028320312,5.01144168083556e-05
390,99.06771850585938,190.23902893066406,27.1939697265625,61.341217041015625,4.6022717015148373e-07
390,0.0,202.98403930664062,15.020872116088867,50.893463134765625,3.093971099588089e-05
390,0.0,186.14256286621094,33.0531120300293,84.40974426269531,5.753597179136705e-06
390,14.176874160766602,195.65228271484375,26.09346580505371,63.50897216796875,0.08583511412143707
390,21.2338809967041,192.71078491210938,28.868803024291992,69.96453857421875,0.011211727745831013
390,41.69560241699219,195.21438598632812,24.5751953125,57.169647216796875,0.0003454292891547084
390,74.9028091430664,197.85433959960938,24.213897705078125,55.415374755859375,0.0001533939503133297
390,78.80555725097656,189.59588623046875,30.469329833984375,73.4044189453125,0.999997615814209
390,25.737682342529297,176.0356903076172,119.02931213378906,271.465087890625,2.091052465402754e-06
390,10.461634635925293,202.66677856445312,21.166351318359375,52.156158447265625,0.004022000823169947
390,30.214189529418945,191.588623046875,31.5593318939209,75.94326782226562,0.0030694110319018364
390,66.09645080566406,200.83334350585938,21.83935546875,50.502655029296875,7.765130249026697e-06
390,47.99400329589844,204.12571716308594,23.717697143554688,56.99079895019531,0.004106767009943724
390,2.0991439819335938,215.41297912597656,20.584495544433594,50.78968811035156,1.5313136827899143e-05
390,38.18751907348633,208.1193389892578,27.964824676513672,67.07051086425781,8.430353773292154e-06
420,57.82563018798828,152.19357299804688,47.33604431152344,122.2996826171875,4.4418879951990675e-06
420,627.7589721679688,159.45303344726562,12.74102783203125,57.1026611328125,6.741528522979934e-06
420,0.0,175.45761108398438,14.901754379272461,51.02142333984375,4.289407115720678e-06
420,1.9498043060302734,179.6036376953125,20.977767944335938,50.8690185546875,8.391099072468933e-06
420,9.383995056152344,165.63035583496094,48.58769989013672,115.24659729003906,1.2747622349706944e-05
420,2.023569107055664,170.08969116210938,35.738548278808594,86.68466186523438,8.575252286391333e-05
420,32.35832214355469,181.71710205078125,23.71070098876953,56.182403564453125,6.483498145826161e-05
420,59.636390686035156,181.38107299804688,22.387832641601562,52.5023193359375,1.4168616871756967e-05
420,71.0871353149414,180.53102111816406,23.598007202148438,55.241973876953125,5.250386311672628e-05
420,73.11834716796875,178.01815795898438,31.679977416992188,73.72219848632812,1.6263527868431993e-05
420,0.0,190.7504425048828,16.93429183959961,54.485076904296875,0.0001956245250767097
420,40.1151123046875,186.3841094970703,23.759628295898438,52.2569580078125,4.545857791526942e-06
420,83.42935180664062,183.72254943847656,28.053070068359375,64.08517456054688,4.634724177776661e-07
420,0.0,142.26116943359375,47.89358139038086,215.83773803710938,6.873666734463768e-06
420,0.0,192.91790771484375,26.697446823120117,65.91241455078125,0.05709366500377655
420,25.913251876831055,189.2159423828125,24.342912673950195,57.1910400390625,7.717414700891823e-05
420,23.891185760498047,182.14785766601562,34.494606018066406,82.80831909179688,0.9999767541885376
420,49.71403503417969,191.91546630859375,22.26183319091797,50.8165283203125,4.471289230423281e-06
420,44.21196365356445,183.2529754638672,32.98127365112305,79.34242248535156,0.00011561498831724748
420,64.84822082519531,188.83535766601562,24.449127197265625,57.725341796875,0.002756893401965499
420,61.007625579833984,177.95343017578125,34.51028823852539,83.12493896484375,0.9995386600494385
420,8.716862678527832,197.7650909423828,23.836746215820312,58.4150390625,0.0017574721714481711
420,14.213944435119629,187.77462768554688,31.6217041015625,76.90985107421875,0.004004507791250944
420,56.71171569824219,189.854736328125,27.473526000976562,67.99969482421875,0.0001237792312167585
420,71.5492935180664,199.01837158203125,22.878128051757812,56.257476806640625,6.911484524607658e-05
420,32.808963775634766,203.22100830078125,23.105262756347656,55.533782958984375,2.436203067190945e-05
420,35.28969955444336,189.4835205078125,30.674762725830078,73.78018188476562,0.00041026301914826035
420,0.0,210.90269470214844,17.130889892578125,61.54402160644531,2.7464620870887302e-05
420,0.0,177.74801635742188,30.529586791992188,121.22976684570312,5.040208634454757e-06
450,0.0,166.24136352539062,14.363142013549805,51.344635009765625,5.761987722507911e-06
450,0.3574562072753906,164.93594360351562,26.78297233581543,66.82705688476562,4.578951575240353e-06
450,36.226776123046875,158.124755859375,47.81562805175781,115.5673828125,3.0164996132953092e-05
450,627.458251953125,157.20347595214844,13.041748046875,57.60479736328125,6.21731715000351e-06
450,0.0,147.98248291015625,31.89671516418457,129.55722045898438,2.1331703464966267e-05
450,0.0,127.6817398071289,52.449974060058594,213.93441772460938,3.24476022797171e-05
450,9.96597671508789,175.60353088378906,21.35604476928711,51.751953125,0.0009148037061095238
450,7.256738662719727,162.4415283203125,49.36119842529297,119.65554809570312,8.266165968962014e-05
450,0.0,182.34654235839844,17.21939468383789,57.899322509765625,2.5510180421406403e-05
450,55.80432891845703,181.3491668701172,23.1490478515625,53.99383544921875,3.496985664241947e-05
450,15.614583015441895,184.3831329345703,24.247089385986328,56.106231689453125,1.9230321413488127e-05
450,15.982542037963867,179.5375518798828,33.96636199951172,81.46775817871094,0.010748026892542839
450,49.13502502441406,186.77516174316406,23.614234924316406,56.469146728515625,0.0006358289974741638
450,4.392297744750977,179.1761016845703,35.36969757080078,85.54441833496094,0.999646782875061
450,34.080726623535156,193.96343994140625,22.194244384765625,51.4332275390625,1.6007915064619738e-06
450,29.99529457092285,182.94265747070312,33.47455596923828,81.88092041015625,0.0004680683196056634
450,0.0,165.55413818359375,116.87094116210938,281.5531005859375,1.7701779597700806e-06
450,55.52503967285156,184.69761657714844,31.16253662109375,73.08103942871094,0.003552077105268836
450,65.08882904052734,180.24667358398438,32.118621826171875,78.24014282226562,1.1869718719026423e-06
450,9.505187034606934,193.03561401367188,24.322219848632812,57.272705078125,0.00010970256698783487
450,23.267122268676758,195.74127197265625,23.98347282409668,56.0062255859375,1.0942128938040696e-05
450,42.215450286865234,195.23887634277344,23.722766876220703,55.772064208984375,2.3995002266019583e-05
450,43.15328598022461,181.5536346435547,33.737735748291016,81.21913146972656,0.9999977350234985
450,0.0,204.6856689453125,15.920890808105469,53.945892333984375,3.718330117408186e-05
450,0.0,185.16534423828125,24.412742614746094,81.24313354492188,0.0016979268984869123
450,16.874422073364258,204.21572875976562,22.583356857299805,54.41571044921875,2.1894842575420626e-05
450,57.23312759399414,207.42819213867188,21.145709991455078,52.010345458984375,1.550036176922731e-05
450,10.56174087524414,211.72096252441406,20.840076446533203,51.44279479980469,0.0003841783618554473
450,48.68348693847656,209.1083221435547,23.29259490966797,58.44297790527344,4.37043490819633e-05
450,0.0,209.59432983398438,21.457015991210938,77.89303588867188,8.963633263192605e-06
480,0.0,129.5334930419922,24.691436767578125,109.13711547851562,8.400884325965308e-06
480,0.0,161.39122009277344,14.37160873413086,52.2568359375,4.58604472441948e-06
480,13.274280548095703,152.72293090820312,51.90377426147461,122.06570434570312,1.3538764505938161e-05
480,34.733097076416016,168.4273223876953,21.105613708496094,50.699005126953125,1.1434539374022279e-05
480,0.0,175.16683959960938,18.5424747467041,60.743896484375,6.378849502652884e-05
480,0.0,132.9519500732422,50.12696075439453,202.0442657470703,6.208938430063426e-05
480,6.535438537597656,173.77931213378906,26.349971771240234,62.22900390625,0.00012488655920606107
480,24.63303565979004,175.74468994140625,27.15089225769043,62.35650634765625,1.449542924092384e-05
480,39.91193389892578,173.61380004882812,23.08116912841797,53.224334716796875,1.2576828339661006e-05
480,5.631511688232422,167.89590454101562,40.93427276611328,99.92633056640625,0.02772611193358898
480,40.91710662841797,177.2380828857422,30.554466247558594,73.84307861328125,7.036980241537094e-05
480,369.2859802246094,178.9368133544922,22.14703369140625,52.024383544921875,9.070867236005142e-06
480,377.0010681152344,179.17156982421875,22.69110107421875,51.956024169921875,1.9221220100007486e-06
480,27.79924774169922,175.8376922607422,35.522071838378906,85.31758117675781,0.9999325275421143
480,0.0,174.88870239257812,30.6126708984375,90.72146606445312,0.9726861715316772
480,12.638124465942383,185.21603393554688,27.844022750854492,67.41464233398438,3.345522054587491e-05
480,31.89893913269043,186.2645263671875,25.08664894104004,58.627838134765625,0.004829547833651304
480,0.7594060897827148,191.99046325683594,24.534061431884766,56.86541748046875,7.497337355744094e-05
480,7.313718795776367,201.01986694335938,23.536598205566406,56.53973388671875,8.162619633367285e-05
480,24.794330596923828,199.7119598388672,25.222488403320312,60.85169982910156,4.948811920257867e-07
480,34.099754333496094,204.612548828125,20.845909118652344,52.390869140625,1.6676243831170723e-05
480,1.169489860534668,210.34146118164062,22.891571044921875,55.93890380859375,0.00010977330384775996
510,297.0477600097656,162.2415008544922,22.24114990234375,52.87689208984375,2.1123722035554238e-05
510,303.7358703613281,161.47967529296875,24.7969970703125,59.7156982421875,3.533016570145264e-05
510,312.7599182128906,168.30975341796875,21.52838134765625,51.007171630859375,5.667665755026974e-05
510,319.357421875,165.7191162109375,23.9210205078125,56.0928955078125,4.24892277806066e-05
510,327.4068603515625,168.8411865234375,23.5494384765625,54.330810546875,3.6067354812985286e-05
510,601.3682250976562,360.86285400390625,39.13177490234375,119.63714599609375,3.12483325615176e-06
540,0.0,106.3909912109375,73.44792175292969,214.601318359375,3.94736161979381e-06
540,8.704381942749023,152.14169311523438,50.59210968017578,126.74615478515625,3.669394800454029e-06
540,24.047027587890625,174.3855743408203,23.492340087890625,55.341278076171875,0.00017840000509750098
540,37.29783630371094,176.70472717285156,23.908096313476562,56.48675537109375,8.267036719189491e-06
540,280.6737060546875,167.6688690185547,23.4554443359375,55.830810546875,2.1619449398713186e-05
540,288.15234375,169.07272338867188,23.25634765625,55.497283935546875,1.5459718269994482e-05
540,295.7154541015625,170.02870178222656,23.7017822265625,55.5694580078125,1.546142993902322e-05
540,0.0,173.18524169921875,17.434043884277344,64.08444213867188,7.503283541154815e-06
540,0.0,150.28366088867188,32.443851470947266,130.45968627929688,6.908391696924809e-06
540,0.0,179.92198181152344,28.546659469604492,70.19778442382812,1.0210696018475574e-05
540,18.355369567871094,181.9254913330078,23.794281005859375,57.1729736328125,9.24784253584221e-05
540,14.989328384399414,174.26658630371094,35.880409240722656,85.50462341308594,0.9999996423721313
540,29.701187133789062,174.17974853515625,33.35099792480469,81.81246948242188,0.0015232539735734463
540,42.70380783081055,179.4351348876953,27.713939666748047,61.2828369140625,1.2829095794586465e-06
540,8.842757225036621,183.48818969726562,29.026042938232422,70.31158447265625,0.0001485951361246407
540,30.659870147705078,186.893310546875,24.446304321289062,56.089935302734375,5.341180440154858e-06
540,24.216808319091797,193.3721466064453,23.41381072998047,57.6038818359375,1.3707879588764627e-05
570,0.0,99.90148162841797,68.13700866699219,220.1566162109375,5.167454219190404e-06
570,1.0100765228271484,148.27598571777344,53.40534210205078,125.34046936035156,7.94640709500527e-06
570,8.826512336730957,170.61248779296875,24.54745101928711,57.856658935546875,4.684485702455277e-06
570,0.0,147.65359497070312,23.96880340576172,103.18548583984375,5.330438398232218e-06
570,22.394214630126953,178.4966278076172,24.1292724609375,55.4571533203125,0.0007791841635480523
570,353.1288757324219,178.70916748046875,21.07916259765625,51.074493408203125,4.0028746298048645e-05
570,393.76611328125,183.1334228515625,21.7772216796875,51.823577880859375,0.00012187020183773711
570,0.0,181.09921264648438,17.29160499572754,66.112060546875,1.3411899999482557e-05
570,1.3544654846191406,173.62925720214844,33.500587463378906,82.42572021484375,0.0001926476979861036
570,16.108715057373047,183.9213409423828,24.272518157958984,58.474029541015625,0.00021349350572563708
570,34.17588806152344,178.45062255859375,29.70166778564453,67.62042236328125,2.3829127258068183e-06
570,11.042306900024414,176.13099670410156,35.539649963378906,85.42582702636719,0.9999994039535522
570,22.96267318725586,178.5792999267578,33.671485900878906,78.86793518066406,0.00890116486698389
570,0.0,189.31370544433594,23.435379028320312,78.53797912597656,2.974040853587212e-06
570,23.854785919189453,196.64059448242188,23.010292053222656,57.52557373046875,1.0575270607660059e-05
570,8.412601470947266,199.72250366210938,25.805099487304688,62.117645263671875,2.5818430913204793e-06
570,17.79783058166504,203.4641571044922,21.304983139038086,51.880279541015625,1.529954533907585e-05
600,354.3519287109375,178.38885498046875,21.23883056640625,50.9427490234375,2.4292189664265607e-06
600,366.6838073730469,177.4482421875,24.03253173828125,57.338897705078125,4.3903110054088756e-05
600,263.2620849609375,182.93760681152344,23.715087890625,56.09002685546875,5.490525381901534e-06
600,361.40716552734375,186.23745727539062,22.274658203125,53.92669677734375,0.011606914922595024
600,374.7395935058594,180.76019287109375,23.538330078125,54.626922607421875,1.5918431017780676e-06
600,257.227783203125,194.1539764404297,22.71746826171875,52.2410888671875,7.392200132017024e-06
600,262.7846374511719,202.64266967773438,21.30145263671875,50.949859619140625,2.5805786208366044e-05
630,422.86419677734375,164.61404418945312,24.93536376953125,59.01275634765625,8.056839760683943e-06
630,222.5006866455078,187.29396057128906,25.051025390625,60.785247802734375,4.5203560148365796e-06
630,417.90509033203125,172.94805908203125,21.70428466796875,51.64093017578125,3.675243351608515e-05
630,212.77613830566406,200.6456756591797,22.38482666015625,52.7696533203125,0.00012829377374146134
630,334.03582763671875,197.54971313476562,21.3619384765625,50.533447265625,0.0031600643415004015
630,328.7767028808594,177.6852569580078,38.6513671875,86.05430603027344,1.3692247193830553e-06
630,264.6495056152344,105.31768798828125,142.920166015625,305.29254150390625,7.538866157119628e-06
630,340.9765625,196.1489715576172,21.0887451171875,50.97064208984375,0.0022657422814518213
630,350.93255615234375,193.0529022216797,22.29888916015625,52.96661376953125,3.1254353416443337e-06
630,219.62551879882812,202.1278076171875,23.853363037109375,56.773895263671875,0.5065296292304993
630,226.97564697265625,200.06808471679688,24.76068115234375,59.78466796875,4.508902748057153e-06
630,212.62171936035156,194.3329315185547,34.345916748046875,81.76860046386719,2.2506261302623898e-05
660,15.038267135620117,181.0640869140625,23.983278274536133,57.872283935546875,2.535703606554307e-05
660,193.029052734375,192.66909790039062,23.937408447265625,54.526092529296875,2.5687281777209137e-06
660,322.288330078125,193.88015747070312,22.3150634765625,53.01214599609375,0.0025919070467352867
660,333.6452941894531,190.53521728515625,23.66082763671875,54.9344482421875,3.626287434599362e-05
660,9.37356185913086,186.6565704345703,21.749000549316406,52.214935302734375,8.02500198915368e-06
660,11.238601684570312,183.70974731445312,32.9849739074707,78.02481079101562,6.73866888973862e-05
660,198.92953491210938,206.9518280029297,21.209869384765625,50.56465148925781,0.00034502334892749786
660,328.1756591796875,201.92727661132812,22.5675048828125,55.17767333984375,3.1105114430829417e-06
690,375.41693115234375,175.21505737304688,24.875732421875,59.417816162109375,1.0359834959672298e-05
690,384.8729248046875,175.6573944091797,21.6202392578125,51.14447021484375,1.7888695538204047e-06
690,164.7810516357422,206.5706329345703,21.68170166015625,51.45375061035156,8.90373939910205e-06
690,171.02720642089844,203.61566162109375,22.927398681640625,53.135101318359375,0.00694230617955327
720,274.04119873046875,176.86439514160156,21.5225830078125,50.9578857421875,3.363411224199808e-06
720,279.9877624511719,187.48361206054688,21.9249267578125,51.54815673828125,0.0007316064438782632
720,286.6283874511719,181.81192016601562,23.23260498046875,53.952484130859375,2.081546199406148e-06
720,295.5404052734375,180.87310791015625,23.3499755859375,54.98724365234375,1.526885853309068e-06
720,216.48255920410156,185.9798126220703,21.651092529296875,51.618408203125,5.809555204905337e-06
720,207.84078979492188,191.22662353515625,24.09930419921875,56.31524658203125,4.2239426534251834e-07
720,601.2986450195312,359.02490234375,39.20135498046875,121.47509765625,4.2569026845740154e-06
750,313.0350341796875,154.812744140625,21.5723876953125,52.1392822265625,1.259763507732714e-06
750,306.52435302734375,159.4937744140625,20.918212890625,50.783050537109375,1.2714088370557874e-05
750,318.0869445800781,156.91336059570312,26.83245849609375,62.278289794921875,4.367462679510936e-06
750,308.6275634765625,155.30288696289062,30.743896484375,74.59002685546875,1.941366463142913e-05
750,35.0842170715332,199.53582763671875,21.463516235351562,50.56036376953125,0.03293337672948837
750,47.030029296875,198.40692138671875,21.431411743164062,51.40325927734375,0.00013683695578947663
750,27.434688568115234,203.2490997314453,21.248497009277344,51.75604248046875,2.428242441965267e-05
750,24.798818588256836,197.19845581054688,30.702905654907227,71.48648071289062,0.0001310595398535952
750,37.980064392089844,199.08787536621094,26.777984619140625,64.00068664550781,0.0013099086936563253
750,600.3077392578125,358.7454528808594,40.1922607421875,121.75454711914062,3.0186633921402972e-06
780,96.83900451660156,61.442176818847656,91.98831176757812,226.06134033203125,1.2726886780001223e-05
780,114.02035522460938,93.29267883300781,65.0439453125,158.91165161132812,2.7797686925623566e-05
780,169.70095825195312,179.53158569335938,24.423553466796875,57.8426513671875,1.1313803724988247e-06
780,177.75340270996094,187.93881225585938,22.0069580078125,51.8333740234375,0.00014475674834102392
780,200.16761779785156,190.4092559814453,23.44171142578125,54.600250244140625,1.9718493149412097e-06
780,207.35853576660156,188.17584228515625,23.722930908203125,54.5709228515625,1.5230725693982095e-06
780,182.2412109375,198.95037841796875,21.089813232421875,50.51654052734375,0.4127003252506256
780,175.59576416015625,181.25213623046875,36.111572265625,80.38726806640625,8.756853276281618e-06
780,188.92767333984375,194.97637939453125,21.86700439453125,52.862762451171875,5.769751805928536e-05
780,173.59213256835938,198.48764038085938,20.80511474609375,50.571197509765625,5.773582597612403e-05
780,601.0323486328125,359.56793212890625,39.4676513671875,120.93206787109375,4.065616849402431e-06
810,7.931428909301758,69.75221252441406,59.897804260253906,137.383544921875,2.1798319721710868e-05
810,0.0,39.719505310058594,83.77888488769531,226.58416748046875,6.300696895777946e-06
810,94.88782501220703,197.8343048095703,22.186111450195312,53.510589599609375,7.319151336560026e-05
810,120.98318481445312,192.89520263671875,24.55169677734375,55.2257080078125,8.951092240749858e-07
810,83.74832153320312,202.36012268066406,21.337997436523438,50.68670654296875,0.0006639650091528893
810,112.44229888916016,199.6213836669922,23.12049102783203,52.964447021484375,7.141607056837529e-06
810,90.69708251953125,208.66085815429688,22.072433471679688,52.1837158203125,0.821831464767456
810,83.0254135131836,192.2158966064453,34.02503967285156,76.60362243652344,3.070239836233668e-05
810,101.87333679199219,207.57778930664062,21.62591552734375,50.96466064453125,0.05228811129927635
810,134.51380920410156,200.85455322265625,21.31524658203125,51.525726318359375,3.1800291253603064e-06
810,24.20665740966797,159.2008514404297,130.01187133789062,277.4591064453125,1.557975451760285e-06
810,127.09217834472656,205.0823211669922,21.528228759765625,51.78160095214844,0.00025754852686077356
840,0.6830110549926758,192.15855407714844,21.924713134765625,52.383880615234375,7.2808097684173845e-06
840,0.0,199.3760986328125,14.933612823486328,52.507537841796875,1.5765353964525275e-05
840,0.0,175.96218872070312,23.94449806213379,96.024658203125,1.949551733559929e-05
840,15.543669700622559,203.74435424804688,21.618629455566406,52.08880615234375,6.651438297922141e-07
840,0.0,147.55177307128906,40.68828201293945,222.5467987060547,6.243502411962254e-06
840,0.0,213.74331665039062,21.206708908081055,52.55877685546875,0.01463225670158863
840,6.430692672729492,211.08421325683594,22.42757797241211,52.16343688964844,2.3698275981587358e-05
840,0.0,224.10617065429688,15.724833488464355,55.62908935546875,0.00016263927682302892
840,0.0,217.55567932128906,25.719444274902344,78.71415710449219,2.932225015683798e-06
870,628.2503662109375,160.4595947265625,12.2496337890625,55.018402099609375,1.1685834579111543e-05
900,627.9066162109375,167.66085815429688,12.5933837890625,56.81549072265625,1.4996346180851106e-05
900,6.717378616333008,207.43202209472656,25.116226196289062,60.43891906738281,2.4176054012059467e-06
900,2.6059017181396484,222.65196228027344,21.616256713867188,51.16603088378906,0.00013711751671507955
900,0.0,229.92892456054688,16.003061294555664,53.594482421875,1.6895033695618622e-05
930,0.0,169.844482421875,14.986966133117676,51.7113037109375,2.9548928068834357e-06
930,0.0,145.34771728515625,24.75887107849121,107.7506103515625,2.1145770006114617e-05
930,0.0,119.99266815185547,49.824546813964844,214.22988891601562,2.1513753381441347e-05
930,0.0,152.1593017578125,39.506980895996094,127.32843017578125,1.7101132470997982e-05
930,0.0,182.88002014160156,18.92516326904297,61.565887451171875,3.41811501129996e-05
930,14.316720962524414,185.84886169433594,22.22303581237793,53.022857666015625,2.2701794932800112e-06
930,7.508623123168945,193.23028564453125,23.031936645507812,53.590179443359375,5.9213001804891974e-05
930,0.0,163.5597686767578,55.103248596191406,272.31170654296875,1.914873109853943e-06
930,0.0,186.87954711914062,28.42682647705078,85.95065307617188,0.7576144933700562
930,7.840786933898926,195.97802734375,31.274932861328125,72.09808349609375,1.2617481843335554e-05
930,0.0,208.21426391601562,19.05643653869629,65.05227661132812,0.00045119080459699035
930,8.440157890319824,216.07412719726562,21.672115325927734,53.05706787109375,7.47446620152914e-06
960,626.9700927734375,168.42420959472656,13.5299072265625,56.97528076171875,5.215811142988969e-06
960,0.0,179.06304931640625,19.811767578125,72.27572631835938,0.0002474203356541693
960,0.0,128.96536254882812,48.501121520996094,208.17459106445312,2.634236079757102e-05
960,0.0,159.05548095703125,38.324256896972656,123.2752685546875,2.206296630902216e-05
960,14.088920593261719,191.3369140625,22.778087615966797,53.73651123046875,4.5103352022124454e-06
960,8.278838157653809,185.42869567871094,32.136409759521484,77.02986145019531,7.3610840445326176e-06
960,0.0,163.54454040527344,56.539974212646484,276.46875,2.3036918719299138e-06
960,7.349597930908203,201.03070068359375,23.207538604736328,54.434844970703125,9.239354403689504e-05
960,0.0,192.0535125732422,27.405426025390625,82.29158020019531,0.20487351715564728
960,0.0,212.94664001464844,18.384716033935547,66.00001525878906,0.00037434318801388144
960,6.387304306030273,218.01480102539062,23.25888442993164,56.2496337890625,3.5985209251521155e-05
990,0.0,130.56942749023438,31.98191261291504,140.60794067382812,9.449600838706829e-06
990,0.0,180.30633544921875,19.4453125,71.52703857421875,0.0003685799310915172
990,6.300848007202148,185.7420654296875,23.624679565429688,55.0936279296875,1.0039394510386046e-05
990,0.0,142.73086547851562,45.55887985229492,199.86474609375,3.0011397029738873e-05
990,0.0,168.06668090820312,57.47331237792969,272.42913818359375,2.3483664790546754e-06
990,13.82882308959961,195.54469299316406,23.330078125,55.690338134765625,1.001358759822324e-05
990,0.0,191.3523406982422,26.414976119995117,83.84541320800781,0.1760166585445404
990,7.546756744384766,207.15431213378906,22.871639251708984,53.90287780761719,1.869061634351965e-05
990,5.9442596435546875,192.3562774658203,33.10326385498047,78.57414245605469,7.21495525795035e-05
990,0.0,219.99427795410156,16.69900894165039,58.30827331542969,0.0005169038195163012
1020,627.2879638671875,163.53921508789062,13.2120361328125,51.61993408203125,1.2968533155799378e-05
1020,495.51995849609375,167.52227783203125,22.92205810546875,52.680450439453125,9.691880222817417e-06
1020,0.0,180.02760314941406,19.677810668945312,72.45111083984375,0.00043620981159619987
1020,0.0,130.56805419921875,47.68055725097656,206.4052734375,3.755219586309977e-05
1020,5.693550109863281,184.44601440429688,24.266326904296875,55.640106201171875,1.42005419547786e-05
1020,627.3435668945312,185.43313598632812,13.15643310546875,50.573089599609375,2.5870762328850105e-05
1020,14.176384925842285,194.41766357421875,23.17133331298828,55.82000732421875,3.754653789656004e-06
1020,0.0,187.64202880859375,27.429773330688477,87.0828857421875,0.07908908277750015
1020,6.538965225219727,191.45010375976562,32.994834899902344,78.51605224609375,2.4966519049485214e-05
1020,7.955802917480469,207.20004272460938,22.383846282958984,52.76885986328125,1.0837498848559335e-05
1020,0.0,151.42527770996094,67.06763458251953,266.119384765625,3.2882501272979425e-06
1020,0.0,213.0042724609375,19.45004653930664,68.74990844726562,0.0006437033880501986
1020,4.340105056762695,215.61965942382812,27.76169204711914,64.16836547851562,2.0073333871550858e-05
1050,627.3856201171875,144.62322998046875,13.1143798828125,51.157684326171875,3.953314262616914e-06
1050,616.7869262695312,152.23031616210938,22.215087890625,53.21807861328125,2.3683071049163118e-05
1050,624.0350341796875,157.0609130859375,16.4649658203125,63.521697998046875,0.00015814551443327218
1050,69.90685272216797,164.62704467773438,54.05757141113281,130.45486450195312,1.027955840982031e-05
1050,90.250244140625,184.77044677734375,20.933670043945312,51.05926513671875,3.311134787509218e-05
1050,56.5415153503418,139.44984436035156,81.70298767089844,197.0710906982422,1.043837983161211e-05
1050,602.2164916992188,171.9820098876953,21.02587890625,51.940643310546875,3.883781118929619e-06
1050,608.37109375,170.9596405029297,22.77392578125,56.25482177734375,2.314105131517863e-06
1050,613.3580322265625,159.93710327148438,27.1419677734375,76.27197265625,1.6893778592930175e-05
1050,598.0308227539062,170.27113342285156,30.8157958984375,73.24554443359375,1.8459764987710514e-06
1050,625.6978149414062,178.45864868164062,14.80218505859375,57.05670166015625,8.293799510283861e-06
1050,94.5673828125,193.2294921875,23.852920532226562,54.768524169921875,3.158539811920491e-06
1050,89.12301635742188,198.78858947753906,23.049270629882812,56.200927734375,5.8207351685268804e-06
1050,106.59453582763672,196.5177764892578,29.183326721191406,67.21882629394531,1.1401850315451156e-05
1050,63.344749450683594,198.11697387695312,29.869598388671875,70.76290893554688,9.758750820765272e-06
1050,71.92892456054688,195.201416015625,34.42352294921875,80.3955078125,0.0015553833218291402
1050,82.32188415527344,203.1647491455078,23.438323974609375,55.42033386230469,1.554441723783384e-06
1050,81.46453857421875,188.79644775390625,37.94281005859375,91.55062866210938,0.999996542930603
1050,94.00344848632812,196.039306640625,34.97999572753906,81.30691528320312,0.00016602087998762727
1080,367.2984619140625,178.57669067382812,43.5025634765625,104.49472045898438,0.9999985694885254
1080,3.450031280517578,187.49972534179688,51.179256439208984,123.68875122070312,0.9999974966049194
1080,116.03837585449219,177.90072631835938,55.933135986328125,135.07736206054688,0.9999996423721313
1080,201.94798278808594,190.59320068359375,50.96893310546875,124.1617431640625,0.9998281002044678
1080,180.7382049560547,171.97921752929688,59.415435791015625,142.05389404296875,0.9853912591934204
1080,186.42311096191406,164.92123413085938,80.47599792480469,189.30950927734375,0.010149722918868065
1080,95.4883041381836,180.19862365722656,49.57276153564453,115.62498474121094,0.02396811917424202
1080,105.88674926757812,154.13931274414062,82.34078979492188,193.8006591796875,0.0007904996746219695
1080,21.293745040893555,200.68780517578125,45.46723937988281,106.07199096679688,0.05623567849397659
1080,162.1484832763672,165.01083374023438,57.4715576171875,141.29879760742188,0.0776190310716629
1080,142.74285888671875,169.90042114257812,58.6307373046875,140.41500854492188,0.00024093948013614863
1080,0.0,158.33346557617188,68.1891098022461,188.73928833007812,0.0006957908626645803
1080,177.40066528320312,177.3440704345703,41.179290771484375,97.12467956542969,0.7484923005104065
1080,348.99285888671875,170.97669982910156,42.13958740234375,104.22590637207031,0.00031283166026696563
1080,382.2124328613281,191.61431884765625,36.554931640625,86.0743408203125,0.00023974032956175506
1080,214.23133850097656,175.69509887695312,59.85398864746094,145.06072998046875,0.0004606667207553983
1080,0.0,192.24305725097656,32.63011169433594,108.94444274902344,0.0002005026617553085
1080,132.05838012695312,164.53536987304688,81.68890380859375,203.66558837890625,7.273369556060061e-05
1080,10.92011833190918,194.83482360839844,35.504859924316406,86.65589904785156,3.725655915332027e-05
1080,151.139404296875,151.21665954589844,108.76382446289062,261.27685546875,7.221122359624133e-05
1080,98.2559585571289,219.49757385253906,37.450218200683594,87.78642272949219,0.0002660372119862586
1110,293.95440673828125,166.86306762695312,64.80810546875,159.07391357421875,0.9999994039535522
1110,441.4422302246094,158.2664031982422,72.99490356445312,176.6991729736328,0.9999988079071045
1110,548.6394653320312,174.1611785888672,67.71533203125,165.7631378173828,0.9983419179916382
1110,520.5537719726562,152.7537078857422,80.827392578125,196.0075225830078,0.9972201585769653
1110,450.7611083984375,212.40847778320312,49.81683349609375,120.809326171875,0.007781184744089842
1110,456.1071472167969,118.58489227294922,86.83938598632812,218.4178466796875,0.02242296189069748
1110,530.0381469726562,146.1064453125,106.1287841796875,254.22686767578125,0.0019368808716535568
1110,493.56939697265625,121.04900360107422,88.620849609375,212.09661865234375,0.0008997664554044604
1110,317.68017578125,179.64364624023438,56.4205322265625,140.57928466796875,0.465712308883667
1110,418.9965515136719,126.88505554199219,115.22372436523438,274.12109375,0.0005298255709931254
1110,303.6715087890625,157.03973388671875,84.9056396484375,204.794921875,0.000310704082949087
1110,522.0228271484375,159.46435546875,56.3831787109375,137.65835571289062,0.8536544442176819
1110,424.1950988769531,157.95997619628906,66.12408447265625,159.1588592529297,0.0007704245508648455
1110,266.7439880371094,141.45452880859375,79.28082275390625,205.94320678710938,9.64127539191395e-05
1170,410.85540771484375,0.0,129.36328125,190.45162963867188,5.784638233308215e-06
1170,441.3971862792969,0.0,94.95407104492188,130.03897094726562,4.361535502539482e-06
1170,544.1364135742188,0.0,93.4476318359375,133.5004425048828,4.972057013219455e-06
1170,595.0946044921875,0.0,45.4053955078125,121.89962768554688,2.5611066121200565e-06
1170,599.1677856445312,359.22991943359375,41.33221435546875,121.27008056640625,5.047716967965243e-06
1170,576.4736328125,316.2336730957031,64.0263671875,164.26632690429688,7.777959581289906e-06
1200,209.66165161132812,163.34042358398438,21.627838134765625,51.047454833984375,9.432362162442587e-07
1200,326.6038513183594,75.3929443359375,98.2445068359375,226.95535278320312,4.6114369069982786e-06
1200,137.0926513671875,166.994140625,21.0657958984375,50.862579345703125,1.7256845694646472e-06
1200,615.4519653320312,202.92044067382812,21.862548828125,51.197113037109375,8.723961400392e-06
1230,440.35321044921875,155.0648651123047,22.7574462890625,53.168914794921875,0.00024042959557846189
1230,0.0,165.5240478515625,16.343616485595703,58.540802001953125,5.727079042117111e-06
1230,0.0,142.6615753173828,22.75116539001465,100.56402587890625,5.295836217555916e-06
1230,0.0,183.29052734375,13.54901123046875,52.0875244140625,3.6604055821953807e-06
1230,544.34912109375,104.83586883544922,94.6588134765625,229.94427490234375,2.7571533792070113e-05
1230,552.9202880859375,147.33958435058594,64.68896484375,155.8402862548828,4.66422943645739e-06
1230,590.2655029296875,125.82084655761719,50.2344970703125,243.52430725097656,6.467359526141081e-06
1230,600.5476684570312,361.1401672363281,39.95233154296875,119.35983276367188,4.931535386276664e-06
1260,498.7132568359375,146.98245239257812,21.828125,52.1654052734375,0.9928616881370544
1260,509.9750061035156,146.60003662109375,23.147491455078125,54.635101318359375,8.96505152923055e-05
1260,518.5845947265625,146.8919677734375,23.2947998046875,54.576385498046875,1.8531591194914654e-05
1260,490.00079345703125,152.04249572753906,26.67578125,63.828704833984375,0.00036661693593487144
1260,454.80279541015625,161.0203399658203,23.52716064453125,56.0155029296875,1.651412276260089e-05
1260,472.7132568359375,129.82186889648438,41.24676513671875,104.59771728515625,7.249079772009281e-07
1260,451.8118591308594,151.6022491455078,33.5533447265625,79.37655639648438,8.372750016860664e-05
1260,449.8387756347656,115.0966567993164,49.80230712890625,117.13524627685547,3.550349447323242e-06
1260,486.3414306640625,140.93124389648438,38.8863525390625,87.9937744140625,0.00013447295350488275
1260,499.86468505859375,152.19947814941406,28.69140625,65.77984619140625,4.308042844058946e-05
1260,627.8236083984375,183.78138732910156,12.6763916015625,55.647796630859375,6.921574822627008e-06
1290,511.32049560546875,85.3204345703125,63.1641845703125,146.77923583984375,2.4804476197459735e-05
1290,515.6082153320312,155.72767639160156,20.72900390625,50.84063720703125,9.762511581357103e-06
1290,491.2025146484375,70.1077880859375,98.47998046875,234.30426025390625,0.00020463975670281798
1290,417.5597839355469,166.1925048828125,22.07098388671875,50.54046630859375,3.0208925636543427e-06
1290,502.4265441894531,115.53961181640625,59.465423583984375,145.55770874023438,4.810268364963122e-06
1290,0.0,174.90318298339844,15.629652976989746,59.4478759765625,3.558359139788081e-06
1290,511.2374267578125,166.30276489257812,38.156982421875,89.7056884765625,9.528528607916087e-06
1290,599.9358520507812,360.3343505859375,40.56414794921875,120.1656494140625,7.613617526658345e-06
1320,149.43556213378906,0.0,92.63711547851562,119.66146087646484,1.9482617972244043e-06
1320,545.036376953125,138.3854522705078,26.4505615234375,63.08477783203125,0.9984061121940613
1320,23.199024200439453,147.83164978027344,22.390716552734375,53.914031982421875,6.9356951826193836e-06
1320,541.169921875,142.522705078125,22.150634765625,51.683837890625,0.0006523767951875925
1320,554.276123046875,137.28955078125,28.3070068359375,69.03939819335938,2.2893007553648204e-05
1320,557.8842163085938,132.079345703125,42.7196044921875,100.55169677734375,9.928614872478647e-07
1320,18.188247680664062,157.53016662597656,21.242107391357422,50.9007568359375,3.6204542993800715e-05
1320,541.3238525390625,133.66354370117188,38.2520751953125,92.23245239257812,0.00013733029481954873
1320,22.656373977661133,161.56605529785156,25.557912826538086,60.1708984375,3.2354962513636565e-06
1320,528.036865234375,139.19911193847656,44.9534912109375,104.83831787109375,8.058637831709348e-06
1320,532.2236938476562,125.76378631591797,58.7894287109375,140.34381103515625,9.65263279795181e-06
1320,524.139892578125,103.10733795166016,85.3140869140625,206.98382568359375,9.156878149951808e-06
1320,549.6182861328125,132.18374633789062,59.824951171875,143.19461059570312,2.3052875803841744e-06
1320,93.87924194335938,186.43942260742188,22.136077880859375,53.25543212890625,0.9909654855728149
1320,601.9407958984375,362.46429443359375,38.5592041015625,118.03570556640625,4.121881374885561e-06
1350,532.346435546875,145.1267852783203,24.43505859375,57.375946044921875,0.03854669630527496
1350,537.0013427734375,141.4716796875,28.8828125,68.91632080078125,0.9999492168426514
1350,482.8714294433594,110.49525451660156,126.24703979492188,277.9537353515625,3.001737695740303e-06
1350,546.5232543945312,146.59776306152344,26.3106689453125,62.0887451171875,0.007420002948492765
1350,18.662750244140625,159.44557189941406,23.24675750732422,54.65008544921875,2.4622528144391254e-05
1350,531.3865966796875,126.19747924804688,43.7271728515625,100.81344604492188,2.478399437677581e-06
1350,24.249271392822266,167.00338745117188,23.86065673828125,54.690521240234375,3.079221642110497e-05
1350,32.485931396484375,167.63388061523438,23.53923797607422,55.70281982421875,2.093830289595644e-06
1350,40.46745681762695,168.09860229492188,23.840744018554688,56.66552734375,7.846912012610119e-06
1350,48.45174789428711,167.3295440673828,24.001667022705078,55.750213623046875,5.133621016284451e-06
1350,57.00692367553711,168.71006774902344,23.574199676513672,54.924713134765625,7.862328857299872e-06
1350,16.04501724243164,174.85177612304688,24.311988830566406,56.791412353515625,2.059539383481024e-06
1350,63.781551361083984,174.09332275390625,22.92599105834961,53.2904052734375,2.0907234556943877e-06
1350,600.501953125,360.2171630859375,39.998046875,120.2828369140625,9.427601071365643e-06
1380,515.3165893554688,147.3109130859375,19.851318359375,50.92828369140625,3.8077260455793294e-07
1380,519.7345581054688,150.6191864013672,34.2763671875,81.39920043945312,0.09398346394300461
1380,506.9056701660156,134.75210571289062,40.985137939453125,102.24688720703125,1.311484447796829e-05
1380,532.4177856445312,154.23382568359375,30.0208740234375,68.95724487304688,9.492719982517883e-06
1380,498.96893310546875,158.08761596679688,26.1962890625,60.9034423828125,4.640762199414894e-06
1380,507.9430236816406,160.0280303955078,23.069915771484375,53.479400634765625,0.0005207477370277047
1380,512.8756713867188,152.88571166992188,29.2376708984375,69.70266723632812,0.9999912977218628
1380,526.9676513671875,159.6510009765625,22.5040283203125,53.031158447265625,7.701291906414554e-06
1380,522.3651123046875,129.51718139648438,48.803955078125,125.43008422851562,5.503358806890901e-06
1380,462.9520263671875,134.7306671142578,115.89453125,268.536865234375,1.253044047189178e-06
1380,50.871482849121094,187.40452575683594,21.317962646484375,51.115570068359375,1.5320713373512262e-06
1380,521.2124633789062,173.8475799560547,21.224853515625,51.3597412109375,8.049159987422172e-06
1380,602.1007690429688,361.8285827636719,38.39923095703125,118.67141723632812,1.2651122233364731e-05
1410,497.7987365722656,153.97154235839844,21.992523193359375,53.184967041015625,0.0004928938578814268
1410,482.981689453125,139.62416076660156,43.7166748046875,102.64157104492188,2.716288508963771e-05
1410,535.6084594726562,71.92230224609375,96.9453125,239.60610961914062,4.151805569563294e-06
1410,482.0547790527344,160.82557678222656,29.69891357421875,68.884033203125,4.395949508761987e-05
1410,492.5061340332031,158.5719451904297,30.380645751953125,72.75717163085938,0.9999879598617554
1410,439.60321044921875,125.51333618164062,119.95703125,287.58636474609375,7.278261819010368e-06
1410,501.5080871582031,165.7469940185547,25.174713134765625,57.142120361328125,0.0047538368962705135
1410,509.7127380371094,169.4451446533203,23.856658935546875,57.103546142578125,4.621399421012029e-05
1410,498.540283203125,153.34983825683594,37.7813720703125,86.6895751953125,6.678689715045039e-06
1410,627.5786743164062,186.43519592285156,12.92132568359375,50.50299072265625,3.982725502282847e-06
1440,627.5531005859375,45.897789001464844,12.9468994140625,51.205291748046875,0.00012291170423850417
1440,623.6053466796875,50.39801025390625,16.8946533203125,78.20292663574219,4.570762030198239e-06
1440,0.3707561492919922,187.02867126464844,23.6551456451416,54.93426513671875,2.489348162271199e-06
1440,0.0,192.83824157714844,14.077018737792969,51.73211669921875,3.04170066556253e-06
1440,24.549697875976562,188.69847106933594,21.57622528076172,52.014923095703125,6.900154858158203e-06
1470,454.60235595703125,135.75433349609375,44.93023681640625,102.99151611328125,2.3574993974762037e-06
1470,466.20751953125,153.66146850585938,29.2969970703125,70.28778076171875,0.9999738931655884
1470,413.3658752441406,114.89204406738281,122.27206420898438,287.90582275390625,9.558400051901117e-06
1470,478.2058410644531,160.027099609375,24.1524658203125,55.02593994140625,3.4845190384658054e-05
1470,459.20880126953125,160.24905395507812,26.60797119140625,62.9295654296875,0.00033712503500282764
1470,0.0,186.8533172607422,13.506279945373535,51.0689697265625,4.197361704427749e-06
1470,0.46610260009765625,184.70755004882812,24.646249771118164,57.06280517578125,4.763840024679666e-06
1470,7.839625358581543,191.22048950195312,23.829219818115234,56.974700927734375,4.276826075511053e-06
1470,17.58367347717285,192.65538024902344,21.285268783569336,51.193878173828125,1.798184598555963e-06
1470,25.250804901123047,191.44192504882812,21.36644744873047,52.192535400390625,3.2868395010154927e-06
1470,0.0,197.921875,15.863836288452148,59.1773681640625,2.397316393398796e-06
1470,12.20449161529541,188.93218994140625,30.690589904785156,71.62472534179688,4.1171651332660986e-07
1500,462.2052307128906,150.8043212890625,34.858642578125,77.96771240234375,1.1265696230111644e-05
1500,467.21063232421875,169.10989379882812,21.96002197265625,52.203277587890625,0.55610191822052
1500,477.98114013671875,168.6201629638672,20.937255859375,51.40350341796875,2.7415355816629017e-06
1500,459.0819396972656,173.46798706054688,21.43072509765625,52.777130126953125,0.00011464527779025957
1500,1.0425233840942383,200.60003662109375,22.519893646240234,54.044281005859375,3.859026946884114e-06
1500,8.045156478881836,199.52525329589844,22.94088363647461,55.73876953125,1.8422990706312703e-06
1500,15.617243766784668,198.7646942138672,23.705078125,56.26409912109375,2.342756260986789e-06
1500,601.3689575195312,361.106689453125,39.13104248046875,119.393310546875,1.2229065760038793e-05
1530,551.4077758789062,63.52519226074219,21.9678955078125,53.8406982421875,0.0002139581338269636
1530,528.99609375,172.00885009765625,23.0494384765625,54.305206298828125,1.2447071640053764e-06
1530,537.28271484375,174.84600830078125,22.0552978515625,52.8116455078125,1.6097440038720379e-06
1530,545.6768188476562,175.09429931640625,22.2236328125,52.892059326171875,8.962668289314024e-06
1530,627.723388671875,175.64031982421875,12.776611328125,50.670074462890625,7.1867689257487655e-06
1530,0.0,201.35182189941406,15.693984031677246,56.82890319824219,2.0637135094148107e-06
1530,7.806713104248047,202.13783264160156,22.618431091308594,55.71253967285156,1.5037619959912263e-05
1530,15.551666259765625,202.36691284179688,22.999652862548828,53.81817626953125,1.923880745380302e-06
1560,9.118239402770996,203.13327026367188,22.759479522705078,55.359771728515625,3.8107664295239374e-06
1560,16.66493797302246,203.4641571044922,22.028566360473633,53.094818115234375,2.6132986022275873e-05
1560,24.27997398376465,203.7696075439453,22.35423469543457,53.52680969238281,4.5721048991254065e-06
1590,81.45674133300781,218.0748748779297,22.21392822265625,51.79536437988281,4.094621090189321e-06
1590,599.6380004882812,359.95098876953125,40.86199951171875,120.54901123046875,9.069803127204068e-06
1650,290.6713562011719,0.0,64.00323486328125,94.95279693603516,2.9987734251335496e-06
1650,284.3339538574219,0.0,93.75537109375,130.8021697998047,1.2961758329765871e-05
1650,315.5273742675781,0.0,63.81231689453125,93.99305725097656,1.1399535651435144e-05
1650,280.5623779296875,0.0,130.43841552734375,193.35426330566406,1.76885150722228e-05
1650,324.22540283203125,0.0,94.382568359375,133.53636169433594,1.397736809849448e-06
1680,489.28094482421875,0.0,94.3843994140625,134.83917236328125,1.831598751778074e-06
1680,611.9324340820312,0.0,28.56756591796875,57.749393463134766,1.0483121513971128e-05
1680,594.5859375,0.0,45.9140625,127.11681365966797,9.253538337361533e-06
1680,432.23974609375,182.46031188964844,22.12152099609375,52.550537109375,0.0004022742505185306
1680,0.0,176.9357452392578,13.679264068603516,50.81268310546875,1.2157296396253514e-06
1680,424.06866455078125,183.76397705078125,25.69512939453125,62.588470458984375,2.0852855868724873e-06
1680,438.1087646484375,188.4112091064453,22.28814697265625,54.445465087890625,4.766829988511745e-06
1710,627.141845703125,167.68846130371094,13.358154296875,52.087615966796875,2.6300904210074805e-06
1710,617.1473388671875,177.4986114501953,21.4503173828125,51.019073486328125,2.631785537232645e-05
1710,619.0352172851562,155.66134643554688,21.46478271484375,94.02615356445312,4.011152668681461e-06
1710,610.30078125,182.507080078125,23.2611083984375,54.10736083984375,2.364797410336905e-06
1710,411.1496887207031,191.34654235839844,22.42132568359375,52.67498779296875,0.002611176809296012
1710,421.8057861328125,188.7717742919922,22.6600341796875,54.18841552734375,1.7171659010273288e-06
1710,626.9041137695312,188.7638702392578,13.59588623046875,52.743316650390625,0.0007357049616985023
1710,594.7775268554688,121.96646881103516,45.72247314453125,237.00537109375,3.0439118745562155e-06
1710,404.392333984375,198.69883728027344,21.340087890625,51.753021240234375,3.104655843344517e-05
1710,623.4044189453125,192.8178253173828,17.0955810546875,75.27424621582031,3.144494257867336e-05
1710,611.6422119140625,164.0082550048828,28.8577880859375,122.92982482910156,2.470906338203349e-06
1710,600.6427001953125,360.81158447265625,39.8572998046875,119.68841552734375,3.7008485378464684e-06
1740,375.50018310546875,211.03692626953125,20.90008544921875,50.571441650390625,1.2706548659480177e-05
1740,627.9732055664062,202.8892822265625,12.52679443359375,51.63873291015625,7.821389772288967e-06
1740,600.9364624023438,360.55181884765625,39.56353759765625,119.94818115234375,4.487235855776817e-06
1770,301.8285827636719,199.50521850585938,24.13604736328125,57.08990478515625,2.1534542611334473e-06
1770,627.5807495117188,194.42979431152344,12.91925048828125,51.37646484375,3.6219137200532714e-06
1770,296.67529296875,207.6983184814453,22.76568603515625,53.74711608886719,0.0001323808537563309
1770,234.51153564453125,215.306640625,22.64422607421875,53.535980224609375,1.6481633338116808e-06
1770,247.6326904296875,211.92755126953125,22.939208984375,54.174957275390625,4.795483982888982e-05
1770,241.18746948242188,218.0830078125,22.65234375,52.81219482421875,6.851514172012685e-06
1800,33.1107177734375,220.58653259277344,21.48210906982422,51.19618225097656,1.3098308954795357e-05
1800,74.20785522460938,216.5888214111328,21.564605712890625,50.65122985839844,2.32494312513154e-05
1800,39.507850646972656,224.92971801757812,20.866302490234375,50.544647216796875,6.465355454565724e-06
