30,415.9957580566406,176.7620391845703,22.74407958984375,54.46527099609375,1.003268698696047e-05
30,408.9285583496094,182.26571655273438,20.89544677734375,50.81353759765625,5.568521373788826e-06
30,599.4833984375,365.0975036621094,41.0166015625,115.40249633789062,4.6773166104685515e-06
60,0.0,153.63829040527344,13.086033821105957,50.898834228515625,1.0726425898610614e-06
60,32.916831970214844,154.05062866210938,22.757034301757812,54.2802734375,2.212744038843084e-05
60,25.865657806396484,157.60031127929688,21.13262176513672,51.211517333984375,8.314539627463091e-06
60,416.2713623046875,177.80706787109375,22.713134765625,54.136962890625,6.113687504694099e-06
90,416.0311584472656,176.85040283203125,23.02142333984375,54.868499755859375,5.567300377151696e-06
90,599.8522338867188,366.12744140625,40.64776611328125,114.37255859375,3.986791398347123e-06
120,0.0,144.22946166992188,15.977999687194824,56.70086669921875,9.97182837636501e-07
120,26.637203216552734,152.42318725585938,22.64995574951172,54.263580322265625,7.039811407594243e-06
120,31.760684967041016,156.9287872314453,24.29637908935547,57.92083740234375,4.9146576202474535e-05
120,40.82746887207031,159.9185028076172,20.371337890625,51.236236572265625,5.6578423937025946e-06
120,409.0662536621094,178.2139434814453,22.6517333984375,54.2542724609375,1.1337272553646471e-05
150,168.48146057128906,168.658203125,20.94000244140625,51.926727294921875,4.721477580460487e-06
150,162.8755340576172,175.78836059570312,21.932403564453125,53.445526123046875,3.671187187137548e-06
180,18.110286712646484,158.57691955566406,21.275802612304688,50.545562744140625,4.61977879240294e-06
180,23.941936492919922,158.69398498535156,23.524276733398438,55.478973388671875,2.5997736884164624e-05
210,16.85718536376953,148.7348175048828,24.16098403930664,56.275177001953125,9.589514957042411e-05
210,0.0,192.34716796875,15.477508544921875,56.09796142578125,5.838286597281694e-06
210,601.563232421875,359.1076965332031,38.936767578125,121.39230346679688,9.141887858277187e-06
210,580.4373779296875,322.3280944824219,60.0626220703125,158.17190551757812,6.045700047252467e-06
240,0.0,151.5722198486328,17.069381713867188,55.283111572265625,6.857245170976967e-05
240,0.0,162.79067993164062,23.798675537109375,60.693328857421875,8.404616892221384e-06
240,181.15805053710938,176.588134765625,20.835205078125,50.945709228515625,2.783707714115735e-05
240,0.0,176.55023193359375,13.969635009765625,52.2830810546875,3.0998180591268465e-06
240,108.57769775390625,106.72062683105469,148.43319702148438,290.75115966796875,4.418987373355776e-06
240,185.58058166503906,179.9047088623047,22.890380859375,55.34100341796875,2.374037285335362e-05
270,60.81584167480469,163.296875,46.52345275878906,114.4639892578125,5.521363618754549e-06
270,73.80713653564453,176.39093017578125,21.48052978515625,54.039764404296875,1.4441095117945224e-05
270,0.0,174.08441162109375,15.396218299865723,59.184722900390625,9.58198415901279e-06
270,66.91455078125,182.8204345703125,22.624130249023438,54.56573486328125,3.438456360527198e-06
270,80.05537414550781,181.63279724121094,22.729690551757812,53.89453125,9.295259587815963e-06
270,0.0,194.74179077148438,12.970514297485352,50.677520751953125,1.1820827694464242e-06
270,57.956703186035156,187.06509399414062,30.190200805664062,70.48052978515625,6.405926978914067e-05
270,68.57805633544922,180.8642578125,32.657989501953125,78.50131225585938,0.999822199344635
270,87.98469543457031,195.0532989501953,21.876724243164062,50.604583740234375,3.5003904486075044e-06
270,79.22689819335938,188.6543731689453,29.234405517578125,69.45606994628906,0.0019687796011567116
270,74.37781524658203,202.99111938476562,22.10919189453125,53.530914306640625,0.0011320614721626043
270,601.7025756835938,362.5205078125,38.79742431640625,117.9794921875,4.035063284391072e-06
300,12.251900672912598,179.1666259765625,31.653541564941406,77.31109619140625,2.5503384222247405e-06
300,0.0,141.03280639648438,60.313079833984375,182.83660888671875,2.9862798328395e-05
300,0.0,186.01779174804688,17.98343276977539,71.41677856445312,3.5848693187290337e-06
300,0.0,187.5607452392578,76.52806091308594,248.0946502685547,2.069934225801262e-06
300,0.0,186.74761962890625,27.342313766479492,92.30923461914062,0.0002994133101310581
300,10.42335319519043,197.2545928955078,20.974567413330078,52.417877197265625,2.241111360490322e-06
300,6.388175010681152,194.67132568359375,30.165306091308594,73.23263549804688,0.00018341955728828907
300,17.066843032836914,198.46881103515625,21.97798728942871,52.5484619140625,1.7824767155616428e-06
300,30.92500114440918,186.7205810546875,34.801055908203125,84.7301025390625,3.3626479307713453e-06
300,0.7829036712646484,181.65899658203125,45.25841522216797,108.53912353515625,0.9997842907905579
300,18.099136352539062,188.1629638671875,38.783851623535156,96.19613647460938,0.0001318409340456128
300,12.212929725646973,212.09898376464844,30.184478759765625,70.90324401855469,1.1283770618319977e-05
360,626.98095703125,151.3002166748047,13.51904296875,56.3084716796875,6.568327989953104e-06
360,0.0,170.5583953857422,13.374255180358887,50.6142578125,4.484711553232046e-06
390,0.0,134.1511688232422,16.14972496032715,58.5418701171875,6.215425855771173e-06
390,600.263427734375,364.4510498046875,40.236572265625,116.0489501953125,2.926257820945466e-06
420,595.3363647460938,0.0,45.16363525390625,124.15443420410156,2.664643034222536e-06
420,152.78390502929688,137.39816284179688,22.7037353515625,54.279937744140625,1.525305378891062e-06
420,408.0412902832031,140.5077667236328,22.93804931640625,54.03582763671875,8.18923581391573e-06
420,401.575439453125,141.05691528320312,21.1048583984375,51.035614013671875,2.9515890673792455e-06
420,598.1228637695312,362.7507019042969,42.37713623046875,117.74929809570312,9.805105946725234e-06
420,575.8432006835938,325.4654235839844,64.65679931640625,155.03457641601562,5.811816208733944e-06
450,1.4568662643432617,138.79412841796875,22.770763397216797,54.282196044921875,1.2929215699841734e-05
450,0.0,143.7550811767578,16.471397399902344,58.69757080078125,7.476069640688365e-06
450,8.747546195983887,143.66452026367188,21.744606018066406,50.5916748046875,9.896142728393897e-06
450,16.1373291015625,145.24815368652344,21.389976501464844,51.203643798828125,1.3334565664990805e-06
450,0.0,122.77195739746094,23.263612747192383,101.92123413085938,6.199873496370856e-06
450,2.797379493713379,140.75982666015625,30.827621459960938,72.44570922851562,6.439295702875825e-06
450,599.0914916992188,362.24420166015625,41.40850830078125,118.25579833984375,6.412588390958263e-06
480,470.0832214355469,113.49404907226562,25.3138427734375,58.172515869140625,8.875238563632593e-06
480,477.37139892578125,118.20219421386719,25.33984375,58.767547607421875,1.0395156095910352e-05
480,463.5025634765625,121.94465637207031,26.91241455078125,61.48150634765625,0.000255582039244473
480,0.0,137.61834716796875,13.6199951171875,51.18231201171875,5.473665169120068e-06
480,458.7982482910156,129.83029174804688,21.91552734375,53.59295654296875,1.752816274347424e-06
480,1.6530227661132812,143.92843627929688,21.2069149017334,50.839874267578125,6.762907560187159e-06
480,7.470524787902832,142.7958984375,24.568958282470703,56.9835205078125,3.1037463941174792e-06
480,15.881031036376953,143.49623107910156,21.956195831298828,52.442291259765625,1.1948549172302592e-06
480,599.7509155273438,359.18572998046875,40.74908447265625,121.31427001953125,5.460010015667649e-06
510,600.9365234375,108.83445739746094,23.542724609375,54.29132080078125,1.59572505253891e-06
510,602.6022338867188,99.28917694091797,35.0006103515625,85.87665557861328,1.753249489411246e-05
510,625.9154663085938,104.7615737915039,14.58453369140625,52.592689514160156,1.2206998690089677e-05
510,606.4847412109375,119.72807312011719,25.146240234375,60.211700439453125,0.041864655911922455
510,624.7214965820312,120.79145050048828,15.77850341796875,54.44969940185547,0.0006696513155475259
510,614.4838256835938,78.8190689086914,26.01617431640625,124.4476547241211,8.616596460342407e-06
510,305.1375427246094,133.53445434570312,22.37677001953125,52.153228759765625,7.901964636403136e-06
510,595.7606811523438,127.01626586914062,21.4996337890625,50.857421875,1.739315666782204e-05
510,614.7416381835938,123.79142761230469,23.5382080078125,55.21759033203125,0.008620595559477806
510,311.9671325683594,137.03182983398438,22.99041748046875,53.20379638671875,2.8146221211500233e-06
510,602.7782592773438,135.99774169921875,20.7308349609375,50.994293212890625,5.731611236114986e-05
510,627.0941162109375,139.40740966796875,13.4058837890625,51.196258544921875,4.026634996989742e-05
510,0.0,150.68167114257812,16.207876205444336,59.20953369140625,2.105383828165941e-06
540,56.0869140625,95.68992614746094,25.873031616210938,61.98515319824219,1.428068117093062e-05
540,64.44598388671875,99.35279846191406,23.137374877929688,55.23612976074219,1.4426971574721392e-05
540,58.975914001464844,94.11114501953125,34.172119140625,80.96334838867188,0.003759354818612337
540,71.0110855102539,98.70536804199219,32.029510498046875,77.65499877929688,5.837481512571685e-05
540,167.8372344970703,102.57498931884766,21.69525146484375,52.220176696777344,7.862201528041624e-06
540,44.97807312011719,79.15666198730469,39.213470458984375,102.67111206054688,3.039299372176174e-05
540,73.0294418334961,113.61663055419922,22.584518432617188,51.41529083251953,2.4603588826721534e-05
660,407.369873046875,172.46800231933594,22.2406005859375,52.7408447265625,6.84909036863246e-06
660,402.1966247558594,186.2069549560547,22.16851806640625,52.51495361328125,4.49357821707963e-06
660,25.720630645751953,194.77108764648438,21.717369079589844,51.288726806640625,3.443332843744429e-06
660,407.9809875488281,190.40374755859375,22.75762939453125,54.012054443359375,1.0778763908092515e-06
660,0.0,223.70751953125,14.775043487548828,57.468292236328125,2.187816789955832e-06
690,539.7704467773438,156.7253875732422,31.0286865234375,73.4951171875,4.125975465285592e-06
690,543.5740356445312,173.7344512939453,21.685302734375,51.802337646484375,0.0003594092559069395
690,530.2327880859375,180.87562561035156,22.269775390625,51.93634033203125,0.00028643972473219037
690,505.4442443847656,183.36630249023438,24.553253173828125,57.144134521484375,8.395077202294488e-06
690,513.1470947265625,185.8319549560547,25.125732421875,57.227569580078125,9.73563946899958e-05
690,521.4868774414062,184.89442443847656,21.94384765625,51.726409912109375,4.58459799119737e-05
690,535.2608642578125,178.6765594482422,26.5635986328125,61.675048828125,0.00026689562946558
690,532.2666015625,168.0429229736328,37.641845703125,90.18540954589844,7.4045542532985564e-06
690,549.2645263671875,178.00225830078125,26.7783203125,61.69110107421875,9.616109309718013e-06
690,525.0684204101562,180.18084716796875,30.868408203125,76.16046142578125,8.619817890576087e-06
690,607.568603515625,167.17398071289062,32.931396484375,150.03439331054688,4.220103619445581e-06
690,589.8577880859375,132.0406494140625,50.6422119140625,240.82308959960938,1.587173574080225e-05
690,626.5437622070312,237.1806182861328,13.95623779296875,51.12419128417969,5.257470547803678e-06
690,621.2293090820312,225.424560546875,19.27069091796875,76.6046142578125,2.6029044875031104e-06
690,601.3133544921875,358.98638916015625,39.1866455078125,121.51361083984375,5.955985216132831e-06
720,610.7462158203125,407.9425048828125,29.7537841796875,72.5574951171875,5.665319804393221e-06
720,600.2177124023438,362.20672607421875,40.28228759765625,118.29327392578125,1.1968099897785578e-05
720,579.9462890625,323.3548889160156,60.5537109375,157.14511108398438,2.2991707737674005e-06
750,618.7132568359375,144.24267578125,21.7867431640625,51.75799560546875,1.3455485714075621e-05
750,346.51422119140625,145.69276428222656,23.1859130859375,56.29315185546875,2.7345602575223893e-05
750,353.2615661621094,154.7994384765625,21.87860107421875,52.0692138671875,0.00011436847125878558
750,359.9256896972656,157.4510498046875,21.6063232421875,51.323455810546875,1.0299017048964743e-05
750,626.5479125976562,150.73593139648438,13.95208740234375,56.202789306640625,0.00010218597890343517
750,127.24683380126953,162.20303344726562,21.188255310058594,50.9158935546875,9.158757166005671e-07
750,367.56170654296875,161.7101593017578,22.0980224609375,51.784271240234375,3.7658023757103365e-06
750,618.3282470703125,164.8257293701172,22.1717529296875,57.02801513671875,2.7945598048972897e-06
750,627.4321899414062,174.1728515625,13.06781005859375,51.0745849609375,6.013155143591575e-06
780,576.1912841796875,157.56576538085938,21.939208984375,51.911041259765625,0.005848011467605829
780,416.6256103515625,167.01861572265625,21.102294921875,50.53875732421875,6.223207492439542e-06
780,582.7269897460938,161.5674285888672,23.0626220703125,55.417572021484375,0.0001403445057803765
780,627.9191284179688,177.75408935546875,12.58087158203125,51.13507080078125,5.093209438200574e-06
810,0.0,168.1713409423828,15.566834449768066,54.87225341796875,3.753511464310577e-06
810,409.96746826171875,173.3641357421875,21.95562744140625,51.0257568359375,1.8957769498229027e-05
810,627.7310180664062,174.97972106933594,12.76898193359375,57.3914794921875,9.978344678529538e-06
810,601.847412109375,360.04010009765625,38.652587890625,120.45989990234375,1.1800038919318467e-05
840,503.1608581542969,104.92515563964844,21.659637451171875,52.09033203125,1.0198123163718265e-05
840,601.8223266601562,166.05697631835938,21.2764892578125,51.244415283203125,0.0003193682641722262
840,620.11328125,423.8985290527344,20.38671875,56.601470947265625,7.569195531687001e-06
840,609.4527587890625,405.1015319824219,31.0472412109375,75.39846801757812,6.8997273956483696e-06
840,599.215576171875,367.1612854003906,41.284423828125,113.33871459960938,2.659439815033693e-05
840,580.9329833984375,317.34271240234375,59.5670166015625,163.15728759765625,2.5155782168440055e-06
870,627.1998291015625,145.0762176513672,13.3001708984375,55.36322021484375,2.9861574148526415e-05
870,593.845703125,58.044715881347656,46.654296875,247.02899169921875,3.848772848868975e-06
870,473.3064270019531,159.8090057373047,21.52838134765625,50.788970947265625,2.9111577532603405e-05
870,466.7382507324219,162.70242309570312,22.13726806640625,51.791748046875,9.095138011616655e-06
870,600.70947265625,359.476318359375,39.79052734375,121.023681640625,3.94679727833136e-06
960,143.31756591796875,11.926170349121094,57.048553466796875,136.4649658203125,1.9898047867172863e-06
960,136.0047149658203,0.0,95.75827026367188,201.58743286132812,7.280149930011248e-06
960,152.41555786132812,0.0,135.3416748046875,261.31475830078125,0.0018525168998166919
960,197.076171875,0.0,104.23007202148438,211.18240356445312,1.0405085049569607e-05
960,176.9029541015625,24.514755249023438,77.03713989257812,192.40390014648438,5.977245018584654e-05
960,144.81358337402344,47.50694274902344,95.58673095703125,249.54579162597656,9.63461161518353e-07
1020,595.0095825195312,0.0,45.49041748046875,116.67562103271484,9.764299647940788e-06
1020,78.13079071044922,188.19589233398438,27.3079833984375,65.03237915039062,1.1623430964391446e-06
1020,0.0,206.92259216308594,15.428220748901367,54.50947570800781,4.877885203313781e-06
1020,620.1453247070312,429.01947021484375,20.35467529296875,51.48052978515625,5.438801508717006e-06
1020,610.1773071289062,408.1226806640625,30.32269287109375,72.3773193359375,3.183967692166334e-06
1020,597.4300537109375,366.113525390625,43.0699462890625,114.386474609375,9.746706382429693e-06
1050,593.7752685546875,0.0,46.7247314453125,124.32901763916016,5.334775778464973e-06
1050,551.0122680664062,177.68063354492188,21.67529296875,51.5364990234375,3.6830576846114127e-06
1050,539.3583374023438,185.38641357421875,21.84033203125,52.34320068359375,3.40027290803846e-05
1050,536.2108764648438,172.5459747314453,35.8443603515625,84.30943298339844,1.6246267477981746e-06
1050,545.2198486328125,190.1840057373047,21.82861328125,51.846649169921875,0.00025666726287454367
1050,0.0,201.2196044921875,15.344086647033691,56.031494140625,3.544743321981514e-06
1050,550.5985107421875,193.21524047851562,24.02197265625,56.794158935546875,1.5121383967198199e-06
1050,610.275390625,204.14646911621094,20.8660888671875,50.68792724609375,2.985769242513925e-06
1050,627.6434326171875,207.6430206298828,12.8565673828125,56.93547058105469,4.227934823575197e-06
1080,481.1632995605469,180.5007781982422,22.81903076171875,52.685577392578125,5.315554062690353e-06
1080,473.02239990234375,189.2599334716797,23.63629150390625,55.965118408203125,2.4532166662538657e-06
1080,487.33074951171875,187.54299926757812,23.610595703125,55.429443359375,6.2776653066976e-06
1080,495.1004333496094,191.109375,23.226104736328125,54.40264892578125,1.1552798241609707e-05
1080,503.92449951171875,194.19288635253906,22.2933349609375,53.079010009765625,2.0803040570172016e-06
1080,0.0,200.3831787109375,15.199861526489258,55.447723388671875,1.5324745618272573e-05
1080,113.14830780029297,195.52935791015625,27.51715850830078,66.09954833984375,1.012636857922189e-05
1110,128.44854736328125,173.20321655273438,22.7493896484375,53.3282470703125,5.4845963859406766e-06
1110,534.1689453125,175.79168701171875,24.68212890625,58.6004638671875,3.706846655404661e-06
1110,1.0351505279541016,199.74600219726562,21.4615478515625,51.1826171875,1.9234496448916616e-06
1110,529.1712646484375,185.77264404296875,21.89404296875,51.940582275390625,0.00013636126823257655
1110,7.2608184814453125,203.8833465576172,21.91067123413086,52.118011474609375,3.365971497260034e-05
1110,523.4761962890625,191.61862182617188,22.25341796875,54.321990966796875,2.374904170210357e-06
1110,0.0,211.40576171875,17.5133056640625,51.6844482421875,0.0004964753752574325
1110,0.0,188.30455017089844,24.595340728759766,88.94013977050781,3.5269356430944754e-06
1110,0.0,139.42715454101562,61.588653564453125,304.25555419921875,3.933720563509269e-06
1140,0.0,169.82620239257812,15.361608505249023,57.432342529296875,4.283941052563023e-06
1140,627.863037109375,177.41326904296875,12.636962890625,51.767852783203125,2.2113713384896982e-06
1140,0.0,159.41001892089844,21.85858726501465,100.47642517089844,4.23179926656303e-06
1140,0.0,190.1008758544922,15.554983139038086,56.943450927734375,2.104088525811676e-05
1140,504.7999572753906,202.97544860839844,22.677764892578125,53.91737365722656,8.423739927820861e-06
1140,512.47998046875,209.99021911621094,22.6455078125,53.09080505371094,1.7561477534400183e-06
1170,0.0,170.29434204101562,16.337677001953125,56.566314697265625,6.374529220920522e-06
1170,593.3421630859375,175.10215759277344,21.36376953125,51.242950439453125,1.6017678717616946e-05
1170,0.5305423736572266,184.81356811523438,21.90360450744629,51.8277587890625,1.980960587388836e-05
1170,627.6160888671875,185.78880310058594,12.8839111328125,50.837677001953125,1.7941249552677618e-06
1170,627.9957275390625,202.8002471923828,12.5042724609375,51.382965087890625,1.0360153055444243e-06
1230,0.0,160.87864685058594,12.802674293518066,50.915740966796875,1.542854261060711e-05
1230,0.0,148.19674682617188,21.42606544494629,97.39529418945312,8.692445589986164e-06
1230,7.770448684692383,173.00473022460938,23.060348510742188,54.93096923828125,4.494148015510291e-06
1230,18.591144561767578,174.7782745361328,22.399364471435547,51.990966796875,3.740936517715454e-05
1230,0.0,178.1636199951172,13.702144622802734,50.664886474609375,0.0005434991326183081
1290,6.306607246398926,148.15225219726562,24.134449005126953,57.05462646484375,4.956395969202276e-06
1290,0.232147216796875,155.10841369628906,23.856538772583008,56.274688720703125,1.5576630175928585e-05
1290,0.0,161.9402313232422,13.385598182678223,50.569091796875,1.868026447482407e-05
1290,601.617919921875,362.1473388671875,38.882080078125,118.3526611328125,4.497020654525841e-06
1320,0.0,176.18545532226562,15.755420684814453,54.579681396484375,1.2321124813752249e-05
1320,7.943927764892578,179.17254638671875,21.82696533203125,51.4180908203125,3.0125811463221908e-06
1320,1.5946340560913086,184.45864868164062,21.54666519165039,51.476898193359375,4.386915406939806e-06
1320,599.369873046875,359.38922119140625,41.130126953125,121.11077880859375,8.662611435283907e-06
1350,1.6913175582885742,152.88929748535156,23.775184631347656,57.0487060546875,4.1237294681195635e-06
1350,528.1373901367188,146.4331817626953,22.1796875,52.162322998046875,2.70859309239313e-05
1350,15.74499225616455,157.6639404296875,21.818485260009766,51.784210205078125,1.2109472663723864e-05
1350,627.299072265625,153.592041015625,13.200927734375,52.16351318359375,6.174495865707286e-06
1350,0.0,159.46482849121094,16.68474006652832,57.393310546875,1.085013627744047e-05
1350,0.0,131.23886108398438,23.137229919433594,99.40643310546875,2.6661782612791285e-06
1350,8.52901840209961,162.53834533691406,22.753170013427734,54.202117919921875,0.0003708373988047242
1350,23.344438552856445,158.22677612304688,22.55951499938965,52.56982421875,1.95344341591408e-06
1350,42.91349411010742,159.77308654785156,21.64185333251953,51.1434326171875,4.3057429138571024e-05
1350,88.3191146850586,159.37635803222656,22.208267211914062,53.260772705078125,4.818132765649352e-06
1350,3.221284866333008,173.50477600097656,21.864763259887695,51.72821044921875,0.00010895205923588946
1380,616.4290161132812,141.42750549316406,23.6507568359375,53.949310302734375,9.527557267574593e-06
1380,626.855224609375,146.26666259765625,13.644775390625,50.66510009765625,2.6826141038327478e-05
1380,0.0,152.8403778076172,21.92717742919922,52.3955078125,2.4171040422515944e-05
1380,0.0,166.46664428710938,14.340404510498047,51.10699462890625,2.896383875850006e-06
1410,609.4389038085938,138.42578125,23.1182861328125,53.43182373046875,1.3917690921516623e-05
1410,61.19729232788086,151.47145080566406,23.577632904052734,54.751312255859375,9.716349268273916e-06
1410,71.89147186279297,154.4410400390625,21.3790283203125,51.219940185546875,0.009037630632519722
1410,487.2839660644531,138.4580078125,24.53515625,57.895843505859375,0.00028357983683235943
1410,496.3345031738281,140.89675903320312,21.324981689453125,52.58203125,1.25098285934655e-05
1410,616.3475952148438,141.99130249023438,23.6871337890625,56.1083984375,1.5149024648053455e-06
1410,627.5475463867188,152.47967529296875,12.95245361328125,51.069000244140625,6.048439900041558e-06
1410,0.0,158.4584503173828,15.148641586303711,56.207763671875,3.3222552247025305e-06
1410,78.94483184814453,156.0000762939453,21.539627075195312,51.327117919921875,0.0005750727723352611
1440,622.3665161132812,118.58665466308594,18.13348388671875,76.35333251953125,1.27981672903843e-06
1440,627.1093139648438,132.14382934570312,13.39068603515625,52.35723876953125,9.300021702074446e-06
1440,569.6963500976562,116.44234466552734,55.0732421875,137.09832763671875,5.608587525784969e-05
1440,550.7474365234375,100.19676971435547,85.813232421875,199.2408447265625,7.767633178445976e-06
1440,589.5384521484375,144.8831787109375,30.063720703125,71.70205688476562,2.9422387797239935e-06
1440,586.2855224609375,127.2589340209961,46.4561767578125,107.90631866455078,1.771165625541471e-05
1440,624.5531005859375,145.68833923339844,15.9468994140625,66.00750732421875,5.963108560536057e-05
1440,0.0,152.20635986328125,15.955974578857422,57.48388671875,2.2674596493743593e-06
1440,557.9041748046875,147.4141387939453,36.159912109375,84.71517944335938,2.2749714844394475e-05
1440,564.5087890625,136.27972412109375,43.1776123046875,103.47894287109375,0.0027590966783463955
1440,580.0703735351562,150.6279296875,31.9404296875,74.827392578125,3.8137586670927703e-06
1440,601.6209106445312,115.98352813720703,38.87908935546875,133.8043212890625,1.0160730198549572e-05
1440,617.6145629882812,133.73513793945312,22.88543701171875,100.55303955078125,1.8730514057097025e-05
1440,588.6301879882812,88.99555206298828,51.86981201171875,225.19772338867188,1.4577026377082802e-05
1440,573.598876953125,157.37628173828125,26.9393310546875,65.0799560546875,2.2172694116306957e-06
1440,624.3861083984375,169.8857421875,16.1138916015625,64.68707275390625,6.853814284113469e-06
1440,556.0076904296875,146.09121704101562,57.267578125,133.87957763671875,1.7864622350316495e-06
1470,627.2872924804688,39.81169128417969,13.21270751953125,50.75886535644531,6.555761501658708e-06
1470,617.54541015625,45.64503479003906,22.95458984375,54.60273742675781,1.8636934328242205e-05
1470,610.585693359375,48.03061294555664,21.4923095703125,51.19614791870117,1.790360693121329e-05
1470,626.7506713867188,58.12449645996094,13.74932861328125,54.515960693359375,0.00019789303769357502
1470,9.97741985321045,155.31704711914062,21.193462371826172,52.2716064453125,5.499565304489806e-06
1470,626.01318359375,143.82614135742188,14.48681640625,56.177215576171875,1.4948257557989564e-05
1500,40.270545959472656,154.5009307861328,27.579124450683594,67.17044067382812,2.149511237803381e-05
1500,0.0,89.11152648925781,111.42157745361328,298.35809326171875,3.516621745802695e-06
1500,627.2437744140625,178.80300903320312,13.2562255859375,51.516082763671875,1.5436708054039627e-05
1530,487.1632080078125,150.8485870361328,23.954345703125,55.209808349609375,7.178074883995578e-05
1530,481.65045166015625,154.28028869628906,20.72503662109375,51.01507568359375,4.533454102784162e-06
1530,520.0255737304688,156.51646423339844,25.2342529296875,58.657623291015625,4.718570835393621e-06
1560,627.259033203125,186.90618896484375,13.240966796875,50.998626708984375,5.847251941304421e-06
1560,599.7882080078125,360.7256774902344,40.7117919921875,119.77432250976562,3.69716599379899e-06
1590,384.6510009765625,140.82110595703125,22.2080078125,53.71075439453125,3.7423560570459813e-06
1590,0.0,166.5474395751953,14.98363971710205,55.8779296875,5.573962425842183e-06
1590,600.3208618164062,361.52020263671875,40.17913818359375,118.97979736328125,7.938127964735031e-06
1620,504.9447021484375,20.135467529296875,54.9727783203125,135.134765625,1.0125277185579762e-05
1620,566.6106567382812,63.68286895751953,21.442626953125,51.477020263671875,0.00010396399738965556
1620,441.8314514160156,134.68365478515625,21.43890380859375,52.6317138671875,0.0005132437217980623
1620,497.4336853027344,127.0888900756836,21.869354248046875,51.35272979736328,0.954028308391571
1620,511.2995300292969,134.0460205078125,23.617095947265625,54.4630126953125,5.5078112382034305e-06
1620,627.6427612304688,139.04727172851562,12.85723876953125,50.82891845703125,2.119736336680944e-06
1620,492.099365234375,136.0084228515625,20.26654052734375,50.516754150390625,4.2900941480183974e-05
1620,504.0677185058594,137.33856201171875,21.267486572265625,51.593719482421875,0.00010047217801911756
1620,0.0,159.6241912841797,15.543075561523438,55.438873291015625,5.617422175419051e-06
1620,601.1043090820312,361.7030334472656,39.39569091796875,118.79696655273438,1.1479261956992559e-05
1650,601.6395263671875,90.45951843261719,22.128173828125,52.278961181640625,0.00028650779859162867
1650,626.4388427734375,87.26530456542969,14.0611572265625,51.153076171875,9.300500096287578e-06
1650,613.7637329101562,92.759765625,24.154052734375,57.709442138671875,0.00010605503484839574
1650,548.7313232421875,71.60124206542969,91.7686767578125,281.9951171875,4.952002200298011e-06
1650,606.7507934570312,97.75190734863281,23.3861083984375,54.93019104003906,0.00014771221322007477
1650,585.2619018554688,102.41806030273438,24.5540771484375,57.585357666015625,0.00035459789796732366
1650,582.9863891601562,89.43226623535156,36.7791748046875,90.17236328125,9.81110060820356e-05
1650,594.8566284179688,103.32774353027344,23.1690673828125,53.456939697265625,0.0001239697594428435
1650,607.2290649414062,96.42178344726562,32.9620361328125,79.4451904296875,0.0003318213566672057
1650,623.119140625,98.74048614501953,17.380859375,63.29253387451172,9.606649837223813e-05
1650,578.8146362304688,108.43878936767578,24.566650390625,57.03282928466797,4.4203275137988385e-06
1650,596.8683471679688,96.62649536132812,32.2584228515625,77.53341674804688,0.9996812343597412
1650,487.19329833984375,137.44683837890625,22.67340087890625,54.44403076171875,1.8310714949620888e-05
1650,513.0430908203125,138.284423828125,21.2176513671875,50.613067626953125,7.246160748763941e-06
1650,601.0738525390625,115.51762390136719,22.8629150390625,55.078765869140625,0.0012721616076305509
1650,608.0,119.54644775390625,22.58349609375,53.596710205078125,6.759881944162771e-05
1650,371.05206298828125,75.30770874023438,137.552001953125,283.0262145996094,4.721095319837332e-05
1650,480.9757080078125,141.44784545898438,21.6407470703125,51.49310302734375,0.0007606101571582258
1650,497.5599365234375,139.87478637695312,21.1292724609375,50.94708251953125,1.1770681339839939e-05
1650,588.061279296875,95.96725463867188,47.268798828125,109.1964111328125,0.0003225121181458235
1650,621.1900024414062,118.51175689697266,19.30999755859375,80.98131561279297,1.1524978617671877e-05
1650,590.7421264648438,64.95223999023438,49.75787353515625,221.58596801757812,9.054592737811618e-06
1650,435.82879638671875,140.15269470214844,21.26361083984375,50.700225830078125,0.9206722974777222
1650,428.2971496582031,126.89859008789062,34.349609375,80.21920776367188,1.0050162927655037e-05
1650,444.65277099609375,141.7039794921875,22.19024658203125,52.350006103515625,0.00023068698646966368
1650,455.12554931640625,141.15370178222656,23.518310546875,55.127838134765625,1.709033858787734e-05
1650,597.8031616210938,122.73687744140625,30.21435546875,71.12017822265625,4.530496880761348e-05
1650,429.0398254394531,145.32308959960938,21.45892333984375,53.018829345703125,0.00011280953913228586
1680,593.4560546875,144.475830078125,21.2142333984375,51.455413818359375,6.271163874771446e-05
1680,623.2385864257812,129.5555419921875,17.26141357421875,76.942138671875,1.277528554055607e-05
1680,585.7164306640625,146.3754119873047,24.483154296875,57.004058837890625,7.475962775060907e-06
1680,612.82421875,98.78040313720703,27.67578125,133.70526123046875,1.5338711818912998e-05
1680,600.0020751953125,156.05328369140625,20.92431640625,51.128021240234375,0.00041455731843598187
1680,606.2510986328125,151.6221160888672,24.4437255859375,57.053314208984375,2.6074831112055108e-05
1680,617.0015869140625,153.90045166015625,21.21240234375,51.78271484375,5.722528658225201e-05
1680,627.4745483398438,154.30056762695312,13.02545166015625,51.58538818359375,6.052227399777621e-05
1680,589.99169921875,73.77500915527344,50.50830078125,237.3798370361328,7.297548563656164e-06
1680,362.75732421875,156.1031494140625,20.8465576171875,50.528167724609375,1.9690098724822747e-06
1680,593.933837890625,163.25686645507812,21.27587890625,50.848602294921875,0.00010410169488750398
1680,627.27197265625,174.92294311523438,13.22802734375,52.27294921875,6.005819614074426e-06
1680,602.0149536132812,361.54229736328125,38.48504638671875,118.95770263671875,5.111334303364856e-06
1710,615.7927856445312,110.8514404296875,22.927490234375,53.9993896484375,7.1629092417424545e-06
1710,610.5578002929688,119.25285339355469,21.9708251953125,51.078338623046875,1.418292049493175e-05
1710,625.9183959960938,116.32785034179688,14.58160400390625,57.21533203125,7.089384780556429e-06
1710,571.5946655273438,162.34600830078125,22.5323486328125,53.22515869140625,1.859571239037905e-05
1710,578.8837890625,168.70486450195312,22.2254638671875,52.037872314453125,0.001345877069979906
1710,0.0,169.67462158203125,15.434823989868164,53.739593505859375,2.765452336461749e-06
1710,588.5015258789062,169.11190795898438,21.81494140625,53.202362060546875,2.412637286397512e-06
1740,561.9358520507812,162.58230590820312,21.58935546875,51.755035400390625,1.4230938177206554e-05
1740,568.7593383789062,162.78662109375,21.806396484375,50.749786376953125,5.3860139814787544e-06
1740,627.5435180664062,159.75979614257812,12.95648193359375,56.66668701171875,3.6246331092115724e-06
1740,600.4788818359375,359.3175048828125,40.0211181640625,121.1824951171875,3.855995601043105e-06
1800,0.0,186.14236450195312,14.87997817993164,55.630584716796875,9.333191428595455e-07
1830,626.1160888671875,161.82925415039062,14.3839111328125,57.197601318359375,1.791795511962846e-05
1830,618.5262451171875,174.05624389648438,21.9737548828125,54.482757568359375,3.334396296850173e-06
1830,0.16271495819091797,186.9627227783203,23.421329498291016,55.286529541015625,2.3455651898984797e-05
1830,7.256715774536133,192.36634826660156,23.312808990478516,55.88714599609375,3.420090797590092e-05
1830,0.0,198.39120483398438,16.90381622314453,59.34326171875,7.985775482666213e-06
