30,456.3203430175781,176.30078125,21.95025634765625,51.618865966796875,0.9999063014984131
30,434.2543029785156,176.51121520996094,21.70050048828125,53.633880615234375,1.432583189853176e-06
30,0.0,175.83863830566406,15.932219505310059,57.893829345703125,1.1176086445630062e-05
30,390.6023254394531,126.23818969726562,133.46444702148438,276.2191162109375,4.417714535520645e-06
30,478.024658203125,173.69886779785156,23.7689208984375,54.382965087890625,3.7901868381595705e-06
30,595.3519897460938,176.4283905029297,26.3948974609375,61.410858154296875,7.113454216778337e-07
30,609.1049194335938,176.65966796875,27.735595703125,66.13623046875,0.9999997615814209
30,621.6756591796875,177.89378356933594,18.8243408203125,59.813812255859375,0.012560865841805935
30,549.1007690429688,166.89175415039062,91.39923095703125,269.20416259765625,7.344977802858921e-06
30,603.1155395507812,164.04647827148438,37.38446044921875,98.00546264648438,3.6687267765955767e-06
30,451.0150146484375,182.19447326660156,21.8037109375,52.9093017578125,1.7577900507603772e-05
30,603.5541381835938,183.96853637695312,23.9677734375,56.2659912109375,0.00012965049245394766
30,450.7369384765625,178.78195190429688,31.9481201171875,74.29983520507812,7.542347702838015e-06
60,465.1485595703125,177.19442749023438,22.34429931640625,53.228851318359375,0.9982026815414429
60,0.0,175.59056091308594,15.649320602416992,57.570343017578125,1.6946720279520378e-05
60,452.08026123046875,138.6743621826172,50.33001708984375,108.89007568359375,1.234302544617094e-06
60,402.54302978515625,133.1657257080078,129.12078857421875,279.171630859375,9.802534805203322e-06
60,465.5689697265625,163.26980590820312,34.7225341796875,79.08401489257812,1.4701444342790637e-05
60,482.5214538574219,172.94378662109375,24.7703857421875,58.6138916015625,3.4870131457864773e-06
60,608.9088134765625,176.23358154296875,27.9091796875,66.59808349609375,0.9999992847442627
60,621.9708862304688,178.3070068359375,18.52911376953125,59.4476318359375,0.0036643825005739927
60,471.94873046875,177.4916229248047,23.43878173828125,55.586822509765625,0.05970047041773796
60,595.0384521484375,158.55538940429688,44.47216796875,92.11874389648438,7.199136689450825e-06
60,548.6734008789062,168.91529846191406,91.82659912109375,270.21484375,6.241109531401889e-06
60,433.5302429199219,186.9165496826172,22.12371826171875,52.58355712890625,1.3304079402587377e-05
60,458.2244567871094,180.6903076171875,23.97564697265625,59.467742919921875,2.301684617123101e-05
60,603.5951538085938,183.70306396484375,24.241455078125,56.391998291015625,5.689901445293799e-05
60,0.0,384.40673828125,53.800209045410156,96.09326171875,1.6861285985214636e-06
90,0.0,175.84764099121094,15.472610473632812,57.170989990234375,2.6473268007976003e-05
90,474.9840087890625,175.48880004882812,22.98736572265625,54.640472412109375,0.5941933393478394
90,468.8548278808594,165.67108154296875,34.52947998046875,78.34478759765625,1.4260485841077752e-05
90,461.6085205078125,151.4171600341797,49.46160888671875,108.75617980957031,2.019451812884654e-06
90,413.047119140625,134.4545440673828,130.271728515625,279.36517333984375,4.906742105958983e-06
90,484.75164794921875,176.16705322265625,21.22332763671875,51.914581298828125,0.00032516103237867355
90,594.8710327148438,176.14747619628906,26.8531494140625,62.326995849609375,6.671124879176205e-07
90,609.1401977539062,175.83836364746094,28.214599609375,67.3956298828125,0.9999994039535522
90,621.346923828125,177.09767150878906,19.153076171875,60.705352783203125,0.0053708357736468315
90,468.2073974609375,179.87936401367188,22.582275390625,53.815826416015625,5.8192403230350465e-05
90,549.884521484375,167.048583984375,90.615478515625,268.6392822265625,6.101990948081948e-06
90,433.9119873046875,188.97381591796875,21.29949951171875,50.84222412109375,2.8079570256522857e-05
90,603.5361938476562,184.71905517578125,23.8355712890625,55.77655029296875,5.025789505452849e-05
90,600.153564453125,164.10971069335938,40.346435546875,94.0218505859375,5.389780653786147e-06
120,617.2539672851562,146.4343719482422,23.24603271484375,98.28460693359375,3.84613849746529e-05
120,493.9104919433594,174.675048828125,20.616180419921875,50.520294189453125,2.222591774625471e-06
120,623.365478515625,177.01113891601562,17.134521484375,56.778350830078125,0.0007419500616379082
120,0.0,176.0265655517578,15.580062866210938,57.62591552734375,1.6737680198275484e-05
120,483.2677917480469,175.81747436523438,22.26934814453125,52.99847412109375,0.9760144352912903
120,418.7540283203125,133.822509765625,132.7415771484375,276.2509765625,4.425722181622405e-06
120,479.1837463378906,162.94287109375,35.448394775390625,79.27334594726562,2.1637101781379897e-06
120,609.8490600585938,176.0225830078125,28.2496337890625,67.23513793945312,0.9999990463256836
120,604.1973266601562,180.4771270751953,24.48876953125,56.9019775390625,3.581208875402808e-05
120,595.4344482421875,159.69642639160156,44.467529296875,91.13946533203125,1.3683859833690803e-05
120,549.7850952148438,166.7628936767578,90.71490478515625,264.949462890625,5.776132638857234e-06
120,433.6345520019531,189.04115295410156,21.2281494140625,50.690521240234375,2.707113526412286e-05
120,475.220458984375,180.14088439941406,24.7960205078125,59.747589111328125,0.000120408738439437
120,619.7449340820312,182.95639038085938,20.75506591796875,80.135498046875,9.62697072282026e-07
150,501.8651428222656,171.44879150390625,21.204925537109375,50.854522705078125,5.9453163885336835e-06
150,587.4976196289062,122.23805236816406,53.00238037109375,220.40855407714844,1.3568247595685534e-05
150,433.3516540527344,178.63406372070312,22.60040283203125,54.7325439453125,5.192098342376994e-06
150,495.82000732421875,179.4097442626953,21.41015625,50.874176025390625,0.9999982118606567
150,609.2305908203125,149.88253784179688,31.2694091796875,119.39987182617188,2.1218853362370282e-05
150,484.80963134765625,164.70877075195312,34.14453125,74.42636108398438,1.0636294973664917e-06
150,424.1307067871094,117.906982421875,136.22921752929688,281.7984619140625,8.206146048905794e-06
150,480.03857421875,135.30596923828125,51.50152587890625,117.76934814453125,3.6395272218214814e-06
150,594.072509765625,178.79022216796875,21.6767578125,53.542022705078125,9.425573352928041e-07
150,603.5125732421875,179.25814819335938,27.681396484375,65.22500610351562,0.12993215024471283
150,623.7097778320312,180.2544708251953,16.79022216796875,54.61175537109375,0.0003467524074949324
150,0.0,183.64810180664062,16.03376579284668,56.67901611328125,3.59110026693088e-06
150,483.521484375,180.15036010742188,22.4744873046875,54.72991943359375,9.516486898064613e-06
150,549.295166015625,162.67527770996094,91.204833984375,265.95672607421875,7.977691893756855e-06
150,612.6826782226562,179.46902465820312,27.735595703125,66.20059204101562,0.9999878406524658
150,434.5989990234375,195.98553466796875,22.07470703125,51.953216552734375,0.00011586475011426955
150,619.965087890625,190.4541015625,20.534912109375,82.771484375,2.5255010314140236e-06
180,497.922607421875,177.1228790283203,33.7723388671875,78.47427368164062,2.120322733389912e-06
180,609.4115600585938,193.8592071533203,20.84814453125,50.8154296875,3.3669705317151966e-06
180,626.357421875,196.0665283203125,14.142578125,53.241455078125,0.0002823930117301643
180,506.9381408691406,195.77841186523438,21.422515869140625,50.903045654296875,0.9999979734420776
180,439.9866943359375,123.6798095703125,133.9222412109375,289.7073974609375,6.337916602205951e-06
180,613.2596435546875,175.43063354492188,27.2403564453125,110.27728271484375,1.4814769201620948e-05
180,500.58123779296875,198.19561767578125,21.98095703125,53.221405029296875,2.748683800746221e-05
180,612.8543090820312,207.312255859375,21.2532958984375,51.401947021484375,0.00015622736827936023
180,618.4778442382812,204.7708740234375,22.02215576171875,59.34100341796875,0.0052662501111626625
180,625.3021240234375,217.46792602539062,15.1978759765625,66.07461547851562,5.1370147957641166e-06
210,518.2867431640625,208.48512268066406,22.686767578125,53.57881164550781,0.9999884366989136
210,513.14013671875,194.07595825195312,34.5064697265625,79.50750732421875,1.6562637028982863e-05
210,458.6171875,140.07601928710938,130.6531982421875,286.10430908203125,1.0347561328671873e-05
210,0.0,221.24072265625,13.210131645202637,50.863677978515625,1.1814876188509515e-06
210,526.2177734375,210.50469970703125,22.1807861328125,53.157135009765625,3.871600711136125e-06
210,0.0,159.5645751953125,48.23603057861328,223.0030517578125,3.4847657843783963e-06
210,0.0,189.76649475097656,29.803625106811523,143.05345153808594,8.158141099556815e-06
210,0.0,242.36184692382812,22.419818878173828,108.5057373046875,3.0806736504018772e-06
240,442.4294128417969,209.7462158203125,21.2393798828125,51.515380859375,1.362324042020191e-06
240,541.7216796875,205.471923828125,23.2572021484375,55.336700439453125,0.9999966621398926
240,0.0,217.9418182373047,16.032512664794922,51.63291931152344,4.014354635728523e-05
240,0.0,121.63813781738281,64.98786926269531,306.1378173828125,3.305927521068952e-06
240,534.6114501953125,207.09149169921875,22.7572021484375,55.0723876953125,0.00035630626371130347
240,476.6380920410156,166.86245727539062,129.11294555664062,273.79876708984375,6.6263805820199195e-06
240,537.504150390625,193.27931213378906,34.0535888671875,79.31938171386719,5.0013062718790025e-05
240,0.0,221.36915588378906,26.626617431640625,67.02851867675781,0.0004512445884756744
240,9.282424926757812,220.755126953125,32.58419418334961,78.1312255859375,1.206729052682931e-06
240,550.8967895507812,208.92359924316406,22.5799560546875,54.06840515136719,6.097372079238994e-06
240,16.05782699584961,227.13853454589844,21.809783935546875,53.23335266113281,5.084648364572786e-06
240,0.0,240.31927490234375,14.002301216125488,51.0704345703125,8.412147508352064e-06
240,0.0,218.37791442871094,34.2928581237793,107.98036193847656,0.0014095460064709187
240,5.591512680053711,236.5622100830078,25.881977081298828,60.52983093261719,3.898019258485874e-06
240,0.0,238.88992309570312,20.44495391845703,72.5496826171875,4.1817358578555286e-05
240,0.0,213.85025024414062,49.7203369140625,198.64337158203125,2.4122457034536637e-05
240,4.539957046508789,256.5059509277344,36.761993408203125,85.0738525390625,6.037593266228214e-06
240,0.0,265.9523620605469,18.88011932373047,70.3701171875,1.3514075362763833e-05
240,0.0,247.28237915039062,28.08055305480957,115.50775146484375,0.0001034030137816444
240,0.0,285.4344177246094,20.28359603881836,86.685791015625,8.0855970736593e-06
270,561.07861328125,186.5074920654297,25.3511962890625,62.205108642578125,4.388870729599148e-05
270,565.3973388671875,176.35350036621094,35.29833984375,85.65586853027344,3.2299744816555176e-06
270,454.29608154296875,199.5955810546875,21.59576416015625,51.866729736328125,1.0718974408518989e-05
270,568.8350219726562,195.69363403320312,24.093505859375,56.9656982421875,0.9999988079071045
270,511.27276611328125,200.70030212402344,20.75,50.94976806640625,3.9525421016151085e-05
270,510.20159912109375,165.91160583496094,123.3602294921875,275.3193359375,6.722154012095416e-06
270,582.3974609375,198.27102661132812,21.46142578125,53.090087890625,1.984640448426944e-06
270,88.5340347290039,212.352294921875,22.994979858398438,55.2978515625,1.2387764627419529e-06
270,96.73351287841797,211.7998046875,22.632247924804688,54.305633544921875,1.16957135105622e-05
270,104.6217269897461,211.55636596679688,22.29412841796875,53.2421875,7.47737522033276e-06
270,81.16156005859375,218.93055725097656,24.439056396484375,56.24772644042969,2.2017877199687064e-05
270,0.0,242.33065795898438,15.284063339233398,56.55438232421875,3.4747570225590607e-06
270,8.313211441040039,249.896728515625,23.361572265625,57.463134765625,8.386722583964001e-06
270,16.8612060546875,250.5890350341797,22.41754150390625,53.94358825683594,1.0128309440915473e-05
270,24.28057861328125,249.18505859375,21.55754852294922,53.11065673828125,9.834491720539518e-06
300,608.3782958984375,175.95838928222656,22.841064453125,55.04132080078125,1.986920551644289e-06
300,603.5166015625,160.6018829345703,36.236083984375,87.05075073242188,3.994314283772837e-06
300,465.4939270019531,193.89987182617188,21.47137451171875,52.49853515625,1.5356464189153485e-07
300,595.168212890625,187.40306091308594,20.740478515625,51.3341064453125,2.4468051833537174e-06
300,556.5921630859375,125.68740844726562,83.9078369140625,294.01177978515625,5.539818630495574e-06
300,611.86328125,185.32650756835938,25.291748046875,59.99371337890625,0.9999914169311523
300,622.3290405273438,187.441650390625,18.17095947265625,57.8138427734375,0.004811571910977364
300,603.6730346679688,188.12843322753906,25.84814453125,61.384735107421875,0.006776224356144667
300,0.0,201.0802764892578,23.575485229492188,109.63450622558594,4.712292593467282e-06
300,0.0,166.67547607421875,46.213462829589844,221.91436767578125,2.4845003281370737e-06
330,48.49381637573242,172.65274047851562,21.756900787353516,52.133514404296875,4.344312401372008e-06
330,0.0,191.7670440673828,15.809550285339355,58.180694580078125,2.5351773729198612e-06
330,16.568950653076172,201.3837432861328,21.238670349121094,51.08935546875,1.0294833373336587e-05
330,0.0,180.74932861328125,23.278907775878906,103.14508056640625,1.5160803741309792e-06
330,8.7907075881958,209.0757293701172,21.695796966552734,50.92427062988281,1.6746640767451026e-06
330,0.0,213.5818634033203,15.501949310302734,58.24668884277344,7.844831998227164e-06
360,38.865264892578125,177.88104248046875,24.834205627441406,59.743316650390625,2.1406143787316978e-05
360,47.65970993041992,180.2222137451172,21.03152847290039,50.679351806640625,2.9470798835973255e-05
360,96.67982482910156,176.7154083251953,22.709747314453125,54.414947509765625,0.00010280915012117475
360,81.90184783935547,184.17236328125,22.738250732421875,54.0047607421875,3.4721699648798676e-06
360,89.62694549560547,184.1180419921875,22.659622192382812,54.199951171875,3.2859858038136736e-05
360,104.16644287109375,181.18138122558594,21.472030639648438,52.361968994140625,1.3561146261054091e-05
360,99.18011474609375,173.44505310058594,30.959732055664062,72.15228271484375,1.3599524208984803e-06
360,514.7329711914062,203.4920654296875,20.731689453125,50.70526123046875,9.657604095991701e-06
360,522.9879150390625,202.2763214111328,21.1700439453125,50.779205322265625,2.2345970137394033e-05
360,532.811279296875,206.51791381835938,21.5931396484375,51.382568359375,1.2983890883333515e-05
390,593.7401733398438,0.0,46.75982666015625,119.1795425415039,7.3717342274903785e-06
390,234.9819793701172,177.36514282226562,20.8648681640625,51.388092041015625,1.196567973238416e-05
390,248.06912231445312,181.22149658203125,21.38275146484375,50.73114013671875,0.00011297767923679203
390,253.51806640625,179.71551513671875,23.52349853515625,57.0977783203125,1.1766951502067968e-06
390,237.47891235351562,181.32681274414062,29.5633544921875,67.9337158203125,9.539230632071849e-06
390,561.7739868164062,199.6780242919922,21.5576171875,51.891204833984375,0.0003628455742727965
390,593.2266845703125,205.8221435546875,21.727783203125,51.93255615234375,2.759322114798124e-06
390,601.4539184570312,205.228271484375,21.7640380859375,52.82122802734375,2.588578581708134e-06
390,627.0321655273438,204.68927001953125,13.46783447265625,51.511322021484375,1.1224678019061685e-05
390,609.2869873046875,212.27288818359375,21.5767822265625,51.147003173828125,1.6333968233084306e-05
390,615.6296997070312,211.86544799804688,22.6829833984375,54.37957763671875,1.2390114534355234e-05
390,627.3564453125,221.5830078125,13.1435546875,54.77734375,4.885999715042999e-06
390,0.0,340.61016845703125,62.984806060791016,139.88983154296875,8.570374120608903e-06
420,596.6420288085938,0.0,43.85797119140625,121.43485260009766,7.254730576278234e-07
420,0.0,148.85304260253906,21.660551071166992,97.76324462890625,5.057889211457223e-06
420,0.0,182.70115661621094,14.747608184814453,50.9630126953125,7.430858386214823e-05
420,34.36642074584961,180.22964477539062,21.46844482421875,51.26580810546875,7.960378752613906e-06
420,41.3007926940918,179.83041381835938,22.153846740722656,51.330322265625,0.00019921333296224475
420,49.39550018310547,176.3421630859375,23.135452270507812,53.53125,0.0007873751455917954
420,55.96312713623047,177.75653076171875,24.80657958984375,58.054168701171875,0.0004213521024212241
420,70.34793853759766,178.74624633789062,21.0677490234375,50.644561767578125,7.14775305823423e-05
420,425.32733154296875,174.01376342773438,21.94964599609375,51.95745849609375,9.593092545401305e-05
420,432.0238952636719,171.8982696533203,22.42333984375,52.727569580078125,6.775160272809444e-06
420,440.1026611328125,173.64781188964844,22.56695556640625,52.5557861328125,3.3774576877476647e-06
420,5.7915191650390625,188.63323974609375,23.224021911621094,56.42486572265625,0.00011291306873317808
420,14.114585876464844,186.15182495117188,24.272048950195312,56.7117919921875,2.2125517716631293e-05
420,50.2421875,164.82371520996094,35.123931884765625,82.59408569335938,1.2375186997815035e-05
420,64.35718536376953,184.9093017578125,21.9305419921875,52.496002197265625,0.0002801682276185602
420,0.5298357009887695,197.1415557861328,22.458206176757812,53.236602783203125,0.0003844252787530422
420,44.94134521484375,182.01193237304688,30.260009765625,74.39401245117188,1.0332267265766859e-05
420,71.63142395019531,195.18934631347656,21.5816650390625,51.672210693359375,3.035343070223462e-06
420,67.0084457397461,186.3798828125,30.78759765625,72.9007568359375,3.1881061204330763e-06
420,0.0,204.10577392578125,14.998031616210938,52.961639404296875,4.677113247453235e-05
420,99.21797180175781,246.93223571777344,41.98533630371094,107.36045837402344,2.6823681764653884e-06
450,217.24838256835938,181.77027893066406,20.522186279296875,50.558502197265625,3.5198625027987873e-06
450,259.891357421875,179.6792449951172,21.916259765625,51.62799072265625,1.330674331256887e-05
450,64.13912963867188,189.13552856445312,22.85150146484375,53.40216064453125,1.785259519238025e-05
450,263.3516540527344,177.7434539794922,27.54376220703125,66.2120361328125,2.092729846481234e-05
450,187.08673095703125,105.58265686035156,147.59246826171875,291.856201171875,1.1005433407262899e-05
450,6.827060699462891,194.01425170898438,23.449722290039062,55.188812255859375,4.272125806892291e-06
450,0.0,199.2451171875,15.749200820922852,56.273223876953125,9.203400622936897e-06
480,599.3276977539062,147.55438232421875,21.7879638671875,52.71722412109375,2.0642844447138486e-06
480,627.572509765625,146.84292602539062,12.927490234375,52.58062744140625,5.905021680518985e-06
480,598.987060546875,164.8431396484375,26.407470703125,60.67279052734375,2.8258911697776057e-05
480,627.3329467773438,167.675537109375,13.16705322265625,52.74249267578125,3.884218131133821e-06
480,111.80501556396484,186.75125122070312,26.831321716308594,64.5069580078125,1.2274809705559164e-05
480,32.54664611816406,114.40675354003906,151.97386169433594,288.55511474609375,1.9350518414285034e-06
480,600.3318481445312,191.86203002929688,24.0574951171875,56.13818359375,5.25136738360743e-06
480,0.0,201.28839111328125,14.025888442993164,51.717681884765625,5.496655376191484e-06
480,0.0,189.64007568359375,19.47783660888672,76.77902221679688,3.099353989455267e-06
510,627.2052612304688,154.2675018310547,13.29473876953125,53.036773681640625,1.284936161027872e-06
510,0.0,168.4698944091797,14.97515869140625,55.843048095703125,2.787354560496169e-06
510,626.8870239257812,177.0232391357422,13.61297607421875,52.828369140625,1.1049254680983722e-05
510,619.97021484375,155.3224334716797,20.52978515625,98.45474243164062,4.200605417281622e-06
510,56.41813278198242,186.13616943359375,23.356365203857422,54.25543212890625,2.8046972602169262e-06
510,73.17854309082031,191.75575256347656,21.320648193359375,50.6510009765625,5.2308396334410645e-06
510,617.271484375,187.68295288085938,21.6519775390625,51.624114990234375,1.1675129826471675e-05
510,40.936492919921875,191.28257751464844,21.53783416748047,51.3680419921875,2.42564819927793e-05
510,47.1239013671875,190.86778259277344,23.92486572265625,55.905792236328125,4.900372459815117e-06
510,65.66905212402344,194.7833251953125,21.615447998046875,51.464691162109375,2.6171394438279094e-06
510,625.8433227539062,191.89474487304688,14.65667724609375,58.14398193359375,4.6186331019271165e-05
510,618.3148193359375,206.17979431152344,22.1851806640625,52.89872741699219,3.919580194633454e-06
540,105.40040588378906,177.49314880371094,21.385574340820312,50.9422607421875,0.0004109061264898628
540,362.0709228515625,182.74208068847656,22.5404052734375,52.866912841796875,4.971763246430783e-06
540,626.8245239257812,183.2086944580078,13.67547607421875,53.539703369140625,1.774536940502003e-05
540,619.2998046875,160.3940887451172,21.2001953125,98.64958190917969,1.0313610800949391e-05
540,79.93095397949219,187.98965454101562,22.816940307617188,53.87017822265625,7.439921319019049e-07
540,111.0242919921875,182.81625366210938,21.025680541992188,50.915985107421875,1.9019013052457012e-05
540,618.2284545898438,192.21493530273438,21.3980712890625,51.835601806640625,3.981467671110295e-05
540,369.0773620605469,188.95172119140625,22.57122802734375,52.878814697265625,7.551864109700546e-05
540,626.734619140625,204.85430908203125,13.765380859375,52.176300048828125,0.0020496584475040436
540,588.5098876953125,144.44036865234375,51.9901123046875,234.32122802734375,1.654837979003787e-05
540,618.47265625,196.3594207763672,22.02734375,95.63294982910156,6.873821257613599e-05
540,625.53271484375,216.94773864746094,14.96728515625,66.93458557128906,0.0002450360916554928
540,609.6663818359375,179.6572723388672,30.8336181640625,136.64222717285156,1.886841891973745e-05
540,621.6691284179688,230.9375,18.83087158203125,80.39337158203125,6.378390480676899e-06
540,600.2598876953125,362.08526611328125,40.2401123046875,118.41473388671875,3.7201766645011958e-06
570,0.0,176.24864196777344,15.862809181213379,54.48895263671875,2.1418130927486345e-05
570,40.38850021362305,181.135498046875,21.04395294189453,50.97442626953125,2.381261219852604e-05
570,207.84068298339844,182.65647888183594,22.49468994140625,53.926513671875,1.243158749275608e-05
570,322.1917419433594,178.56776428222656,23.637939453125,56.206787109375,1.3618057437270181e-06
570,333.8882751464844,182.4183349609375,24.1884765625,58.96893310546875,6.08430927968584e-05
570,342.93695068359375,184.44223022460938,21.445068359375,53.157745361328125,5.066950961918337e-06
570,627.5885620117188,185.753662109375,12.91143798828125,52.06219482421875,1.0524877325224224e-06
570,201.90216064453125,191.14279174804688,22.659149169921875,54.434478759765625,0.0003575418086256832
570,425.3855285644531,195.22015380859375,22.22430419921875,53.912109375,1.4072693375055678e-06
570,193.67405700683594,194.69271850585938,25.0711669921875,59.6617431640625,8.625023474451154e-05
570,328.6888122558594,190.08419799804688,22.50714111328125,54.721832275390625,1.5155006849454367e-06
570,432.49993896484375,198.48086547851562,23.170654296875,54.93572998046875,3.048236612812616e-05
570,440.9117126464844,200.90469360351562,20.9102783203125,50.88427734375,2.1474625100381672e-05
570,448.4852600097656,202.0179443359375,20.84991455078125,51.068084716796875,1.2714331205643248e-05
570,627.6050415039062,211.19009399414062,12.89495849609375,51.476837158203125,1.0768791071313899e-05
600,592.3841552734375,81.74272155761719,48.1158447265625,238.91944885253906,2.480949115124531e-05
600,359.7064514160156,173.1644287109375,20.8529052734375,51.330322265625,1.2122368389100302e-05
600,351.9588317871094,175.77957153320312,24.54986572265625,58.577178955078125,0.00016360222070943564
600,377.3561096191406,177.46234130859375,20.284423828125,50.55474853515625,4.152435394644272e-06
600,383.4519348144531,176.97793579101562,23.5364990234375,53.842742919921875,2.1563764676102437e-06
600,627.057861328125,180.9058074951172,13.442138671875,51.95574951171875,4.362272193247918e-06
600,606.9755859375,130.8357696533203,33.5244140625,146.9525604248047,6.531043709401274e-06
600,346.0443420410156,180.370849609375,22.34259033203125,53.057891845703125,1.1061442819482181e-05
600,366.1790771484375,180.3587188720703,25.15301513671875,59.6170654296875,6.85236318531679e-06
600,346.5221862792969,169.02789306640625,36.3968505859375,89.96343994140625,5.877576541024609e-07
600,357.30426025390625,182.03778076171875,26.63409423828125,62.3924560546875,6.4413347899971996e-06
600,448.0216369628906,189.58035278320312,22.630615234375,52.84490966796875,2.2544729745277436e-06
600,608.6849365234375,182.12872314453125,31.8150634765625,146.54287719726562,8.54978588904487e-06
600,589.8562622070312,161.30593872070312,50.64373779296875,244.93255615234375,1.1674762390612159e-05
600,0.0,344.9090576171875,61.23338317871094,135.5909423828125,5.1546867325669155e-06
660,608.9026489257812,180.6448974609375,23.16357421875,55.119659423828125,1.0863336683542002e-05
660,627.1242065429688,180.63021850585938,13.37579345703125,50.891998291015625,1.137346316681942e-05
660,0.0,200.6087188720703,15.479362487792969,53.626220703125,1.356774282612605e-05
660,627.2803344726562,198.3418731689453,13.21966552734375,57.30792236328125,4.699596502177883e-06
690,608.7681274414062,155.3976593017578,23.265625,55.78509521484375,1.3351692359719891e-05
690,626.3347778320312,162.96990966796875,14.16522216796875,56.323333740234375,3.422590089030564e-05
690,576.4500732421875,173.77896118164062,28.155029296875,64.135009765625,3.864256086671958e-06
690,590.1934814453125,174.0945281982422,28.486328125,67.45843505859375,0.0002020298270508647
690,604.8375244140625,169.47930908203125,25.7890625,61.152252197265625,0.0038004626985639334
690,613.5902709960938,167.6007080078125,25.314208984375,61.19097900390625,8.490110485581681e-05
690,416.0654296875,185.86114501953125,22.30059814453125,53.95941162109375,5.344181317923358e-06
690,584.3944091796875,189.8012237548828,25.8187255859375,62.252777099609375,0.020569181069731712
690,597.0616455078125,183.13494873046875,28.2158203125,66.4635009765625,0.004400261212140322
690,608.7855834960938,176.65017700195312,31.71441650390625,76.51962280273438,9.06619789020624e-06
690,625.2478637695312,181.90806579589844,15.25213623046875,62.218902587890625,6.822557679697638e-06
690,0.0,192.3779754638672,15.020400047302246,52.592071533203125,2.269971673740656e-06
690,606.7843017578125,192.1561279296875,22.289794921875,50.69610595703125,1.3410725841822568e-05
690,590.009033203125,118.88866424560547,50.490966796875,233.98895263671875,2.971891944980598e-06
690,570.3639526367188,199.14947509765625,22.104736328125,52.8798828125,2.644380629135412e-06
690,549.4251708984375,156.37799072265625,91.0748291015625,215.78277587890625,1.1892745533259585e-05
690,579.3880615234375,199.10902404785156,23.2042236328125,56.251983642578125,5.895011781831272e-05
690,592.5611572265625,198.0181121826172,23.6751708984375,56.209686279296875,0.001553272013552487
690,600.7034912109375,192.53475952148438,32.5728759765625,78.28836059570312,0.0007782120956107974
690,594.0274658203125,177.77484130859375,46.4725341796875,109.99798583984375,5.5274854275921825e-06
690,622.2320556640625,191.97451782226562,18.2679443359375,81.65066528320312,5.105103809910361e-06
690,574.5679321289062,193.0166015625,33.4100341796875,79.78125,2.2443997295340523e-05
690,566.7294921875,177.0954132080078,48.3734130859375,115.91539001464844,1.6811688965390204e-06
690,582.3480834960938,183.31040954589844,38.3233642578125,90.96339416503906,0.00011985647142864764
690,598.6467895507812,204.54278564453125,24.655029296875,59.080596923828125,7.881254714448005e-05
720,16.6375675201416,107.01942443847656,22.0686092376709,53.634552001953125,0.0006682801758870482
720,65.76072692871094,188.37411499023438,23.1854248046875,54.13262939453125,3.067959255531605e-07
720,72.0376968383789,194.416748046875,22.85443115234375,54.771484375,1.0090786418004427e-05
720,0.0,426.8209533691406,23.085124969482422,53.679046630859375,4.1820749174803495e-06
720,0.0,347.287841796875,62.54451370239258,133.212158203125,9.395002962264698e-06
750,83.4839096069336,172.61843872070312,21.36749267578125,50.888458251953125,8.375911420444027e-05
750,419.9695739746094,175.7443389892578,21.27410888671875,50.99169921875,0.00011604530300246552
750,626.4764404296875,170.14089965820312,14.0235595703125,50.5810546875,0.00109551299829036
750,618.8722534179688,152.55868530273438,21.62774658203125,90.06301879882812,1.1600791367527563e-05
750,430.335693359375,178.36810302734375,22.701904296875,53.849945068359375,8.813710883259773e-05
750,0.0,182.67259216308594,15.123167991638184,55.40008544921875,5.2607711040764116e-06
750,30.19059944152832,176.19717407226562,27.055212020874023,63.09710693359375,1.6114765912789153e-06
750,423.95867919921875,182.87216186523438,22.41717529296875,54.324493408203125,0.002749624429270625
750,439.2377014160156,184.44239807128906,23.6412353515625,55.8160400390625,2.3086661826710042e-07
750,414.4112243652344,179.64349365234375,28.86322021484375,70.04898071289062,2.9650241231138352e-06
750,627.523681640625,190.6663360595703,12.976318359375,51.1981201171875,1.8109463781001978e-05
780,503.2475891113281,137.87057495117188,23.079193115234375,53.1011962890625,7.1729582487023436e-06
780,477.5140380859375,147.5828857421875,22.858154296875,55.115814208984375,1.7744438082445413e-05
780,497.7779846191406,142.6315460205078,21.066192626953125,50.61767578125,2.531613063183613e-05
780,0.0,152.06700134277344,15.854379653930664,57.829376220703125,3.264563019911293e-06
780,426.2689208984375,161.4102325439453,24.86541748046875,60.5792236328125,0.0013350829249247909
780,488.1446228027344,150.48289489746094,21.45733642578125,51.493316650390625,1.5353667549788952e-05
780,10.065485000610352,162.63807678222656,22.206340789794922,53.41888427734375,7.601342076668516e-06
780,17.07624053955078,164.57872009277344,21.964542388916016,51.8199462890625,8.448703010799363e-05
780,24.717214584350586,165.28048706054688,21.654512405395508,51.897216796875,4.517623438005103e-06
780,472.2798767089844,156.94557189941406,23.27001953125,54.261016845703125,0.0009246815461665392
780,627.5653076171875,162.90499877929688,12.9346923828125,52.815643310546875,2.4181787011912093e-05
780,433.8294372558594,171.238037109375,22.44525146484375,53.4415283203125,0.9999521970748901
780,372.24090576171875,121.65986633300781,131.7332763671875,287.355224609375,7.246741006383672e-06
780,466.37078857421875,162.36993408203125,23.712890625,56.837677001953125,0.00010564442345639691
780,474.2950744628906,152.74734497070312,30.34429931640625,73.0821533203125,1.825703111535404e-05
780,446.8258056640625,172.61361694335938,21.9400634765625,52.436767578125,0.0002598084101919085
780,454.966796875,169.77928161621094,23.80096435546875,56.99102783203125,1.908814283524407e-06
780,623.5482788085938,166.92071533203125,16.95172119140625,77.36456298828125,1.301742759096669e-05
780,426.3414306640625,165.26121520996094,34.2806396484375,81.35061645507812,0.00011299060861347243
780,437.9305114746094,177.25759887695312,25.6651611328125,59.7742919921875,8.633919787826017e-05
780,612.010009765625,149.97943115234375,28.489990234375,134.66900634765625,2.678063992789248e-06
780,428.88818359375,170.91604614257812,43.856689453125,103.038330078125,2.688591621335945e-06
780,616.9099731445312,202.85311889648438,23.59002685546875,106.15762329101562,3.090189920840203e-06
780,623.09130859375,239.23776245117188,17.40869140625,77.50750732421875,1.0157928954868112e-05
780,593.2449951171875,160.91119384765625,47.2550048828125,241.17376708984375,5.609991603705566e-06
780,627.7150268554688,255.45457458496094,12.78497314453125,51.83387756347656,1.200165570480749e-05
810,33.84980010986328,162.9964141845703,21.101181030273438,50.524566650390625,1.3374123000176041e-06
810,73.14640808105469,164.1014404296875,20.800094604492188,51.307647705078125,0.0001334080589003861
810,435.0763244628906,163.9113006591797,20.99285888671875,51.69415283203125,7.628377147739229e-07
810,422.1888122558594,153.50120544433594,45.459716796875,103.63563537597656,7.090984581736848e-05
810,441.4052734375,162.3533935546875,21.8807373046875,52.786956787109375,1.2706251482086373e-06
810,0.0,163.05197143554688,14.236730575561523,50.85540771484375,3.948416178900516e-06
810,26.284652709960938,163.64511108398438,21.79851531982422,51.442413330078125,3.2904179079196183e-06
810,0.4192495346069336,164.90567016601562,24.417858123779297,58.184783935546875,1.839712922446779e-06
810,8.731642723083496,166.5692138671875,23.06128692626953,56.676910400390625,2.112177298840834e-06
810,17.349388122558594,168.89674377441406,22.237018585205078,54.047637939453125,1.9060111071667052e-06
810,392.0149841308594,170.38897705078125,22.02630615234375,51.5621337890625,3.1088950436242158e-06
810,427.7987976074219,169.4894256591797,26.3829345703125,64.37896728515625,6.581322668353096e-05
810,434.843505859375,165.5349578857422,30.98724365234375,74.69195556640625,0.9999978542327881
810,445.3995666503906,167.0828857421875,31.78729248046875,75.49594116210938,1.7315585864707828e-05
810,520.2100830078125,190.1226043701172,21.93896484375,51.555511474609375,2.137128649337683e-05
810,627.7245483398438,211.79251098632812,12.77545166015625,51.10540771484375,2.4807452518871287e-06
840,3.9810237884521484,147.6114044189453,31.94713020324707,76.2025146484375,2.5303965230705217e-05
840,0.0,125.39476013183594,22.43076515197754,101.93218994140625,3.4547861105238553e-06
840,15.1066255569458,159.2225341796875,24.17074966430664,58.52886962890625,9.310991117672529e-06
840,32.119110107421875,159.81106567382812,24.53282928466797,58.391387939453125,1.732628879835829e-05
840,46.010005950927734,163.1940460205078,27.37399673461914,64.70742797851562,0.00011636610724963248
840,0.0,163.98849487304688,17.882123947143555,54.973663330078125,1.739521394483745e-05
840,8.535566329956055,168.8798370361328,21.586742401123047,51.460601806640625,0.001861731754615903
840,25.986698150634766,168.16354370117188,21.896392822265625,52.200958251953125,2.5744135200511664e-05
840,42.3960075378418,169.55160522460938,21.42804718017578,50.991119384765625,3.5644727176986635e-05
840,55.1346321105957,172.04978942871094,21.386730194091797,50.833099365234375,0.0038041649386286736
840,61.7369384765625,167.4943389892578,22.018402099609375,53.1380615234375,5.8482114582147915e-06
840,487.4033203125,165.45132446289062,29.3712158203125,70.76397705078125,2.663579653017223e-05
840,468.090087890625,139.78607177734375,72.72955322265625,173.74142456054688,8.30870612844592e-06
840,0.0,100.90337371826172,44.75421905517578,223.45721435546875,1.0295334504917264e-05
840,0.0,80.91790771484375,117.13191223144531,314.627685546875,6.824158390372759e-06
840,419.38360595703125,170.07754516601562,22.09228515625,51.6669921875,1.222636092279572e-05
840,427.23974609375,173.0912322998047,22.016845703125,52.642425537109375,0.0007466640672646463
840,474.0606689453125,172.54428100585938,23.751953125,56.78094482421875,3.407559006518568e-06
840,392.23834228515625,170.585205078125,21.68853759765625,52.386138916015625,8.211046406358946e-06
840,419.54510498046875,159.87542724609375,34.15374755859375,79.55633544921875,3.5369025681575295e-06
840,436.9786071777344,174.82569885253906,24.45623779296875,57.985015869140625,3.128647222183645e-05
840,462.1032409667969,169.74569702148438,29.06976318359375,68.072998046875,1.1554792763490696e-05
840,470.351318359375,163.9166259765625,35.9664306640625,86.8394775390625,6.367994501488283e-05
840,0.0,181.52239990234375,14.886326789855957,50.5699462890625,8.770784916123375e-06
840,1.1843328475952148,174.9563751220703,22.933597564697266,54.340362548828125,6.175733869895339e-05
840,496.4647521972656,178.64654541015625,23.616973876953125,55.796142578125,2.1865109829377616e-06
840,483.6185607910156,158.56663513183594,41.688995361328125,100.61637878417969,0.9999995231628418
840,498.1065979003906,165.4805450439453,38.081817626953125,95.15019226074219,0.00022254385112319142
840,511.38714599609375,167.78099060058594,33.6312255859375,84.0640869140625,6.252072353163385e-07
840,617.9349975585938,187.40185546875,21.3023681640625,52.1097412109375,1.9632874682429247e-05
840,430.18231201171875,179.88609313964844,25.46954345703125,60.379852294921875,7.1926724558579735e-06
840,627.1031494140625,194.31912231445312,13.3968505859375,50.86212158203125,1.9211220205761492e-05
840,616.7953491210938,203.14952087402344,23.70465087890625,56.27803039550781,4.212761268718168e-06
870,575.3924560546875,147.41098022460938,65.1075439453125,161.08035278320312,0.9999995231628418
870,393.51751708984375,176.31008911132812,21.5498046875,51.979278564453125,0.7117529511451721
870,401.1242370605469,173.8611602783203,21.799072265625,52.287109375,0.01773577742278576
870,31.875919342041016,168.11529541015625,21.94092559814453,51.855194091796875,0.0004948432324454188
870,407.00634765625,174.28005981445312,23.49700927734375,56.6807861328125,0.0012443483574315906
870,563.5364990234375,158.22653198242188,53.4739990234375,122.86920166015625,2.1814414139953442e-05
870,384.6686706542969,169.65985107421875,25.2105712890625,61.0946044921875,0.22140930593013763
870,414.8894958496094,169.94436645507812,21.45233154296875,51.25390625,4.8738558689365163e-05
870,604.5112915039062,166.0006866455078,35.98870849609375,123.94139099121094,8.018290827749297e-05
870,481.7860412597656,178.48037719726562,32.843048095703125,79.29150390625,0.021048352122306824
870,589.543212890625,197.115234375,46.110107421875,108.56573486328125,2.767178557405714e-05
870,1.1390180587768555,46.045379638671875,21.338512420654297,51.19990539550781,2.204504380642902e-05
870,487.1687316894531,172.8263397216797,24.37750244140625,59.928009033203125,0.00032067191204987466
870,581.82080078125,154.65176391601562,46.0462646484375,109.82186889648438,1.681926914898213e-05
870,0.0,175.36431884765625,15.134223937988281,56.339691162109375,3.354793443577364e-05
870,25.489482879638672,177.2892608642578,22.708587646484375,53.827545166015625,9.723745279188734e-06
870,37.858192443847656,160.9265899658203,23.610557556152344,56.264495849609375,7.655439731024671e-06
870,587.4799194335938,169.67457580566406,53.02008056640625,226.59873962402344,5.033257821196457e-06
870,626.3047485351562,261.4327697753906,14.19525146484375,51.952880859375,1.4835581168881617e-05
870,597.4161376953125,176.55955505371094,31.667724609375,81.78358459472656,2.0607534679584205e-05
870,613.7023315429688,208.99337768554688,26.79766845703125,104.2384033203125,1.826472725952044e-05
870,616.5907592773438,162.56338500976562,23.90924072265625,90.12161254882812,1.6444627135570045e-06
870,494.29010009765625,169.26390075683594,24.18524169921875,58.76324462890625,5.5605203669983894e-05
870,482.18780517578125,169.01065063476562,22.29071044921875,51.553253173828125,4.169196472503245e-06
870,622.3929443359375,236.9409942626953,18.1070556640625,67.75981140136719,2.7883919756277464e-05
870,394.1495056152344,159.45535278320312,35.5869140625,79.27578735351562,2.0523045805020956e-06
870,0.0,52.09896469116211,14.625406265258789,53.004154205322266,8.975283890322316e-06
870,325.72418212890625,107.62057495117188,131.55657958984375,290.9947509765625,8.783306839177385e-06
870,591.7990112304688,58.274330139160156,48.70098876953125,237.36959838867188,6.660078724962659e-06
870,17.346580505371094,174.27557373046875,22.711383819580078,54.36474609375,3.865804501401726e-06
900,497.3619384765625,150.83602905273438,21.77130126953125,52.262908935546875,5.534396768780425e-05
900,503.0889587402344,150.8868408203125,25.015228271484375,57.640045166015625,3.4770033380482346e-05
900,512.3162841796875,160.9796142578125,20.7308349609375,52.343109130859375,8.530905688530765e-06
900,622.068603515625,145.52203369140625,18.431396484375,81.34716796875,9.530801435175817e-06
900,607.7124633789062,106.0749740600586,32.78753662109375,137.39678955078125,1.02640606201021e-05
900,589.9061889648438,84.96939849853516,50.59381103515625,236.58407592773438,8.201177479350008e-06
900,153.7583465576172,176.9549560546875,21.5333251953125,50.84112548828125,2.490335828042589e-05
900,394.92236328125,176.7604217529297,24.33404541015625,57.63995361328125,1.0529486189625459e-06
900,406.2444763183594,177.16598510742188,25.8885498046875,60.478057861328125,0.00015846671885810792
900,581.31298828125,153.89932250976562,33.39794921875,78.96493530273438,2.9546363293775357e-06
900,545.1781005859375,176.9178466796875,21.38134765625,51.162078857421875,1.9022658307221718e-05
900,413.3067626953125,183.65431213378906,25.2479248046875,58.98443603515625,0.00011838631326099858
900,539.0364990234375,182.44300842285156,21.9114990234375,51.936004638671875,9.90021180768963e-06
900,550.73095703125,181.99916076660156,22.7347412109375,53.053314208984375,6.972834398766281e-07
900,401.5997314453125,191.2656707763672,21.4932861328125,51.459228515625,0.995652437210083
900,394.5631103515625,179.79672241210938,35.798583984375,80.370849609375,5.77737191633787e-05
930,626.8966064453125,114.59184265136719,13.6033935546875,50.9454345703125,7.931809705041815e-06
930,0.0,157.73486328125,15.007918357849121,56.7862548828125,5.1504212024156e-06
930,420.1713562011719,163.14630126953125,48.8907470703125,125.36550903320312,8.627318493381608e-06
930,7.237307548522949,176.50820922851562,23.13811492919922,56.50250244140625,9.686484190751798e-06
930,41.20656967163086,178.98904418945312,23.25334930419922,57.5152587890625,2.5635349629737902e-06
930,425.7786560058594,175.73512268066406,21.06439208984375,52.852691650390625,5.847965894645313e-06
930,438.3358459472656,176.86180114746094,24.29010009765625,57.873931884765625,2.049892600552994e-06
930,432.2377624511719,175.7739715576172,34.73370361328125,84.78834533691406,0.0005115187377668917
930,448.46710205078125,174.6428985595703,21.5164794921875,51.163299560546875,5.652400432154536e-06
930,0.0,177.13729858398438,17.081331253051758,55.7005615234375,3.44628315360751e-05
930,16.110145568847656,180.66195678710938,22.85153579711914,55.974334716796875,1.7543532067065826e-06
930,35.21632766723633,185.23440551757812,21.6192626953125,51.1458740234375,7.4452477747399826e-06
930,414.9414978027344,176.7079620361328,31.4005126953125,76.86856079101562,0.0034433307591825724
930,0.0,156.94561767578125,23.432348251342773,97.26620483398438,3.6069779980607564e-06
930,2.3220596313476562,185.83050537109375,21.703269958496094,51.490386962890625,5.849813896929845e-05
930,408.7597351074219,183.83544921875,27.2362060546875,65.77252197265625,2.297658284078352e-06
930,419.78826904296875,189.15365600585938,22.8133544921875,51.374298095703125,1.4612572158512194e-05
930,431.0001220703125,186.52149963378906,24.1246337890625,57.21044921875,0.00019567077106330544
930,443.05670166015625,184.2936248779297,29.28289794921875,67.20001220703125,7.607825864397455e-06
930,422.2165222167969,182.6114959716797,34.18267822265625,82.07405090332031,0.9999526739120483
930,0.0,195.6112060546875,15.29826545715332,56.7384033203125,1.418568081135163e-05
930,439.1577453613281,198.14212036132812,23.4002685546875,54.08837890625,6.251957529457286e-06
930,425.9916076660156,198.73692321777344,24.26513671875,57.337371826171875,0.006255204323679209
930,378.95770263671875,169.8077392578125,112.1424560546875,272.0614013671875,2.198156607846613e-06
930,432.716552734375,206.75083923339844,22.47576904296875,54.83338928222656,0.00018873570661526173
930,626.9405517578125,233.35418701171875,13.5594482421875,52.77130126953125,1.2304414667596575e-05
930,623.3638916015625,238.7310791015625,17.1361083984375,75.48443603515625,6.598357231268892e-06
960,479.4021911621094,104.98986053466797,96.32315063476562,223.72518920898438,3.966249266795785e-07
960,497.206298828125,156.18930053710938,51.5635986328125,118.57003784179688,0.00010117102647200227
960,0.0,172.44786071777344,17.28093910217285,58.616912841796875,2.0790801499970257e-05
960,0.0,155.44129943847656,23.608945846557617,94.50396728515625,4.054867986269528e-06
960,8.585026741027832,183.40122985839844,21.86736297607422,52.58270263671875,0.007350131869316101
960,467.1526794433594,179.39297485351562,21.56988525390625,53.67291259765625,1.1326173989800736e-05
960,471.3835144042969,176.1153564453125,27.4251708984375,68.53759765625,2.1072960407764185e-06
960,511.81024169921875,174.56283569335938,28.6820068359375,77.8392333984375,0.0007108101854100823
960,0.0,109.40955352783203,44.67638397216797,229.52899169921875,1.7176445908262394e-05
960,449.2042541503906,183.88064575195312,23.17889404296875,55.221038818359375,0.0004716906987596303
960,457.251708984375,183.60345458984375,21.737548828125,52.38507080078125,0.00010599892266327515
960,478.2857971191406,179.29405212402344,29.73272705078125,77.51603698730469,5.4453783377539366e-05
960,470.3675842285156,167.4505157470703,52.902191162109375,126.27311706542969,6.49674329906702e-05
960,469.0050964355469,159.0929412841797,98.54501342773438,245.12037658691406,0.0006345495930872858
960,2.0126209259033203,188.5563507080078,21.964588165283203,51.475830078125,0.01074314583092928
960,14.251965522766113,188.9838409423828,21.767059326171875,51.556243896484375,0.00017436018970329314
960,453.53271484375,178.53956604003906,32.26605224609375,75.24288940429688,1.4578027730749454e-05
960,450.2873229980469,149.96340942382812,83.86782836914062,206.78924560546875,5.3476428547583055e-06
960,465.7352294921875,181.98406982421875,38.71759033203125,93.791259765625,7.415228174068034e-05
960,0.0,197.7342529296875,14.083319664001465,51.2830810546875,6.510039384011179e-05
960,496.6673278808594,197.7421875,23.653656005859375,58.02520751953125,0.00015658274060115218
960,491.67474365234375,189.2340545654297,33.90911865234375,85.93159484863281,0.0002191227686125785
960,514.6519775390625,190.06109619140625,32.2899169921875,85.62405395507812,6.862427653686609e-06
960,518.1626586914062,170.33700561523438,49.5333251953125,122.55859375,1.2393553333822638e-05
960,481.2228088378906,165.3323974609375,63.758209228515625,155.91415405273438,0.9999997615814209
960,482.04022216796875,201.51742553710938,37.16546630859375,86.21859741210938,5.997634070808999e-05
960,502.40740966796875,196.0532989501953,49.3929443359375,120.39012145996094,0.021236592903733253
960,486.251220703125,206.0595245361328,46.44970703125,107.32746887207031,0.000872221658937633
990,457.2242126464844,33.16542053222656,20.18499755859375,50.761810302734375,0.00016692934150341898
990,81.316162109375,178.0472869873047,23.732147216796875,57.371368408203125,4.641076884581707e-06
990,544.7841186523438,177.70787048339844,21.6114501953125,52.285247802734375,1.398140739183873e-06
990,88.75007629394531,186.6728515625,21.807464599609375,52.9739990234375,3.11802577925846e-05
990,483.7658386230469,181.6365966796875,22.72222900390625,52.847900390625,8.779234485700727e-05
990,0.0,184.74403381347656,16.097536087036133,57.8145751953125,1.5015179087640718e-05
990,0.0,158.61114501953125,22.89174461364746,100.028564453125,9.16396459160751e-07
990,7.615555763244629,186.50173950195312,23.953548431396484,55.87646484375,2.7427881832409184e-06
990,550.0066528320312,182.2292938232422,24.591796875,59.269378662109375,1.9752596926991828e-05
990,95.48428344726562,190.61898803710938,20.850006103515625,50.88470458984375,1.1813141327365884e-06
990,423.6907958984375,190.0160369873047,21.79742431640625,52.77569580078125,0.00013509939890354872
990,431.0122375488281,188.49819946289062,23.43701171875,55.777801513671875,2.889338429667987e-05
990,474.3526611328125,189.12277221679688,21.0352783203125,52.0931396484375,6.936138561286498e-07
990,496.37274169921875,187.19464111328125,22.27276611328125,52.305419921875,0.0007346589700318873
990,503.9269714355469,188.72227478027344,21.487091064453125,51.96240234375,7.085448305588216e-05
990,512.8995361328125,189.74203491210938,21.3089599609375,51.28216552734375,0.00015180037007667124
990,530.2115478515625,189.34371948242188,21.8931884765625,51.9747314453125,2.8669332095887512e-05
990,553.312255859375,173.6005859375,33.5526123046875,81.1490478515625,4.029767751489999e-06
990,416.6460266113281,194.16482543945312,21.8388671875,51.765380859375,0.0003332571650389582
990,487.4576110839844,188.1605682373047,25.355194091796875,62.163787841796875,0.00010806170757859945
990,519.6510620117188,188.97694396972656,25.860107421875,61.6837158203125,8.05567924544448e-06
990,533.6538696289062,188.0792236328125,26.9293212890625,65.96279907226562,0.0001689138007350266
990,539.6123657226562,182.2392578125,31.595458984375,77.90505981445312,0.00022268795873969793
990,498.53594970703125,190.04449462890625,31.1331787109375,72.67523193359375,2.5566944259480806e-06
990,0.0,173.97650146484375,34.216190338134766,141.12808227539062,3.735484824574087e-06
1020,425.5316467285156,181.76156616210938,21.6669921875,50.8096923828125,8.357133992831223e-06
1020,40.77431869506836,177.6827850341797,23.68768310546875,55.342926025390625,5.114032683195546e-05
1020,48.9735107421875,184.53097534179688,23.511512756347656,54.649383544921875,1.7970627595786937e-05
1020,57.46263885498047,193.34364318847656,22.974166870117188,52.82965087890625,2.006357317441143e-05
1020,488.6980285644531,190.5496826171875,22.9713134765625,54.752838134765625,3.43987335327256e-06
1020,626.9187622070312,192.7025604248047,13.58123779296875,58.568267822265625,1.0583593393675983e-05
1020,65.70527648925781,200.8798065185547,22.826705932617188,53.43426513671875,1.694793172646314e-05
1020,73.45227813720703,205.75387573242188,21.177490234375,50.774383544921875,9.058393516170327e-06
1020,0.0,249.4610137939453,13.899605751037598,50.58723449707031,6.038761966919992e-06
1050,0.0,153.15487670898438,14.887042045593262,54.54595947265625,3.976280822826084e-06
1050,540.4880981445312,108.27592468261719,58.2379150390625,136.63803100585938,0.00019301836437080055
1050,542.0243530273438,88.6096420288086,79.8558349609375,206.06243896484375,3.441415901761502e-05
1050,556.271484375,119.41221618652344,58.3394775390625,141.2201690673828,1.442349230273976e-06
1050,599.1126708984375,167.0506134033203,22.783935546875,54.2620849609375,1.6551346561755054e-05
1050,540.9596557617188,140.86782836914062,38.2618408203125,91.60641479492188,1.7138239854830317e-05
1050,552.5552978515625,142.47006225585938,40.08935546875,95.18344116210938,5.985829375276808e-06
1050,573.890380859375,161.70594787597656,28.96484375,69.24649047851562,1.4970397387514822e-05
1050,566.9713134765625,139.86093139648438,41.483642578125,97.25839233398438,4.003550566267222e-05
1050,584.56591796875,149.94830322265625,45.9403076171875,111.633056640625,2.4435907107545063e-05
1050,395.1416015625,184.51889038085938,21.656005859375,52.79534912109375,7.93869639892364e-06
1050,594.3526000976562,176.36614990234375,23.1473388671875,54.32867431640625,0.00042733619920909405
1050,603.4580078125,174.09034729003906,26.2398681640625,63.493072509765625,0.0002778640191536397
1050,626.8505859375,173.88113403320312,13.6494140625,51.18572998046875,1.587556653248612e-05
1050,561.3365478515625,176.0328826904297,22.3187255859375,53.274017333984375,4.522123617789475e-06
1050,571.6962280273438,178.60671997070312,22.1806640625,53.550811767578125,0.0001006599486572668
1050,398.8447265625,186.03726196289062,27.1029052734375,64.57916259765625,1.0503015801077709e-05
1050,579.39306640625,182.4720916748047,21.049072265625,51.65081787109375,0.004921656101942062
1050,584.6917724609375,176.8045654296875,28.62109375,68.83453369140625,0.03313818946480751
1050,536.4600830078125,145.4136505126953,104.0399169921875,275.9669189453125,2.7393271011533216e-06
1050,593.0690307617188,173.6534423828125,32.505126953125,77.65228271484375,0.9999650716781616
1050,610.0305786132812,177.81346130371094,29.43994140625,70.8128662109375,4.087352499482222e-05
1050,624.0267333984375,177.8331298828125,16.4732666015625,81.12283325195312,3.109909812337719e-05
1050,88.12642669677734,207.89990234375,23.379379272460938,53.754547119140625,2.1141779143363237e-05
1050,594.3645629882812,194.08628845214844,21.8792724609375,52.00604248046875,4.2724364902824163e-05
1050,81.41666412353516,213.2296142578125,21.51806640625,51.224761962890625,9.241548832505941e-05
1050,596.7740478515625,175.48532104492188,41.3570556640625,101.17062377929688,0.0007404031930491328
1050,593.06884765625,140.61376953125,47.43115234375,220.76425170898438,2.865971327992156e-05
1080,600.4775390625,118.5965805053711,22.577392578125,54.48590850830078,1.3367134670261294e-05
1080,597.0460815429688,117.56107330322266,32.4134521484375,76.02379608154297,6.844681774964556e-05
1080,597.7499389648438,119.09605407714844,42.75006103515625,109.40533447265625,5.137024345458485e-06
1080,624.728271484375,170.15951538085938,15.771728515625,63.025421142578125,9.806310845306143e-05
1080,591.6536254882812,107.05908966064453,48.84637451171875,231.23663330078125,7.1453137024946045e-06
1080,611.492919921875,189.20237731933594,21.55810546875,51.600555419921875,1.376389445795212e-05
1080,615.478759765625,184.65390014648438,25.021240234375,68.73928833007812,2.7354755729902536e-05
1080,625.220703125,194.04351806640625,15.279296875,54.18255615234375,0.0018176499288529158
1080,610.7399291992188,149.3839111328125,29.76007080078125,128.98007202148438,6.377885711117415e-06
1080,562.7293701171875,85.77664184570312,77.7706298828125,313.4615173339844,1.350351158180274e-05
1080,106.12794494628906,210.05685424804688,22.525985717773438,52.402740478515625,1.8560258467914537e-06
1080,112.84215545654297,215.4288787841797,22.007286071777344,52.70960998535156,5.285845873004291e-06
1080,625.739013671875,208.589599609375,14.760986328125,63.3856201171875,5.885350037715398e-05
1080,618.8324584960938,195.83914184570312,21.66754150390625,95.59115600585938,5.808557943964843e-06
1110,0.0,131.97938537597656,15.136615753173828,56.80841064453125,3.753461669475655e-06
1110,0.0,139.96641540527344,23.05773162841797,59.13885498046875,3.792081542997039e-06
1110,0.0,153.22401428222656,14.425766944885254,51.150543212890625,5.306100501911715e-05
1110,0.18578624725341797,162.27720642089844,23.016464233398438,54.471160888671875,1.1866392924275715e-05
1110,602.5064086914062,168.40748596191406,23.1287841796875,54.9193115234375,5.974753548798617e-06
1110,568.1746215820312,176.1139678955078,22.115966796875,53.328857421875,0.0021013030782341957
1110,608.427978515625,177.55067443847656,21.7105712890625,51.125152587890625,1.745518784446176e-05
1110,0.0,175.0164794921875,14.310791969299316,50.7178955078125,2.2761148557037814e-06
1110,497.7775573730469,188.2966766357422,21.842254638671875,51.17083740234375,1.0198783456871752e-05
1110,615.9039306640625,182.4185028076172,22.9071044921875,53.468170166015625,3.684860075736651e-06
1110,627.0266723632812,183.96923828125,13.47332763671875,55.761810302734375,6.119591034803307e-06
1110,114.05208587646484,212.1099853515625,21.57825469970703,50.660491943359375,3.4133139706682414e-05
1110,121.32881164550781,214.035400390625,21.7022705078125,50.7744140625,1.3733788364334032e-05
1110,599.7677001953125,363.7762145996094,40.7322998046875,116.72378540039062,3.753411419893382e-06
1140,457.8708801269531,187.13954162597656,22.93402099609375,54.73492431640625,5.070441147836391e-06
1140,472.4678955078125,196.71524047851562,21.429931640625,50.5948486328125,0.00033844177960418165
1140,627.6829833984375,189.04736328125,12.8170166015625,50.939239501953125,7.625404577993322e-06
1140,479.03338623046875,199.64561462402344,21.197509765625,50.877838134765625,7.505678513552994e-05
1140,543.2644653320312,206.42489624023438,23.72265625,56.423309326171875,9.451962796447333e-06
1140,608.843994140625,199.02574157714844,23.703125,55.28973388671875,1.3322082850208972e-05
1140,616.26171875,199.159912109375,24.049560546875,56.689788818359375,1.8121296307072043e-05
1140,467.3812561035156,202.34530639648438,21.23681640625,51.044158935546875,5.471837357617915e-05
1140,529.1825561523438,212.55316162109375,21.830810546875,51.5435791015625,2.1306991584424395e-06
1140,627.7307739257812,209.2039794921875,12.76922607421875,50.656768798828125,2.7507816412253305e-05
1140,535.2975463867188,211.31419372558594,26.14794921875,60.78657531738281,1.182306368718855e-05
1170,595.9032592773438,0.0,44.59674072265625,124.83625030517578,1.7702454897516873e-06
1170,588.204345703125,172.4536590576172,34.3114013671875,84.46556091308594,3.2660982469678856e-06
1170,491.24908447265625,191.10537719726562,22.22222900390625,53.920257568359375,3.953853592975065e-06
1170,503.8590393066406,189.97314453125,23.950469970703125,56.2506103515625,0.00036035908851772547
1170,511.9881896972656,188.20111083984375,25.713165283203125,58.958984375,0.00018257486226502806
1170,569.7135620117188,190.83984375,23.3140869140625,54.839935302734375,1.092986281037156e-06
1170,584.6743774414062,190.14772033691406,23.6602783203125,55.860809326171875,4.53494067187421e-05
1170,594.0176391601562,191.17611694335938,21.6240234375,50.92620849609375,4.993914262740873e-05
1170,620.6209106445312,176.334228515625,19.87908935546875,77.69058227539062,1.7293075870838948e-05
1170,497.8157043457031,194.1265869140625,22.412872314453125,53.634613037109375,0.000196250737644732
1170,523.3738403320312,188.7364044189453,25.92041015625,61.433624267578125,0.0015500033041462302
1170,532.0032348632812,188.60589599609375,28.862060546875,69.34646606445312,0.14769680798053741
1170,558.815185546875,194.2224578857422,20.996826171875,51.977294921875,3.176293830620125e-05
1170,601.5103759765625,189.9239044189453,22.279052734375,53.875030517578125,0.0007461612112820148
1170,524.7499389648438,176.40753173828125,43.56298828125,99.2276611328125,2.664843805177952e-06
1170,550.5114135742188,199.48049926757812,22.0888671875,51.251190185546875,0.0005779939820058644
1170,578.1940307617188,198.03616333007812,22.33251953125,53.19427490234375,1.0408855814603157e-05
1170,606.6465454101562,190.81309509277344,26.125244140625,61.922515869140625,0.001002623699605465
1170,601.2716064453125,175.60797119140625,37.3065185546875,87.39483642578125,5.5479460570495576e-05
1170,592.2135009765625,129.25067138671875,48.2864990234375,221.20684814453125,2.02906066988362e-05
1170,541.3419799804688,193.20469665527344,26.689208984375,63.193450927734375,0.1319960206747055
1170,612.1743774414062,195.17831420898438,28.32562255859375,75.42437744140625,7.028998516034335e-05
1170,626.0278930664062,205.7502899169922,14.47210693359375,56.64604187011719,9.442641021450981e-05
1170,530.9111328125,206.97662353515625,21.0184326171875,51.042572021484375,4.128514319745591e-06
1170,601.3030395507812,208.3440399169922,21.5943603515625,52.47407531738281,8.551446057936118e-07
1170,609.8724975585938,218.8020782470703,22.5985107421875,54.67732238769531,1.675038947723806e-05
1170,616.6778564453125,222.9473876953125,22.408203125,53.629852294921875,0.0002531742211431265
1170,626.0899047851562,229.55685424804688,14.41009521484375,51.6463623046875,2.5974242817028426e-05
1170,0.0,343.79803466796875,62.052162170410156,136.70196533203125,5.277997843222693e-06
1200,586.9474487304688,168.0884552001953,28.9833984375,69.45428466796875,0.009142252616584301
1200,622.9647827148438,154.90365600585938,17.53521728515625,75.67962646484375,1.6946388541327906e-06
1200,577.928466796875,171.73153686523438,29.263427734375,70.2230224609375,0.9993252754211426
1200,596.3502197265625,172.51007080078125,27.795654296875,65.48678588867188,0.00027947514900006354
1200,607.038818359375,176.56118774414062,21.7342529296875,51.172821044921875,0.0004033194563817233
1200,615.4161376953125,174.80972290039062,22.14453125,52.92266845703125,1.3818171282764524e-05
1200,627.4896850585938,177.9270477294922,13.01031494140625,51.236297607421875,2.527396281948313e-05
1200,525.7525024414062,155.1334228515625,114.74749755859375,270.4630126953125,4.141863882978214e-06
1200,572.0186157226562,161.82864379882812,42.5582275390625,99.929931640625,2.0438243154785596e-05
1200,603.7466430664062,173.02806091308594,30.28857421875,73.61105346679688,4.71386629214976e-05
1200,81.3311538696289,195.252197265625,22.6424560546875,52.418975830078125,1.1612545677053276e-05
1200,571.4085693359375,179.57334899902344,25.9813232421875,61.843841552734375,0.044531628489494324
1200,88.75460815429688,199.84315490722656,22.873016357421875,55.200469970703125,1.3194607163313776e-05
1200,95.82402801513672,204.3160858154297,21.923736572265625,52.93394470214844,2.952208433271153e-06
1230,103.418212890625,153.4038848876953,22.827835083007812,54.31536865234375,0.0020391265861690044
1230,81.73826599121094,164.49081420898438,23.523529052734375,56.29571533203125,8.42738700157497e-06
1230,97.47503662109375,159.2100830078125,22.377777099609375,53.64483642578125,8.547787001589313e-05
1230,88.90198516845703,163.8971710205078,25.06195068359375,60.029541015625,0.00013027134991716594
1230,93.17383575439453,153.83079528808594,32.09635925292969,78.3985595703125,0.007286572828888893
1230,103.47364044189453,156.8943634033203,31.701698303222656,76.97088623046875,9.689681610325351e-05
1230,71.38810729980469,170.80239868164062,26.817337036132812,62.56048583984375,2.283089315824327e-06
1230,105.33444213867188,169.59605407714844,22.049835205078125,52.201934814453125,7.611621640535304e-06
1230,88.56688690185547,146.00674438476562,46.15113067626953,108.79812622070312,8.698913006810471e-06
1230,63.40256118774414,153.55355834960938,42.025753021240234,101.90591430664062,2.094029923682683e-06
1230,77.74116516113281,175.06414794921875,29.617935180664062,69.28396606445312,9.678026799520012e-06
1230,78.23519134521484,156.6781463623047,41.22453308105469,97.77505493164062,7.329795334953815e-05
1230,627.7714233398438,235.55813598632812,12.72857666015625,52.06158447265625,3.9522481642961793e-07
1260,62.885459899902344,141.83413696289062,24.321685791015625,57.313232421875,0.020861420780420303
1260,69.20858001708984,147.07249450683594,25.658889770507812,61.369659423828125,4.4096373130741995e-06
1260,627.9483642578125,153.85955810546875,12.5516357421875,50.69354248046875,9.790183867153246e-06
1260,54.91742706298828,150.9159393310547,26.9027099609375,63.39794921875,5.712910569855012e-05
1260,55.84325408935547,136.32485961914062,37.504180908203125,90.57241821289062,2.7208672690903768e-05
1290,8.628498077392578,138.54745483398438,22.077205657958984,53.951446533203125,7.355617981374962e-06
1290,627.0528564453125,155.96511840820312,13.4471435546875,51.276824951171875,1.9896033336408436e-05
1290,0.0,103.9704360961914,48.35017013549805,217.70114135742188,5.117563432577299e-06
1290,163.642578125,172.12635803222656,21.765350341796875,50.596527099609375,0.005532459355890751
1290,174.4581756591797,166.91970825195312,21.085693359375,51.179962158203125,5.242025963525521e-06
1290,55.933128356933594,180.31504821777344,23.353897094726562,55.092010498046875,3.3530573091411497e-06
1290,157.8520050048828,177.59481811523438,21.3614501953125,51.680633544921875,6.312100140348775e-06
1290,626.4539794921875,173.06947326660156,14.0460205078125,58.365234375,8.256038199760951e-06
1290,425.1072692871094,188.7786407470703,23.49346923828125,55.834228515625,2.98154162692299e-07
1290,440.6504821777344,189.49880981445312,21.00347900390625,50.517486572265625,1.2223540579725523e-06
1290,431.6063232421875,195.0200958251953,23.3037109375,54.9954833984375,4.362296749604866e-06
1290,0.0,250.09060668945312,14.525623321533203,51.00732421875,9.170999874186236e-06
1320,628.0317993164062,164.66102600097656,12.46820068359375,50.58465576171875,7.816252946213353e-06
1320,495.495361328125,168.0623779296875,24.6214599609375,56.03955078125,2.3978327590157278e-05
1320,608.2830200195312,169.93292236328125,23.5897216796875,54.632659912109375,1.517233522463357e-05
1320,615.587646484375,169.2383575439453,24.569091796875,55.972015380859375,1.8020386960415635e-06
1320,71.33326721191406,181.2084503173828,22.297286987304688,53.06793212890625,9.176951607514638e-07
1320,94.59759521484375,181.2676544189453,21.558837890625,51.551239013671875,4.680984602600802e-06
1320,489.3007507324219,174.88595581054688,21.36785888671875,51.818603515625,5.142391728440998e-06
1320,36.515663146972656,186.86776733398438,21.284805297851562,50.9139404296875,6.105018110247329e-05
1320,42.850440979003906,188.8539581298828,23.363662719726562,54.2423095703125,0.006144559010863304
1320,55.75037384033203,184.97064208984375,22.871963500976562,54.1861572265625,7.059873314574361e-05
1320,63.938602447509766,185.02130126953125,22.44021987915039,53.242584228515625,2.095313902827911e-05
1320,627.0807495117188,184.3059539794922,13.41925048828125,52.79412841796875,9.268898793379776e-06
1320,35.32476043701172,177.64822387695312,36.39497375488281,82.7352294921875,1.575813803356141e-05
1320,47.7486686706543,198.51585388183594,23.73086929321289,56.513275146484375,2.573053825472016e-05
1320,49.766090393066406,190.95823669433594,31.59136962890625,73.38829040527344,3.5619138998299604e-06
1350,0.0,109.91463470458984,13.647307395935059,50.56616973876953,5.790091108792694e-06
1350,0.7125205993652344,113.41751861572266,23.77438735961914,56.969871520996094,7.450099019479239e-06
1350,537.43603515625,155.71546936035156,21.765625,51.173248291015625,4.647720288630808e-06
1350,626.4678955078125,142.29978942871094,14.0321044921875,55.30718994140625,1.0458366887178272e-05
1350,432.8143005371094,172.44155883789062,21.38189697265625,52.274017333984375,0.0001000076299533248
1350,550.2081909179688,162.01869201660156,22.2069091796875,54.116546630859375,0.00023835778119973838
1350,558.5111083984375,162.27601623535156,21.24072265625,51.118011474609375,3.905117409885861e-05
1350,442.6108093261719,173.95889282226562,21.263427734375,51.517364501953125,2.8497115636128e-05
1350,530.4061889648438,170.0022735595703,21.479248046875,51.960845947265625,6.299434971879236e-06
1350,527.900634765625,162.830810546875,31.1407470703125,71.12246704101562,1.3897551980335265e-06
1350,541.183349609375,164.11175537109375,26.5509033203125,61.84136962890625,0.0015569993993267417
1350,1.3207998275756836,180.7643585205078,23.92965316772461,55.75787353515625,8.255172360804863e-06
1350,14.561620712280273,183.76272583007812,23.07920265197754,54.452880859375,1.4002690704728593e-06
1350,0.0,80.86262512207031,137.0471954345703,322.22705078125,5.192083335714415e-06
1350,0.0,188.35842895507812,13.879779815673828,50.617095947265625,7.083801847329596e-06
1350,8.9024658203125,190.67657470703125,23.472034454345703,54.957305908203125,0.0001107568314182572
1350,71.22691345214844,181.58920288085938,21.131423950195312,51.292083740234375,1.4647146599600092e-05
1350,450.753173828125,176.32192993164062,21.61651611328125,51.96429443359375,0.0001093391256290488
1350,534.1343383789062,157.80975341796875,38.1868896484375,90.33609008789062,0.000246887793764472
1350,546.0224609375,170.56643676757812,31.0155029296875,70.23867797851562,6.450396085710963e-06
1350,0.0,186.23361206054688,19.287647247314453,76.43609619140625,1.40632655529771e-05
1350,0.0,174.390869140625,31.113845825195312,137.458740234375,8.366447218577377e-06
1350,0.0,153.72381591796875,45.845829010009766,209.8974609375,3.251326916142716e-06
1350,609.87255859375,183.95408630371094,30.62744140625,139.43519592285156,1.2545790923468303e-05
1350,591.65673828125,160.69322204589844,48.84326171875,232.4649200439453,1.9474056898616254e-05
1380,103.86093139648438,157.40704345703125,24.416976928710938,57.962188720703125,0.00020813576702494174
1380,449.9194030761719,172.5228729248047,21.44622802734375,51.57855224609375,0.00020121473062317818
1380,545.420166015625,174.03564453125,21.3460693359375,50.61163330078125,0.0008159151184372604
1380,472.11669921875,174.4796142578125,22.37408447265625,52.353729248046875,6.864207534817979e-06
1380,483.1265563964844,174.87860107421875,23.5394287109375,53.899871826171875,1.3235855476523284e-05
1380,484.60107421875,162.4871826171875,33.97283935546875,75.99713134765625,1.0216774626314873e-06
1380,0.0,176.46115112304688,15.805027961730957,56.367034912109375,1.03438815131085e-05
1380,297.4718933105469,170.17164611816406,21.55181884765625,52.601959228515625,2.262023372168187e-06
1380,456.8414611816406,178.12794494628906,21.40020751953125,51.76104736328125,0.00016597418289165944
1380,463.8739013671875,176.98692321777344,21.1890869140625,50.91131591796875,6.343786662910134e-05
1380,492.9455871582031,176.8553009033203,21.394317626953125,50.596893310546875,0.28403812646865845
1380,503.13214111328125,175.70803833007812,22.2508544921875,53.899078369140625,5.213256736169569e-05
1380,550.9093017578125,181.76951599121094,21.01513671875,52.739410400390625,4.933153104502708e-05
1380,600.2073364257812,201.52708435058594,21.865234375,51.80841064453125,0.002838850487023592
1380,605.29638671875,203.13623046875,24.17626953125,57.0626220703125,0.0003615864261519164
1380,627.3897705078125,208.0218963623047,13.1102294921875,52.24827575683594,6.5678950704750605e-06
1380,595.7952880859375,208.3798828125,20.33056640625,50.944854736328125,5.062256150267785e-06
1410,528.7566528320312,167.8086700439453,22.993896484375,52.90301513671875,2.1002835637773387e-05
1410,535.0982666015625,163.4118194580078,23.324462890625,54.116912841796875,3.4668723856157158e-06
1410,561.4956665039062,164.7362060546875,22.1712646484375,51.67193603515625,9.884214523481205e-05
1410,567.9395751953125,167.76980590820312,22.067138671875,51.71380615234375,7.778983126627281e-05
1410,627.4005126953125,170.43096923828125,13.0994873046875,50.551727294921875,7.721631845925003e-05
1410,514.1686401367188,176.1873016357422,21.4676513671875,51.487335205078125,1.4742031453351956e-05
1410,521.3489990234375,173.67503356933594,21.6297607421875,50.913909912109375,2.2268872271524742e-05
1410,562.797607421875,167.05899047851562,32.0233154296875,76.335693359375,1.9205317585146986e-06
1410,628.0569458007812,192.9263916015625,12.44305419921875,51.168365478515625,1.4099417057877872e-05
1440,217.34780883789062,154.49354553222656,22.496978759765625,52.399627685546875,4.719754088000627e-06
1440,0.0,159.69235229492188,15.685081481933594,56.94500732421875,5.361512194212992e-06
1440,224.15516662597656,157.48281860351562,22.999237060546875,54.7076416015625,5.124644758325303e-06
1470,608.6309204101562,136.3841094970703,21.4029541015625,51.555511474609375,9.579599463904742e-06
1470,616.4042358398438,145.84298706054688,22.74658203125,54.93255615234375,3.537480006343685e-05
1470,626.618896484375,146.96629333496094,13.881103515625,53.50311279296875,1.1347570762154646e-05
1470,0.0,154.5233154296875,16.252286911010742,59.721771240234375,2.0534166651486885e-06
1470,598.9788208007812,149.7198028564453,25.4339599609375,60.40325927734375,0.00031155304168350995
1470,594.2112426757812,135.44815063476562,36.7283935546875,89.26260375976562,3.0565595807274804e-05
1470,608.14404296875,151.38999938964844,23.4676513671875,56.404327392578125,8.26299874461256e-05
1470,603.5422973632812,124.75462341308594,36.95770263671875,123.03265380859375,3.4483113267924637e-05
1470,591.1680908203125,88.82769775390625,49.3319091796875,229.42965698242188,1.0486281098565087e-05
1470,0.5474328994750977,168.90858459472656,24.940757751464844,59.06640625,3.193445081706159e-05
1470,400.1572265625,162.8596954345703,22.48638916015625,53.13983154296875,2.9865266242268262e-06
1470,417.8960266113281,163.49314880371094,22.3028564453125,51.9539794921875,2.349617352592759e-05
1470,425.2086181640625,162.25482177734375,21.72625732421875,50.93243408203125,0.00013058325566817075
1470,505.56341552734375,162.2014617919922,21.5765380859375,51.633087158203125,1.194609922094969e-06
1470,520.846923828125,158.6707305908203,21.7840576171875,51.001617431640625,1.1140385822727694e-06
1470,594.127685546875,157.90753173828125,21.325439453125,51.71539306640625,6.914416189829353e-06
1470,611.6090698242188,151.4793701171875,28.89093017578125,77.926513671875,5.600613440037705e-05
1470,623.7315063476562,157.43638610839844,16.76849365234375,63.27374267578125,4.2505718738539144e-05
1470,15.639564514160156,173.6040496826172,22.858142852783203,55.165374755859375,2.3813179723219946e-05
1470,49.67033004760742,169.517822265625,21.55746841430664,51.305694580078125,2.0121995476074517e-05
1470,185.15701293945312,167.05511474609375,21.101104736328125,50.745849609375,1.9475879525998607e-05
1470,192.95787048339844,165.32249450683594,20.904815673828125,51.093658447265625,5.400378995545907e-06
1470,393.9896240234375,166.7764434814453,21.46484375,50.58221435546875,2.669529931154102e-05
1470,432.3432312011719,164.84681701660156,22.1026611328125,52.29742431640625,2.9822858778061345e-06
1470,0.0,179.8103485107422,15.815825462341309,54.808624267578125,1.93012019735761e-05
1470,8.251441955566406,184.01840209960938,22.311691284179688,52.829437255859375,0.001913868822157383
1470,55.8010368347168,173.36227416992188,23.47385025024414,55.10711669921875,2.1244720755930757e-06
1470,0.0,148.2899169921875,30.773677825927734,120.69528198242188,4.245559011906153e-06
1470,0.0,127.33312225341797,45.25804901123047,217.7957763671875,7.447797997883754e-06
1470,0.3776979446411133,186.05184936523438,26.001434326171875,63.5390625,0.001329373219050467
1470,620.3244018554688,168.34268188476562,20.17559814453125,77.733154296875,1.2897171473014168e-05
1470,626.211181640625,188.5959014892578,14.288818359375,53.431884765625,9.786617738427594e-06
1470,13.207761764526367,189.07485961914062,25.37474250793457,60.81719970703125,1.8142514818464406e-05
1470,0.0,197.49142456054688,16.821428298950195,62.14483642578125,7.272793300217018e-05
1470,619.6066284179688,425.9081115722656,20.89337158203125,54.591888427734375,3.4105044051102595e-06
1470,610.3316040039062,403.54931640625,30.16839599609375,76.95068359375,7.623215878993506e-06
1470,598.8173828125,360.3225402832031,41.6826171875,120.17745971679688,1.3947614206699654e-05
1500,0.0,115.07535552978516,16.296390533447266,52.809120178222656,3.2647894840920344e-05
1500,2.1611223220825195,123.22049713134766,22.17249298095703,52.025413513183594,5.27303091075737e-05
1500,0.0,130.688232421875,15.792336463928223,58.9381103515625,3.5823334201268153e-06
1500,6.117282867431641,126.73612976074219,25.302188873291016,59.235260009765625,6.8972203735029325e-06
1500,627.4642944335938,152.0725860595703,13.03570556640625,57.84490966796875,6.019684860802954e-06
1500,160.63211059570312,159.79063415527344,21.52374267578125,51.477996826171875,9.77954641712131e-06
1500,495.8683166503906,162.91078186035156,22.679718017578125,53.2611083984375,1.4787701729801483e-06
1500,153.9434051513672,163.85838317871094,22.429229736328125,53.710662841796875,5.395319021772593e-06
1500,274.56884765625,169.44204711914062,22.15252685546875,52.799346923828125,1.7245001799892634e-05
1500,282.16668701171875,168.95724487304688,21.6884765625,52.84661865234375,0.000529909913893789
1500,392.59808349609375,169.64315795898438,22.81756591796875,53.410919189453125,3.7838268326595426e-05
1500,399.90521240234375,170.79995727539062,22.5302734375,52.7535400390625,6.185092934174463e-05
1500,407.96844482421875,171.240234375,22.0914306640625,52.4010009765625,1.5894349417067133e-05
1500,415.4483337402344,170.4354248046875,22.2862548828125,52.262908935546875,1.3105418474879116e-05
1500,481.1598815917969,169.49046325683594,22.89794921875,53.947296142578125,6.602796202059835e-05
1500,488.4378356933594,169.09832763671875,22.92547607421875,53.377166748046875,3.896702764905058e-05
1500,610.4146728515625,407.5155944824219,30.0853271484375,72.98440551757812,2.697330955925281e-06
1500,600.9818115234375,358.68243408203125,39.5181884765625,121.81756591796875,6.577278782060603e-06
1530,627.48291015625,156.97604370117188,13.01708984375,55.105682373046875,1.4086192095419392e-05
1530,0.0,161.7083740234375,14.856653213500977,51.05926513671875,4.545669798972085e-05
1530,0.0,167.45223999023438,23.40755844116211,56.11334228515625,0.0003610185522120446
1530,7.426126480102539,165.1300811767578,23.49856185913086,56.433319091796875,8.66582413436845e-05
1530,33.08797836303711,165.11846923828125,21.45691680908203,52.569366455078125,0.06292040646076202
1530,46.17230987548828,166.7179718017578,23.35460662841797,56.193145751953125,4.340157101978548e-05
1530,54.81725311279297,167.20611572265625,23.886276245117188,56.565185546875,1.9494624211802147e-05
1530,63.28510284423828,167.12147521972656,23.878219604492188,54.686798095703125,3.843692411464872e-06
1530,0.0,133.94528198242188,28.893951416015625,128.837158203125,3.7944400901324116e-06
1530,0.0,116.48194885253906,45.58122253417969,215.6855926513672,9.33104456635192e-06
1530,17.953706741333008,172.82713317871094,21.2871150970459,50.587799072265625,0.00022128320415504277
1530,13.422066688537598,162.52423095703125,30.183147430419922,71.80801391601562,6.0042384575353935e-06
1530,26.370868682861328,169.2257537841797,21.95850372314453,52.84075927734375,0.013443734496831894
1530,38.375736236572266,167.36241149902344,23.929840087890625,58.984466552734375,0.005268953274935484
1530,328.250732421875,170.86502075195312,23.96893310546875,58.038238525390625,6.9421671469172e-06
1530,336.82904052734375,173.43505859375,20.7498779296875,50.85198974609375,2.526586649764795e-05
1530,344.65509033203125,173.30567932128906,20.796142578125,50.584686279296875,1.646019154577516e-05
1530,480.692626953125,176.34031677246094,21.17431640625,51.96795654296875,3.962630216847174e-06
1530,626.7265014648438,172.6298828125,13.77349853515625,59.837066650390625,1.1224784429941792e-05
1530,0.0,177.68911743164062,16.64244842529297,60.85052490234375,6.571241556230234e-06
1530,25.923233032226562,166.57936096191406,31.415687561035156,74.62542724609375,0.00027817735099233687
1530,513.3009033203125,182.8661346435547,21.22998046875,51.1844482421875,2.6924843041342683e-05
1530,610.1023559570312,407.7332763671875,30.39764404296875,72.7667236328125,7.100520633684937e-06
1530,601.8668823242188,364.5751647949219,38.63311767578125,115.92483520507812,5.79236666453653e-06
1530,581.3226928710938,326.96990966796875,59.17730712890625,153.53009033203125,3.7658094242942752e-06
1560,627.2284545898438,153.0032958984375,13.27154541015625,56.921295166015625,4.335215635364875e-06
1560,10.997126579284668,167.1005859375,21.295562744140625,50.7994384765625,0.6987383961677551
1560,1.8368587493896484,149.736328125,35.11372375488281,78.92706298828125,4.5946590034873225e-06
1560,21.51047134399414,166.27407836914062,21.81020736694336,51.6846923828125,0.00023938584490679204
1560,375.4220275878906,156.8101348876953,23.51483154296875,56.6663818359375,0.0001900603383546695
1560,544.0200805664062,161.31930541992188,23.69580078125,56.4915771484375,1.0391013347543776e-05
1560,560.064697265625,161.9831085205078,22.806884765625,55.222869873046875,1.785535096132662e-05
1560,576.5296020507812,159.67718505859375,22.3226318359375,52.688995361328125,4.3608848500298336e-05
1560,584.1110229492188,159.38571166992188,22.4161376953125,52.872711181640625,7.380288025160553e-06
1560,0.0,170.46905517578125,16.44403839111328,52.893524169921875,0.00017543249123264104
1560,4.236075401306152,170.9168701171875,21.06899642944336,50.883819580078125,0.009778168052434921
1560,0.0,112.175537109375,70.9793701171875,299.7398681640625,3.3000310395436827e-06
1560,351.94873046875,163.73133850097656,24.2894287109375,58.96258544921875,3.693453982123174e-05
1560,361.6417541503906,165.78570556640625,21.27203369140625,50.534576416015625,0.00011251570685999468
1560,369.2850341796875,164.82354736328125,21.6790771484375,52.0325927734375,0.00038638702244497836
1560,384.9329528808594,166.68360900878906,21.11639404296875,50.526031494140625,5.8416528190718964e-05
1560,551.6200561523438,166.64276123046875,23.4296875,55.756561279296875,4.349952723714523e-05
1560,569.876708984375,168.6280975341797,20.894287109375,51.06146240234375,3.359801121405326e-05
1560,16.312335968017578,172.849365234375,21.426063537597656,50.62994384765625,0.9868674278259277
1560,610.3237915039062,406.6503601074219,30.17620849609375,73.84963989257812,5.274279374134494e-06
1560,599.529541015625,362.8022766113281,40.970458984375,117.69772338867188,8.452821930404752e-06
1560,577.177490234375,320.8226623535156,63.322509765625,159.67733764648438,5.353557298803935e-06
1590,0.0,149.70455932617188,15.94209098815918,61.4599609375,8.170349246938713e-06
1590,0.0,138.747314453125,21.486135482788086,94.41702270507812,1.1426320270402357e-05
1590,627.391357421875,154.121826171875,13.108642578125,57.6636962890625,6.932098131073872e-06
1590,201.3306121826172,160.0540313720703,21.840789794921875,52.06640625,5.152067387825809e-06
1590,0.0,92.52041625976562,44.63445281982422,239.51959228515625,1.3351246707316022e-05
1590,1.5740642547607422,174.22450256347656,21.96094512939453,51.996490478515625,0.03702578321099281
1590,14.098464965820312,172.69046020507812,21.27342987060547,51.04827880859375,0.00014812377048656344
1590,0.0,117.07305908203125,60.982879638671875,305.62982177734375,1.0555974768067244e-05
1590,4.832876205444336,173.47743225097656,27.58624267578125,64.89981079101562,0.0018672922160476446
1590,0.0,179.46632385253906,15.873175621032715,53.679840087890625,0.0006323926500044763
1590,599.56494140625,363.20635986328125,40.93505859375,117.29364013671875,3.0573789899790427e-06
1620,200.0924530029297,155.8516082763672,27.60247802734375,66.23098754882812,1.1519628060341347e-05
1620,628.0598754882812,160.4597625732422,12.44012451171875,56.8448486328125,6.130186648078961e-06
1620,360.9317932128906,177.4127197265625,21.238037109375,51.836212158203125,0.0003032693057321012
1620,496.3286437988281,178.1894073486328,21.086639404296875,51.91156005859375,7.228401500469772e-06
1620,504.86395263671875,178.6749725341797,20.802490234375,50.707061767578125,4.817007265955908e-06
1620,344.6445617675781,182.10983276367188,23.30914306640625,57.334716796875,2.8670261599472724e-05
1620,352.456298828125,181.39178466796875,23.54705810546875,57.46044921875,0.00042034071520902216
1620,368.01806640625,182.95948791503906,21.177978515625,50.89495849609375,3.662221570266411e-05
1620,600.0008544921875,366.3578796386719,40.4991455078125,114.14212036132812,2.3113720999390353e-06
1650,207.30487060546875,158.180908203125,21.742889404296875,52.175018310546875,3.7086854263179703e-06
1650,0.0,169.0082244873047,15.997325897216797,57.484588623046875,0.0005429992452263832
1650,0.0,150.57115173339844,21.360876083374023,89.63250732421875,5.239112215349451e-05
1650,6.178256988525391,172.43743896484375,23.311279296875,56.11590576171875,0.0007407836383208632
1650,0.0,95.33600616455078,44.000545501708984,239.940185546875,7.1451772782893386e-06
1650,1.8158502578735352,181.9697265625,21.492809295654297,51.086700439453125,0.4978378117084503
1650,361.2406311035156,176.42111206054688,21.67254638671875,51.9228515625,2.087099801428849e-06
1650,0.0,130.5594940185547,56.20578384399414,297.85675048828125,1.7453887267038226e-05
1650,12.944494247436523,179.7105255126953,22.279329299926758,52.964996337890625,4.019330663140863e-05
1650,0.0,194.03555297851562,15.190235137939453,50.86590576171875,4.1825776861514896e-05
1650,600.3783569335938,366.86004638671875,40.12164306640625,113.63995361328125,2.676873918971978e-06
1680,586.987060546875,159.68101501464844,22.4449462890625,52.567626953125,3.963847120758146e-06
1680,0.0,151.21932983398438,21.90729522705078,89.44985961914062,9.201327338814735e-05
1680,6.425088882446289,172.36817932128906,23.686790466308594,56.428680419921875,0.00032388573163188994
1680,593.8378295898438,163.63491821289062,21.2955322265625,51.13824462890625,1.2413497643137816e-05
1680,627.8773803710938,162.28887939453125,12.62261962890625,56.15472412109375,6.403739462257363e-06
1680,0.0,175.573486328125,16.19392967224121,53.805694580078125,0.009386703372001648
1680,0.0,105.2826156616211,40.656700134277344,237.24530029296875,1.0255313100060448e-05
1680,0.0,132.5994110107422,57.52212142944336,296.40069580078125,9.199285159411374e-06
1680,360.39337158203125,179.79136657714844,21.66876220703125,52.209991455078125,8.86732668732293e-05
1680,488.8468933105469,178.4687957763672,20.81982421875,50.883819580078125,4.047469246870605e-06
1680,2.048975944519043,184.65904235839844,21.491065979003906,51.301513671875,0.6219887733459473
1680,0.0,165.4346923828125,36.378273010253906,82.935302734375,7.119038400560385e-06
1680,12.618352890014648,181.0467987060547,22.382822036743164,52.732879638671875,0.00024213723372668028
1680,351.9240417480469,182.98031616210938,22.83563232421875,55.572357177734375,0.00011823152453871444
1680,496.3565979003906,183.94036865234375,21.474273681640625,51.146026611328125,2.352149977014051e-06
1680,504.8705749511719,183.70750427246094,20.632537841796875,50.560699462890625,3.893649591191206e-06
1680,0.0,202.6759796142578,14.706258773803711,52.41693115234375,6.189211035234621e-06
1680,600.50830078125,367.1055603027344,39.99169921875,113.39443969726562,2.30539308176958e-06
1710,595.3112182617188,0.0,45.18878173828125,124.28433227539062,3.039265493498533e-06
1710,0.0,153.96188354492188,13.807510375976562,50.86077880859375,4.317004822951276e-06
1710,594.445556640625,165.5688018798828,21.0850830078125,51.213287353515625,3.862001449306263e-06
1710,627.7891845703125,163.71620178222656,12.7108154296875,55.835723876953125,1.036627872963436e-05
1710,0.0,172.93357849121094,15.694583892822266,51.0513916015625,0.0009050872758962214
1710,0.0,166.89031982421875,24.863174438476562,66.87506103515625,1.3406505786406342e-05
1710,7.895259857177734,173.62481689453125,20.90062713623047,50.713348388671875,2.8737629691022448e-05
1710,0.0,136.22048950195312,30.90994644165039,126.74575805664062,8.109413101919927e-06
1710,0.0,107.45292663574219,60.36191177368164,304.94024658203125,7.594589078507852e-06
1710,159.988037109375,177.0914764404297,22.532867431640625,53.133209228515625,8.838419489620719e-06
1710,345.5906677246094,179.91343688964844,21.09722900390625,50.526031494140625,1.4117958016868215e-05
1710,503.5990295410156,177.5630645751953,23.532806396484375,54.97442626953125,4.058992089994717e-06
1710,152.97727966308594,180.71080017089844,23.20361328125,54.017486572265625,3.32091876771301e-05
1710,337.02886962890625,184.06326293945312,22.52838134765625,55.9095458984375,1.5082644495123532e-05
1710,351.1929626464844,182.67994689941406,22.73590087890625,55.265350341796875,3.417345942580141e-05
1710,488.4854431152344,184.42501831054688,21.1346435546875,50.9835205078125,2.721295277297031e-05
1710,496.6414794921875,184.1766357421875,20.974853515625,51.2598876953125,7.2703878686297685e-06
1710,512.187255859375,184.55807495117188,20.84039306640625,50.67193603515625,7.141341939131962e-06
1710,0.0,193.94491577148438,15.495285034179688,59.822662353515625,2.555909304646775e-06
1710,599.9068603515625,366.78045654296875,40.5931396484375,113.71954345703125,3.267350621172227e-06
1740,594.9407958984375,0.0,45.5592041015625,124.94062042236328,2.5641902539064176e-06
1740,0.0,149.07049560546875,21.840089797973633,91.19686889648438,2.8769465643563308e-05
1740,5.890203475952148,171.16627502441406,23.673030853271484,57.686492919921875,0.00019978379714302719
1740,0.0,177.41632080078125,15.649477005004883,50.86529541015625,0.005312873050570488
1740,627.7551879882812,168.2004852294922,12.74481201171875,52.532012939453125,1.1846765119116753e-05
1740,1.8158750534057617,183.0449981689453,21.24951171875,50.538482666015625,0.32852989435195923
1740,0.0,127.20689392089844,56.50828170776367,301.04254150390625,1.0505790669412818e-05
1740,343.70184326171875,184.12933349609375,23.0595703125,56.457794189453125,2.6087491278303787e-05
1740,599.9017944335938,366.6307373046875,40.59820556640625,113.8692626953125,3.136588020424824e-06
1770,594.7693481445312,0.0,45.73065185546875,125.10955047607422,2.838480668287957e-06
1770,203.09947204589844,159.3106689453125,21.806976318359375,52.479034423828125,8.412260649492964e-05
1770,627.7210083007812,157.3066864013672,12.77899169921875,50.53497314453125,5.463338311528787e-06
1770,6.76695442199707,172.40415954589844,22.984806060791016,55.42315673828125,0.002723483368754387
1770,14.182422637939453,171.3804473876953,22.269283294677734,53.651458740234375,4.619254013960017e-06
1770,0.0,174.17648315429688,16.514110565185547,55.72369384765625,0.001347190234810114
1770,0.0,155.335205078125,22.243385314941406,86.88424682617188,6.681839295197278e-05
1770,0.0,101.36134338378906,42.96124267578125,238.2336883544922,6.303527698037215e-06
1770,2.446965217590332,182.38658142089844,21.349700927734375,50.686981201171875,0.3873162269592285
1770,207.86053466796875,170.8715057373047,22.74749755859375,54.61126708984375,1.5082112440722995e-05
1770,463.91339111328125,177.40321350097656,24.11724853515625,55.405303955078125,3.7927507037238684e-06
1770,472.4516296386719,175.91912841796875,23.69195556640625,54.89605712890625,1.1104725672339555e-05
1770,479.9238586425781,175.35916137695312,23.75537109375,54.10052490234375,6.758033578080358e-06
1770,0.0,124.43557739257812,58.29901123046875,301.2550048828125,7.3822520789690316e-06
1770,200.79090881347656,176.3953399658203,25.248443603515625,60.899749755859375,8.824960787023883e-06
1770,216.0953826904297,181.5463104248047,21.6429443359375,51.911529541015625,3.631657818914391e-05
1770,206.689697265625,184.0332489013672,25.988616943359375,60.75238037109375,0.00010809489322127774
1770,600.224609375,366.282958984375,40.275390625,114.217041015625,3.7421314118546434e-06
1800,611.047119140625,0.0,29.452880859375,63.96146774291992,1.1040732488254434e-06
1800,594.826904296875,0.0,45.673095703125,125.96331787109375,2.968407670778106e-06
1800,202.29461669921875,160.06658935546875,21.695953369140625,52.796142578125,8.325577255163807e-06
1800,470.7035217285156,169.36233520507812,21.74810791015625,52.388824462890625,3.512887815304566e-06
1800,0.0,174.3803253173828,16.447322845458984,55.9659423828125,0.001265472499653697
1800,0.0,154.95843505859375,22.32357406616211,88.28955078125,4.866271774517372e-05
1800,464.3835144042969,174.95895385742188,21.50738525390625,50.995758056640625,0.00017388287233188748
1800,626.2545166015625,169.18963623046875,14.2454833984375,60.553863525390625,2.4926644982770085e-05
1800,0.0,118.02755737304688,58.68923568725586,306.064697265625,5.2561572374543175e-06
1800,2.460010528564453,182.0367431640625,21.79035186767578,51.499114990234375,0.6766079664230347
1800,12.722036361694336,177.9813232421875,21.84966468811035,51.8232421875,1.589862586115487e-05
1800,552.967529296875,177.6757354736328,22.5684814453125,55.764739990234375,5.0215735427627806e-06
1800,560.3751220703125,178.4817657470703,23.103271484375,55.727752685546875,4.8698766477173194e-06
1800,568.403076171875,178.32095336914062,23.3040771484375,56.131561279296875,6.364385626511648e-06
1800,576.1354370117188,178.45037841796875,23.6805419921875,54.988372802734375,1.724350659060292e-05
1800,591.813232421875,175.81138610839844,24.8363037109375,57.533660888671875,3.059197842958383e-05
1800,602.0532836914062,176.07347106933594,21.0145263671875,51.270233154296875,5.4991774049995e-06
1800,609.5377197265625,176.2407684326172,21.507080078125,53.0816650390625,1.0011114682129119e-05
1800,255.97996520996094,183.39520263671875,21.780349731445312,53.3350830078125,3.075784843531437e-05
1800,263.0113525390625,184.1931610107422,22.7127685546875,55.679290771484375,2.7229907573200762e-06
1800,270.2462158203125,184.717529296875,23.64739990234375,56.7884521484375,4.2396477510919794e-06
1800,415.0299987792969,183.12579345703125,23.5869140625,55.319793701171875,2.3436286937794648e-05
1800,585.8554077148438,184.64883422851562,20.65234375,51.372833251953125,8.060836080403533e-06
1800,606.3009033203125,172.1505889892578,31.9732666015625,74.49600219726562,2.5122739316429943e-05
1800,618.0623168945312,155.9934539794922,22.43768310546875,98.91659545898438,5.142926602275111e-05
1800,625.5167236328125,188.3323974609375,14.9832763671875,63.359039306640625,1.4579237358702812e-05
1800,591.9867553710938,121.60027313232422,48.51324462890625,233.90966796875,8.322822395712137e-06
1800,600.0374145507812,366.0387268066406,40.46258544921875,114.46127319335938,3.148807309116819e-06
1830,610.9823608398438,0.0,29.51763916015625,63.45698547363281,1.4035032336323638e-06
1830,595.0584106445312,0.0,45.44158935546875,126.28410339355469,2.3769025574438274e-06
1830,113.4126205444336,155.60391235351562,20.61011505126953,51.948211669921875,5.947579779785883e-07
1830,0.0,159.99124145507812,16.592517852783203,56.287353515625,5.751563003286719e-05
1830,0.0,137.28050231933594,22.965431213378906,93.89068603515625,1.4724202628713101e-05
1830,107.94493865966797,164.153076171875,21.662025451660156,51.319732666015625,3.1568702979711816e-05
1830,470.6222229003906,169.2025146484375,21.98431396484375,53.258636474609375,9.097619113163091e-06
1830,595.1257934570312,169.9161376953125,21.3302001953125,50.712615966796875,5.3105552069609985e-05
1830,8.274097442626953,167.90011596679688,21.01455307006836,50.706787109375,1.382586924592033e-05
1830,463.9248962402344,175.04742431640625,21.991455078125,52.113677978515625,0.000323706102790311
1830,112.44088745117188,172.89492797851562,23.053939819335938,54.4501953125,4.044989691465162e-05
1830,0.0,169.2464141845703,19.95892333984375,80.93362426757812,5.2286650316091254e-06
1830,106.30863952636719,179.81422424316406,21.29412841796875,51.826812744140625,1.087663713406073e-05
1830,119.65086364746094,181.5581817626953,21.486175537109375,52.25244140625,7.20465914127999e-06
1830,280.7952880859375,183.73060607910156,23.14581298828125,53.821685791015625,2.1255837054923177e-05
1830,286.4627685546875,179.68312072753906,25.8358154296875,60.627593994140625,7.354004537774017e-06
1830,600.0357055664062,178.1351318359375,22.566650390625,55.067962646484375,1.0167601431021467e-05
1830,628.0835571289062,184.47848510742188,12.41644287109375,50.682098388671875,1.3196367945056409e-05
1830,107.888427734375,178.41539001464844,31.119979858398438,74.49310302734375,9.946821592166089e-06
