30,201.5971221923828,158.63023376464844,21.82806396484375,52.609100341796875,1.6542620869586244e-05
30,196.01901245117188,166.8050537109375,23.266632080078125,55.517181396484375,1.8226753581984667e-06
30,206.84002685546875,168.8282470703125,21.702423095703125,51.73858642578125,0.9838093519210815
30,0.0,174.18043518066406,15.525253295898438,60.414398193359375,5.206815330893733e-06
30,200.87149047851562,157.59466552734375,34.253387451171875,78.67391967773438,7.076213023538003e-06
30,0.0,163.12158203125,19.983261108398438,94.75924682617188,1.1903430277016014e-06
30,212.8590087890625,169.22642517089844,23.92919921875,57.817413330078125,9.440606663702056e-05
30,0.8044376373291016,192.69723510742188,22.640016555786133,53.348541259765625,0.0011802937369793653
30,531.0325927734375,193.97071838378906,22.013916015625,51.919219970703125,2.660526888575987e-06
30,539.0023803710938,198.3015594482422,22.2105712890625,52.124725341796875,0.0012603392824530602
30,5.16281795501709,190.41159057617188,27.065574645996094,64.01364135742188,6.095064236433245e-06
30,13.952422142028809,196.93936157226562,20.922107696533203,51.171844482421875,7.621223630849272e-06
30,550.1343383789062,200.1327362060547,21.3316650390625,52.672637939453125,9.195296684083587e-07
30,0.0,124.20538330078125,58.723575592041016,305.4190673828125,7.468052899639588e-06
30,603.6636352539062,208.35971069335938,23.007568359375,54.22198486328125,1.3963438505015802e-05
30,616.7800903320312,185.1339874267578,23.71990966796875,90.00730895996094,2.645209497131873e-05
30,0.0,202.81703186035156,15.05447769165039,53.94786071777344,4.7942219680408016e-05
30,614.14794921875,212.50221252441406,22.0069580078125,51.95823669433594,0.564170241355896
30,625.4464721679688,216.8175506591797,15.05352783203125,51.05043029785156,0.0004704107705038041
30,612.5878295898438,218.60137939453125,27.91217041015625,69.6898193359375,5.769707513536559e-06
60,195.7564697265625,167.1089324951172,21.077789306640625,51.273223876953125,5.707635409635259e-06
60,206.58740234375,165.2974395751953,22.78668212890625,54.152008056640625,0.944463312625885
60,201.05538940429688,155.6758270263672,34.027862548828125,78.4212646484375,4.6775679948041216e-05
60,528.350341796875,174.73658752441406,31.1297607421875,74.48794555664062,3.7144407087907894e-06
60,539.2332763671875,178.344970703125,21.7432861328125,52.7783203125,2.9110105970175937e-06
60,0.0,161.7670135498047,20.445064544677734,96.03620910644531,6.887958079460077e-07
60,213.55392456054688,170.8025360107422,22.95294189453125,55.14361572265625,0.000262933288468048
60,0.9418725967407227,192.42147827148438,22.575969696044922,53.77130126953125,0.0008441901882179081
60,203.28961181640625,176.13096618652344,21.134490966796875,50.734405517578125,7.098128116922453e-05
60,522.677001953125,191.74404907226562,21.7408447265625,51.9554443359375,1.4036388165550306e-05
60,541.251708984375,187.2123565673828,26.3214111328125,62.927459716796875,0.9999982118606567
60,609.43017578125,197.8730010986328,21.73779296875,53.076446533203125,6.77780044497922e-05
60,626.4453735351562,191.890869140625,14.05462646484375,51.406219482421875,3.6396174891706323e-06
60,5.656890869140625,190.71026611328125,27.224536895751953,64.7608642578125,4.1778894228627905e-06
60,532.698974609375,193.6087646484375,21.1107177734375,51.291717529296875,0.00040870122029446065
60,494.1861572265625,125.6957015991211,92.9886474609375,233.799072265625,6.675492841168307e-06
60,0.0,118.92658996582031,57.79969787597656,307.553955078125,7.415033451252384e-06
60,480.3796081542969,165.87721252441406,125.35836791992188,266.3638916015625,7.882268619141541e-06
60,532.4569702148438,167.2779541015625,46.1875,108.02569580078125,1.903217480503372e-06
60,603.9847412109375,207.0138397216797,23.278076171875,54.28547668457031,3.5040891816606745e-05
60,614.7399291992188,209.1521453857422,21.509033203125,50.78895568847656,0.680728554725647
60,0.0,204.65460205078125,15.23831558227539,52.979034423828125,2.801973096211441e-05
60,551.795654296875,201.7764892578125,21.3394775390625,50.5625,1.53002893057419e-05
60,608.3236083984375,192.46566772460938,32.1763916015625,83.79324340820312,3.752366319531575e-05
60,624.9198608398438,209.9058074951172,15.58013916015625,51.83039855957031,0.0005744855152443051
60,609.7310180664062,222.74591064453125,21.0679931640625,50.891510009765625,3.779146027227398e-06
60,615.8819580078125,224.0663604736328,21.873779296875,51.89698791503906,8.374294338864274e-06
60,625.9647216796875,223.5996551513672,14.5352783203125,60.45655822753906,5.4757010730099864e-06
90,201.29415893554688,158.91561889648438,22.5001220703125,54.605865478515625,5.59616819373332e-06
90,196.1550750732422,168.90234375,20.90863037109375,51.053253173828125,1.8834009097190574e-05
90,0.0,179.21676635742188,13.854408264160156,50.602325439453125,2.101305653923191e-06
90,206.59991455078125,167.83522033691406,22.692474365234375,54.263702392578125,0.7969637513160706
90,200.99380493164062,157.50445556640625,34.464019775390625,77.90536499023438,2.9589695259346627e-05
90,146.47679138183594,119.75958251953125,129.39930725097656,278.15087890625,1.5948349982863874e-06
90,528.35546875,173.16531372070312,31.134765625,75.57046508789062,6.847717486380134e-07
90,539.5565185546875,178.0128173828125,21.7125244140625,52.1783447265625,3.1307483823184157e-06
90,213.69508361816406,171.60888671875,22.388031005859375,54.373748779296875,0.0001783255283953622
90,0.813603401184082,193.88284301757812,22.365020751953125,53.261474609375,0.0014565989840775728
90,541.0250244140625,184.516845703125,27.576416015625,66.39306640625,0.9999963045120239
90,201.30348205566406,180.51963806152344,22.3538818359375,54.356903076171875,1.0778393289001542e-06
90,522.6751708984375,195.03562927246094,20.5130615234375,50.59088134765625,7.838744750188198e-06
90,532.3798828125,192.45655822753906,21.5240478515625,52.153411865234375,0.00017404608661308885
90,557.946044921875,192.89663696289062,22.1197509765625,54.688201904296875,2.500251866877079e-06
90,610.2232666015625,205.57122802734375,22.0653076171875,53.528533935546875,8.833711763145402e-05
90,0.0,157.90249633789062,29.33440399169922,121.775146484375,2.8245576686458662e-06
90,0.0,129.77366638183594,55.607635498046875,305.2376708984375,6.872670837765327e-06
90,482.4774169921875,163.59353637695312,122.7198486328125,270.51605224609375,9.573214811098296e-06
90,531.916015625,168.09451293945312,45.55126953125,105.60043334960938,1.3636862377097714e-06
90,550.5125732421875,195.9700927734375,22.5142822265625,53.446014404296875,7.072898733895272e-05
90,594.68798828125,212.61318969726562,20.7667236328125,50.628570556640625,0.000271687691565603
90,601.4120483398438,209.05804443359375,22.6146240234375,53.09576416015625,4.836939297092613e-06
90,615.7753295898438,213.0203399658203,21.3380126953125,50.84202575683594,0.983244776725769
90,0.0,203.43458557128906,15.889200210571289,53.09429931640625,2.9636232284246944e-05
90,608.9556884765625,196.19520568847656,31.5443115234375,81.06889343261719,4.087750130565837e-05
90,546.9415283203125,146.3309783935547,93.5584716796875,286.99560546875,8.49836942506954e-06
90,624.220703125,215.06451416015625,16.279296875,51.407073974609375,0.0030417582020163536
120,187.12353515625,167.66061401367188,23.682220458984375,55.5587158203125,1.9463268472463824e-06
120,202.47776794433594,170.38388061523438,22.60546875,53.705413818359375,0.9795279502868652
120,196.15451049804688,162.74374389648438,34.475982666015625,75.56781005859375,5.460208558361046e-05
120,196.32147216796875,174.62457275390625,22.328216552734375,52.234527587890625,0.0008923141285777092
120,537.1992797851562,180.59579467773438,31.1793212890625,75.18582153320312,1.95019874809077e-05
120,0.0,166.8667449951172,22.607036590576172,92.40217590332031,1.1783766240114346e-05
120,0.0,196.4800262451172,17.508596420288086,52.85400390625,0.0010677034733816981
120,5.269803047180176,195.5704803466797,21.52092742919922,52.807098388671875,3.823923179879785e-06
120,206.64447021484375,183.22523498535156,22.850738525390625,54.1107177734375,4.5233903733787884e-07
120,529.9363403320312,199.23468017578125,20.900146484375,51.722625732421875,1.388993382533954e-06
120,540.4645385742188,198.36805725097656,21.4388427734375,51.84356689453125,0.0012990388786420226
120,550.1744384765625,190.4200439453125,26.591796875,64.11709594726562,0.9999814033508301
120,0.0,127.42372131347656,57.1020393371582,305.6829833984375,5.164862614037702e-06
120,484.50628662109375,144.0929718017578,126.4444580078125,282.388671875,5.2450063776632305e-06
120,537.5377197265625,168.1085662841797,47.4918212890625,106.32887268066406,2.2805800199421356e-06
120,595.4273681640625,210.05300903320312,22.1170654296875,50.8958740234375,6.869826847832883e-06
120,606.72216796875,213.22422790527344,22.692626953125,52.34565734863281,0.00038940206286497414
120,558.0414428710938,203.5316925048828,22.380126953125,52.530426025390625,0.0008335149032063782
120,546.28271484375,204.5336151123047,22.2225341796875,52.74546813964844,0.00018734617333393544
120,615.3840942382812,215.68310546875,23.0206298828125,53.38653564453125,6.914971891092137e-05
120,626.4974975585938,219.76113891601562,14.00250244140625,56.17498779296875,3.434308382566087e-05
150,569.69580078125,169.01402282714844,49.2559814453125,124.32048034667969,1.469030848966213e-06
150,195.3053741455078,178.77069091796875,21.92694091796875,52.076385498046875,1.9909510228899308e-05
150,583.9375,185.48049926757812,23.4215087890625,56.155364990234375,2.47509024120518e-06
150,545.9739990234375,200.19839477539062,22.376708984375,53.001434326171875,1.4595183301935322e-06
150,553.2340087890625,199.19236755371094,20.9324951171875,50.739013671875,3.784978162002517e-06
150,573.9246826171875,180.71414184570312,35.489990234375,85.20413208007812,0.9999991655349731
150,625.2797241210938,193.45614624023438,15.22027587890625,62.268798828125,4.302344223106047e-06
150,562.8925170898438,196.916015625,23.292724609375,57.777374267578125,1.383454855385935e-05
150,576.984619140625,192.01266479492188,24.9481201171875,59.107574462890625,0.0002549128548707813
150,585.2036743164062,188.33705139160156,30.6807861328125,72.42985534667969,0.04371888190507889
150,596.5616455078125,193.7339324951172,27.4619140625,63.80113220214844,1.1283512321824674e-05
150,605.3944091796875,193.01280212402344,31.5760498046875,75.79649353027344,0.0001196835728478618
150,0.0,209.00704956054688,13.595931053161621,52.48602294921875,2.5969337002607062e-05
150,615.9815063476562,209.67617797851562,24.51849365234375,58.715728759765625,7.27374354028143e-05
150,1.5985755920410156,212.07992553710938,22.444499969482422,53.6846923828125,1.2140034186813864e-06
150,9.854358673095703,211.091796875,21.645465850830078,51.6983642578125,7.750451004540082e-06
150,568.3606567382812,194.67063903808594,29.31640625,69.84126281738281,0.00210036663338542
150,625.4966430664062,220.7901611328125,15.00335693359375,54.6922607421875,0.002590394113212824
150,613.1504516601562,173.12928771972656,27.34954833984375,128.79698181152344,9.120335562329274e-06
150,562.6153564453125,128.52987670898438,77.8846435546875,305.86273193359375,7.840411853976548e-06
150,591.5504150390625,153.20614624023438,48.9495849609375,243.09869384765625,6.814097559981747e-06
150,622.1829833984375,232.9962615966797,18.3170166015625,75.78321838378906,5.165305992704816e-06
180,2.1989641189575195,193.9361572265625,21.741832733154297,52.488250732421875,4.918763806927018e-06
180,10.074628829956055,194.2722625732422,20.84555435180664,50.73956298828125,4.182501470495481e-06
180,0.0,201.89833068847656,15.8886137008667,53.972442626953125,9.817221143748611e-05
180,602.71337890625,212.76748657226562,21.2855224609375,51.391937255859375,1.7470991224399768e-05
180,8.160137176513672,207.04808044433594,23.374828338623047,56.41999816894531,3.0913661248632707e-06
180,615.8186645507812,217.0363006591797,22.0582275390625,52.93449401855469,7.884531441959552e-06
180,626.9050903320312,216.918701171875,13.59490966796875,56.009521484375,6.910157935635652e-06
210,0.0,198.364990234375,13.977693557739258,55.219940185546875,5.05341949974536e-06
210,609.2291870117188,224.28797912597656,21.7279052734375,50.82112121582031,0.00039634446147829294
210,628.0029296875,226.78697204589844,12.4970703125,51.54969787597656,1.4294319953478407e-05
210,615.0138549804688,230.22384643554688,21.6912841796875,51.0167236328125,4.278164487914182e-05
210,603.1943969726562,233.8878936767578,20.7369384765625,51.17164611816406,3.7854113088542363e-06
240,595.4697265625,0.0,45.0302734375,126.8742446899414,7.537742590102425e-07
240,627.3350830078125,116.91532897949219,13.1649169921875,51.394378662109375,1.93241339729866e-05
240,593.3225708007812,224.56602478027344,21.7894287109375,51.55339050292969,0.00033468453329987824
240,627.60107421875,228.09274291992188,12.89892578125,50.541412353515625,1.594738569110632e-05
240,600.4326171875,228.3039093017578,22.0001220703125,52.21257019042969,7.865432962717023e-06
240,627.2583618164062,247.6750946044922,13.24163818359375,50.75410461425781,2.989809672726551e-06
270,158.22805786132812,177.63755798339844,21.94384765625,51.66094970703125,0.000114401314931456
270,147.59010314941406,182.8538360595703,22.20269775390625,52.356689453125,3.113408456556499e-05
270,0.0,199.44729614257812,15.822444915771484,57.18475341796875,1.87418640962278e-06
270,616.454833984375,225.60806274414062,23.59521484375,53.940460205078125,3.0009935017005773e-06
270,627.3462524414062,225.83456420898438,13.15374755859375,50.982086181640625,2.1557578293140978e-05
270,593.1765747070312,229.11544799804688,22.8931884765625,52.8045654296875,1.6975455991996569e-06
270,600.0693359375,366.5154724121094,40.4306640625,113.98452758789062,3.5500274861988146e-06
300,0.0,129.19622802734375,15.004058837890625,56.795074462890625,4.272993464837782e-06
300,77.46083068847656,157.95626831054688,30.430984497070312,73.19052124023438,1.2556216461234726e-05
300,87.07823181152344,166.62889099121094,22.14508056640625,52.7762451171875,2.276023951708339e-05
300,72.06263732910156,170.3497772216797,24.220840454101562,57.48199462890625,5.103244347992586e-06
300,81.30697631835938,172.46612548828125,21.252426147460938,50.902618408203125,3.734435449587181e-05
300,64.91879272460938,179.58726501464844,22.684112548828125,52.8701171875,9.32269267650554e-06
300,610.7030029296875,221.57586669921875,21.3905029296875,50.5699462890625,2.228550692962017e-05
300,627.404541015625,220.83375549316406,13.095458984375,50.80616760253906,1.4730774637428112e-05
300,616.6405639648438,225.66612243652344,22.537353515625,52.73320007324219,1.2840189810958691e-05
300,611.1990966796875,408.3626708984375,29.3009033203125,72.1373291015625,8.154142960847821e-06
300,600.0814819335938,359.7737731933594,40.41851806640625,120.72622680664062,8.678529411554337e-06
360,411.4926452636719,166.4112548828125,21.13177490234375,51.275054931640625,5.271367263048887e-05
360,417.4995422363281,170.14801025390625,21.24957275390625,51.499053955078125,0.00023157642863225192
360,423.3489074707031,165.97755432128906,24.5010986328125,58.204498291015625,2.0436216800590046e-05
360,627.2537841796875,224.37075805664062,13.2462158203125,56.894378662109375,6.826188837294467e-06
360,0.0,340.86187744140625,61.17300796508789,139.63812255859375,4.8576680455880705e-06
390,0.0,159.1693572998047,14.02359390258789,50.75439453125,2.8761883186234627e-06
390,0.0,140.086181640625,23.587648391723633,99.56732177734375,6.357936854328727e-06
390,446.2906188964844,138.61065673828125,39.27117919921875,93.72671508789062,9.26704387893551e-07
390,0.0,171.96273803710938,17.911693572998047,59.850372314453125,3.52764327544719e-05
390,7.552001953125,175.76878356933594,22.827354431152344,53.42706298828125,5.1654082199092954e-05
390,448.22406005859375,170.91238403320312,25.34918212890625,59.69989013671875,0.0001441519270883873
390,468.8622131347656,170.72262573242188,27.26617431640625,60.595977783203125,2.70665645984991e-06
390,442.62359619140625,176.31398010253906,20.68719482421875,51.68572998046875,1.925513060996309e-05
390,455.1966857910156,174.3444061279297,26.33544921875,61.2335205078125,1.8457601981936023e-05
390,0.0,143.60501098632812,40.54091262817383,209.1705322265625,5.974400210106978e-06
390,0.0,177.78941345214844,28.10784339904785,75.95608520507812,0.0001058663910953328
390,13.299338340759277,185.39111328125,25.557579040527344,61.904266357421875,1.5581965271849185e-05
390,459.9010009765625,171.34002685546875,31.3016357421875,75.49484252929688,2.836026396835223e-06
390,602.6372680664062,211.59393310546875,22.3609619140625,52.96337890625,2.289211352035636e-06
390,0.0,195.6814422607422,18.583192825317383,67.35520935058594,2.631726147228619e-06
390,608.5357055664062,220.62875366210938,21.646484375,52.20660400390625,1.7519827451906167e-05
390,628.124267578125,225.42311096191406,12.375732421875,50.93556213378906,1.0262661817250773e-05
390,0.0,344.08941650390625,56.153770446777344,136.41058349609375,5.846415660926141e-06
390,610.7109985351562,407.05084228515625,29.78900146484375,73.44915771484375,9.099823728320189e-06
390,601.1539306640625,362.6180114746094,39.3460693359375,117.88198852539062,6.549038516823202e-06
420,627.0545654296875,205.91146850585938,13.4454345703125,51.040985107421875,6.690821010124637e-06
420,617.9378662109375,220.70065307617188,21.241943359375,50.552520751953125,9.659713214205112e-06
420,576.8707275390625,231.15846252441406,22.39404296875,52.50074768066406,9.034687536768615e-05
420,627.7559204101562,225.53271484375,12.74407958984375,51.03607177734375,4.322272434365004e-05
420,583.1498413085938,233.95755004882812,23.29296875,56.1785888671875,5.065041477791965e-05
450,610.5783081054688,219.113037109375,22.767578125,53.614410400390625,3.7538877222687006e-05
450,625.7464599609375,222.3606719970703,14.7535400390625,52.11100769042969,0.00018345436546951532
450,617.39990234375,198.44139099121094,23.10009765625,91.44319152832031,1.4605969226977322e-05
450,616.6651000976562,226.9507598876953,21.685302734375,51.51811218261719,0.006107384338974953
450,622.175537109375,229.12686157226562,18.324462890625,69.8819580078125,1.9654567950055934e-05
480,426.16131591796875,172.4256134033203,21.93267822265625,51.963287353515625,3.3309381706203567e-06
480,430.99432373046875,182.1871337890625,21.60528564453125,50.852996826171875,0.001109833363443613
480,0.0,176.81942749023438,15.285149574279785,55.771514892578125,7.274674317159224e-06
480,554.0420532226562,188.36537170410156,21.59716796875,51.936279296875,2.7041642169933766e-05
480,543.582275390625,191.7779998779297,26.205078125,62.45294189453125,8.417869685217738e-05
480,566.7027587890625,192.73196411132812,25.1201171875,59.6668701171875,0.0002510663471184671
480,557.9882202148438,196.20974731445312,26.513916015625,62.63531494140625,0.004725484177470207
480,543.392333984375,183.6160125732422,38.42919921875,96.16566467285156,0.00022646458819508553
480,558.9102783203125,186.59742736816406,38.7437744140625,95.34776306152344,2.0960056644980796e-05
480,627.3310546875,215.02731323242188,13.1689453125,51.37255859375,1.0469183507666457e-05
480,593.7003784179688,220.39068603515625,21.2703857421875,52.07098388671875,3.1784784368937835e-05
480,597.1510009765625,215.24612426757812,30.930419921875,71.96273803710938,0.00011945291771553457
480,602.2053833007812,230.0006103515625,21.296875,50.5225830078125,0.00022997941414359957
480,617.9238891601562,205.9546356201172,22.57611083984375,96.34947204589844,7.251345323311398e-06
480,592.2857055664062,149.9320068359375,48.21429443359375,242.9700927734375,6.351991487463238e-06
480,607.66162109375,233.88430786132812,24.224365234375,55.6512451171875,0.0001373591076117009
480,616.7907104492188,235.51473999023438,21.6065673828125,51.26708984375,8.934822108130902e-05
480,626.7686767578125,232.57521057128906,13.7313232421875,52.72093200683594,7.279877900145948e-05
480,603.0859985351562,246.29580688476562,20.25732421875,50.60736083984375,1.7616865079617128e-05
480,602.697265625,241.580078125,31.9757080078125,76.58770751953125,2.8892090995213948e-05
480,0.0,345.0787353515625,61.180381774902344,135.4212646484375,3.3927826734725386e-06
510,596.740234375,0.0,43.759765625,123.86687469482422,7.353980322477582e-07
510,9.26997184753418,184.79141235351562,21.407005310058594,50.92022705078125,5.72545195609564e-06
510,15.615543365478516,185.14791870117188,23.91451644897461,55.8912353515625,1.203118586090568e-06
510,593.9850463867188,199.91172790527344,21.25146484375,50.796142578125,0.0050752912648022175
510,601.18408203125,199.05723571777344,21.212158203125,50.532440185546875,0.01711493916809559
510,626.1353149414062,194.70144653320312,14.36468505859375,53.98138427734375,1.4346134776133113e-05
510,579.7802124023438,202.38247680664062,21.5177001953125,51.300384521484375,6.7178984863858204e-06
510,608.7110595703125,199.53338623046875,21.1884765625,51.1739501953125,0.0005440874374471605
510,613.7813720703125,197.95411682128906,25.9752197265625,59.49736022949219,9.738947483128868e-06
510,585.969482421875,203.32196044921875,26.2449951171875,61.298858642578125,0.0001635888038435951
510,596.3123779296875,199.68153381347656,29.725341796875,72.14649963378906,0.000366672727977857
510,591.671875,140.19931030273438,48.828125,236.583740234375,1.6518926713615656e-05
510,580.4295043945312,197.20375061035156,37.0877685546875,91.77085876464844,4.107605946046533e-06
510,605.6672973632812,208.46694946289062,27.4459228515625,64.303955078125,1.9891478586941957e-05
510,598.0926513671875,190.6122283935547,39.31640625,100.73115539550781,5.8383615396451205e-05
510,625.4427490234375,214.98233032226562,15.0572509765625,60.92156982421875,5.176485501579009e-06
510,592.2347412109375,217.25448608398438,24.1109619140625,58.04278564453125,3.096689761150628e-05
540,626.2416381835938,114.13356018066406,14.25836181640625,53.12078857421875,2.378721364948433e-05
540,617.4837646484375,94.52550506591797,23.0162353515625,102.0324478149414,6.296612809819635e-06
540,627.5513916015625,227.94578552246094,12.9486083984375,51.23466491699219,4.808305675396696e-06
570,0.0,175.8844757080078,14.58730697631836,55.753448486328125,1.2708414942608215e-05
570,627.0885009765625,194.26380920410156,13.4114990234375,50.869537353515625,3.4775737731251866e-05
600,0.0,184.5679931640625,16.187286376953125,52.443328857421875,4.5401589886751026e-05
600,6.528843879699707,185.88140869140625,21.40036392211914,51.613800048828125,1.2342222362349275e-05
600,626.8800659179688,200.56582641601562,13.61993408203125,56.9853515625,4.607234586728737e-06
600,602.2377319335938,357.8416442871094,38.26226806640625,122.65835571289062,4.875434115092503e-06
630,610.0624389648438,200.05096435546875,23.6163330078125,54.388031005859375,8.226425052271225e-06
630,626.52880859375,204.5748748779297,13.97119140625,52.95057678222656,0.0001845691876951605
630,612.33984375,159.74017333984375,28.16015625,124.39346313476562,5.255901669443119e-06
630,617.2529296875,208.5816650390625,22.37841796875,52.416778564453125,0.00023725559003651142
660,538.1162109375,183.9741973876953,21.7637939453125,53.087860107421875,2.9349859687499702e-05
660,461.1246337890625,103.30398559570312,148.2711181640625,305.84124755859375,1.1231124517507851e-05
660,622.038818359375,170.67149353027344,18.461181640625,79.00970458984375,1.1055483810196165e-05
660,610.7796630859375,138.9344482421875,29.7203369140625,134.07205200195312,4.495442681218265e-06
660,594.2351684570312,109.36798095703125,46.26483154296875,233.78521728515625,7.707904842391144e-06
660,532.8599853515625,193.5893096923828,21.5020751953125,51.785430908203125,1.992932766370359e-06
660,627.3479614257812,199.56105041503906,13.15203857421875,51.664703369140625,1.1784867638198193e-05
690,8.68974494934082,162.754150390625,23.908721923828125,56.887969970703125,3.925960845663212e-05
690,16.164541244506836,170.00860595703125,23.14426612854004,54.781494140625,1.2205031453049742e-05
690,24.51970863342285,175.98834228515625,22.76991844177246,54.251739501953125,1.2829464139940683e-06
690,0.0,130.93856811523438,48.60171127319336,227.95599365234375,8.123919542413205e-06
750,447.8863220214844,182.71810913085938,21.87109375,51.68475341796875,1.6267972569039557e-06
750,627.8241577148438,208.2619171142578,12.67584228515625,57.97853088378906,2.6710824840847636e-06
780,615.314208984375,200.90658569335938,21.6885986328125,50.970947265625,0.0002844224509317428
780,609.928955078125,206.5664825439453,21.7308349609375,51.74397277832031,0.00026801147032529116
780,626.367919921875,205.55699157714844,14.132080078125,51.48426818847656,0.00012080298620276153
780,617.5615234375,184.7422637939453,22.9384765625,94.83073425292969,3.875197762681637e-06
780,604.7213745117188,215.96681213378906,21.0849609375,50.59526062011719,1.191306182590779e-06
780,601.254638671875,358.85235595703125,39.245361328125,121.64764404296875,8.510242878401186e-06
810,0.0,194.2320556640625,13.742366790771484,51.31829833984375,7.193723376985872e-07
810,6.863677978515625,193.51760864257812,24.085742950439453,57.61968994140625,1.0146649401576724e-05
810,15.03134822845459,195.00222778320312,23.836952209472656,55.183624267578125,2.4350300009245984e-05
810,0.0,198.68788146972656,23.912094116210938,57.35321044921875,2.4643643428134965e-06
810,0.0,378.9390869140625,53.66645812988281,101.5609130859375,7.45968191040447e-06
840,383.007568359375,204.49090576171875,21.72772216796875,51.540435791015625,6.717257929267362e-05
840,19.29786491394043,205.62701416015625,21.228586196899414,50.56103515625,2.5200899926858256e-06
840,0.0,346.0174560546875,60.85983657836914,134.4825439453125,4.399971203383757e-06
870,627.1819458007812,215.95059204101562,13.31805419921875,57.86785888671875,1.249836896022316e-05
900,65.43885803222656,161.77745056152344,23.931777954101562,54.4208984375,0.00043756209197454154
900,58.10158157348633,166.10821533203125,27.656482696533203,64.45980834960938,4.4904860260430723e-05
900,46.29851150512695,167.4851531982422,27.532535552978516,63.054901123046875,4.134558366786223e-06
900,21.521696090698242,169.22547912597656,32.96821594238281,80.471923828125,1.3251555174065288e-05
900,66.54608917236328,161.15823364257812,34.03657531738281,81.56759643554688,0.015037048608064651
900,79.77159881591797,168.45420837402344,34.430419921875,82.04318237304688,1.8449698472977616e-05
900,128.82501220703125,189.20814514160156,22.5380859375,55.055999755859375,2.4560256406402914e-06
900,50.545616149902344,160.5505828857422,39.62767028808594,99.49186706542969,1.384917413815856e-05
900,133.27098083496094,192.48292541503906,25.329254150390625,62.183013916015625,2.6098612579517066e-05
900,121.04785919189453,174.4952392578125,36.94640350341797,91.80398559570312,3.220325879738084e-06
930,626.711669921875,195.9949493408203,13.788330078125,53.15850830078125,1.0835989996849094e-05
930,616.300048828125,211.5371551513672,24.1236572265625,54.85160827636719,6.115267296991078e-06
930,627.3261108398438,216.4869384765625,13.17388916015625,51.768402099609375,1.734295437927358e-05
930,593.1651611328125,132.01593017578125,47.3348388671875,239.94119262695312,6.734069302183343e-06
930,593.477294921875,221.08059692382812,21.204345703125,51.265380859375,1.8860919226426631e-06
960,10.180723190307617,191.52391052246094,24.00181007385254,57.052001953125,1.0789017323986627e-06
960,0.0,193.75144958496094,15.203383445739746,56.430328369140625,3.881422344420571e-06
960,18.167966842651367,203.41514587402344,21.657052993774414,50.960784912109375,0.002578189130872488
960,598.8945922851562,363.984130859375,41.60540771484375,116.515869140625,2.6448244625498774e-06
1020,320.4078674316406,198.3384552001953,22.17547607421875,56.100067138671875,1.186405097541865e-05
1020,0.0,213.47447204589844,15.967227935791016,55.53941345214844,0.00020825328829232603
1020,0.0,192.31304931640625,21.430721282958984,94.11203002929688,1.5110806089069229e-05
1020,6.824588775634766,212.5619659423828,21.221603393554688,51.39353942871094,5.302365480019944e-06
1050,336.62774658203125,201.6682586669922,21.72265625,51.289764404296875,0.1094847321510315
1050,583.6804809570312,204.12020874023438,26.8670654296875,64.03231811523438,1.701897053862922e-05
1080,360.11700439453125,195.75624084472656,22.3441162109375,53.27410888671875,0.0004355466808192432
1080,0.0,193.5612335205078,14.245990753173828,53.32940673828125,5.029611202189699e-06
1080,627.3805541992188,201.34873962402344,13.11944580078125,52.366729736328125,1.7627235138206743e-05
1110,422.6536865234375,191.49288940429688,23.5810546875,54.6641845703125,7.993539475137368e-05
1110,429.47052001953125,188.04505920410156,23.9041748046875,56.217498779296875,0.00019077459000982344
1110,0.0,200.06085205078125,15.707284927368164,52.51239013671875,1.0180488061450887e-05
1110,627.5223388671875,210.9204864501953,12.9776611328125,51.45628356933594,2.275565748277586e-06
1140,475.5587158203125,196.12684631347656,21.78912353515625,51.895050048828125,5.407506705523701e-06
1140,481.8807678222656,202.1405029296875,21.76300048828125,51.24786376953125,0.004047203343361616
1140,494.0828552246094,199.0844268798828,22.309906005859375,52.270904541015625,1.689207579147478e-06
1140,488.3726501464844,203.9207000732422,21.83636474609375,52.697540283203125,1.7084277715184726e-05
1170,161.90298461914062,190.03518676757812,21.5938720703125,51.6724853515625,1.9011487893294543e-05
1170,87.73682403564453,106.83238220214844,144.65866088867188,298.3663330078125,7.208941042335937e-06
1170,157.0777587890625,196.7554931640625,20.96636962890625,50.94915771484375,8.670232091390062e-06
1200,495.53839111328125,139.4409637451172,22.23663330078125,51.83013916015625,4.0679326048120856e-05
1200,500.4939880371094,144.31036376953125,25.465911865234375,59.783111572265625,6.503379609057447e-06
1200,493.114501953125,155.8788299560547,25.869873046875,60.826934814453125,0.007052052300423384
1200,0.0,170.2794647216797,14.616127014160156,53.563323974609375,3.627420483098831e-06
1200,501.29046630859375,163.62432861328125,23.2117919921875,56.07666015625,2.3005322873359546e-05
1200,494.4097595214844,175.54859924316406,22.012786865234375,54.008514404296875,5.5220923968590796e-05
1200,546.6566162109375,194.40460205078125,20.5946044921875,50.505889892578125,7.102872814357397e-07
1200,627.6295166015625,194.23736572265625,12.8704833984375,50.5047607421875,9.304510967922397e-06
1230,626.58203125,52.06547546386719,13.91796875,52.09562683105469,5.179581421543844e-06
1230,608.2498168945312,59.57334518432617,23.3677978515625,56.52107620239258,3.7705856925640546e-07
1230,611.7127075195312,22.287635803222656,28.78729248046875,129.78729248046875,5.141426299815066e-06
1230,591.5659790039062,5.668739318847656,48.93402099609375,223.53195190429688,1.5584212178509915e-06
1230,597.8562622070312,67.14630126953125,28.57421875,66.82716369628906,0.00010553991887718439
1230,603.6312255859375,62.64565658569336,33.3243408203125,78.95521545410156,0.00016091302677523345
1230,620.467529296875,55.12248992919922,20.032470703125,79.27259063720703,6.3889656303217635e-06
1230,590.6002807617188,53.908119201660156,41.8955078125,104.22081756591797,8.442332728009205e-06
1230,627.8259887695312,172.24411010742188,12.67401123046875,50.90380859375,9.02372266864404e-06
1230,0.0,183.85939025878906,16.852588653564453,52.149871826171875,4.646491288440302e-05
1230,0.0,95.24864196777344,61.71560287475586,319.00689697265625,2.555699893491692e-06
1260,386.2346496582031,165.31857299804688,21.7711181640625,51.035614013671875,7.625961870871834e-07
1260,0.0,179.39881896972656,15.089909553527832,52.67987060546875,1.2440801583579741e-05
1260,626.6597290039062,192.05734252929688,13.84027099609375,56.55810546875,2.8675801786448574e-06
1290,627.9017333984375,193.08045959472656,12.5982666015625,56.800628662109375,5.641226380248554e-06
1290,0.0,340.7698974609375,61.57782745361328,139.7301025390625,5.300100383465178e-06
1320,473.8348083496094,174.36209106445312,21.84332275390625,51.694091796875,4.818210982193705e-06
1320,485.4237976074219,176.03457641601562,23.6375732421875,56.52630615234375,5.7237626606365666e-05
1320,478.8506774902344,182.6354217529297,22.8475341796875,53.87188720703125,0.022573770955204964
1320,472.66717529296875,165.04075622558594,36.3206787109375,83.69747924804688,7.698707122472115e-06
1380,626.8312377929688,122.81226348876953,13.66876220703125,52.75621795654297,5.944460099271964e-06
1380,623.0797729492188,126.70283508300781,17.42022705078125,77.84127807617188,1.0450599802425131e-05
1380,628.0648193359375,180.36805725097656,12.4351806640625,50.53741455078125,9.318800039181951e-06
1410,627.2106323242188,163.18643188476562,13.28936767578125,52.6224365234375,1.3468490578816272e-05
1410,0.0,168.64247131347656,14.975099563598633,55.238433837890625,2.814769686665386e-06
1410,622.8518676757812,168.6913604736328,17.64813232421875,74.69082641601562,2.491637678758707e-05
1410,551.5713500976562,191.6280975341797,21.30078125,51.526031494140625,4.921166691929102e-06
1410,627.5775756835938,185.328369140625,12.92242431640625,51.39691162109375,5.9119571233168244e-05
1410,627.03564453125,206.807373046875,13.46435546875,50.738006591796875,1.9316130419611e-06
1440,0.0,172.2666473388672,16.767101287841797,52.1951904296875,0.00012152183626312762
1440,423.30224609375,179.9261016845703,21.00921630859375,50.59344482421875,6.941134779481217e-05
1440,0.0,88.24673461914062,60.546539306640625,312.0606689453125,5.093088020657888e-06
1440,0.0,168.7789306640625,25.3114013671875,70.1051025390625,6.846850283181993e-06
1440,414.9609069824219,179.21139526367188,20.99725341796875,51.956878662109375,6.961446615605382e-06
1440,626.4503173828125,198.06484985351562,14.0496826171875,60.38861083984375,7.99129884399008e-06
1470,627.3226928710938,170.6085968017578,13.17730712890625,50.652587890625,2.584442336228676e-05
1470,522.3302001953125,180.56753540039062,22.017333984375,52.216064453125,5.439050255517941e-06
1470,620.0206298828125,159.86866760253906,20.4793701171875,92.91912841796875,2.654566924320534e-05
1470,617.9466552734375,186.86434936523438,21.2781982421875,50.598297119140625,1.0227898201264907e-05
1470,600.619384765625,193.436279296875,23.935546875,55.3375244140625,4.067742338520475e-06
1470,607.6148681640625,196.02474975585938,23.996826171875,55.81634521484375,5.1305623856023885e-06
1470,627.6585693359375,191.88255310058594,12.8414306640625,51.88995361328125,4.781907409778796e-05
1470,625.7977905273438,208.2149658203125,14.70220947265625,57.13031005859375,2.994209580720053e-06
1500,392.5452575683594,164.25115966796875,21.7431640625,52.87506103515625,0.006952609866857529
1500,442.3680419921875,171.56346130371094,22.68072509765625,52.212615966796875,2.0914712877129205e-06
1500,448.6587829589844,175.63259887695312,22.4061279296875,52.02886962890625,8.595650797360577e-06
1500,627.355224609375,178.40090942382812,13.144775390625,51.82489013671875,2.235148895124439e-05
1500,454.65740966796875,180.26858520507812,22.2100830078125,51.62945556640625,1.0588540135358926e-05
1530,466.3856506347656,158.04576110839844,21.864990234375,52.46710205078125,1.6831163520691916e-06
1530,6.967653274536133,171.02615356445312,21.417041778564453,51.61077880859375,1.2587566743604839e-05
1530,471.62884521484375,162.69174194335938,25.24853515625,59.091156005859375,0.004351144190877676
1530,0.0,169.8193359375,15.48440933227539,53.180450439453125,1.2306903045100626e-05
1590,451.6505432128906,169.4363555908203,22.53802490234375,52.36541748046875,5.140112079971004e-06
1590,593.4142456054688,177.55445861816406,23.9266357421875,56.711090087890625,1.6257334891633946e-06
1590,608.8046264648438,176.4727020263672,20.796142578125,50.82177734375,2.727473656705115e-05
1590,457.2842102050781,177.42572021484375,21.3792724609375,50.787200927734375,0.0002551574434619397
1590,627.2967529296875,178.3839111328125,13.2032470703125,52.3245849609375,2.9074149097141344e-06
1590,584.4032592773438,188.18324279785156,25.8472900390625,62.2420654296875,4.885422185907373e-06
1590,597.3987426757812,185.15399169921875,27.0216064453125,64.286376953125,6.097563891671598e-05
1590,622.47021484375,181.6983642578125,18.02978515625,77.9278564453125,6.900305834278697e-06
1590,586.2122192382812,174.95895385742188,36.5850830078125,90.7308349609375,3.4403788049530704e-06
1590,601.7420654296875,186.20510864257812,32.8896484375,78.71768188476562,1.1552302566997241e-05
1620,627.7244873046875,191.5625457763672,12.7755126953125,57.562103271484375,2.273301470268052e-05
1650,0.0,0.0,47.43219757080078,113.67129516601562,3.2755997381173074e-06
1650,0.0,167.82418823242188,16.13921546936035,56.458831787109375,8.822192285151687e-06
1650,593.7284545898438,173.30006408691406,20.7335205078125,52.010955810546875,2.147454142686911e-05
1650,583.4373168945312,178.3343048095703,24.77392578125,59.07220458984375,1.0956975984299788e-06
1650,601.0264282226562,174.73936462402344,21.015869140625,51.443023681640625,3.5712030239665182e-06
1650,608.9135131835938,175.61740112304688,20.5089111328125,50.685455322265625,4.5687684178119525e-05
1650,456.260009765625,183.67800903320312,21.2557373046875,51.834747314453125,2.994081341967103e-06
1650,560.7439575195312,182.67404174804688,20.9569091796875,50.792755126953125,1.7791327309168992e-06
1650,573.5720825195312,176.0189971923828,31.3798828125,74.07205200195312,1.53993607909797e-06
1650,586.7545776367188,173.72238159179688,31.1021728515625,74.4139404296875,4.567503310681786e-06
1680,552.516845703125,161.8878631591797,26.6427001953125,62.301300048828125,1.457952839700738e-05
1680,547.9197998046875,173.55677795410156,24.0966796875,56.72674560546875,1.7151254724012688e-05
1680,557.9412841796875,180.43008422851562,22.8304443359375,54.572540283203125,0.14481239020824432
1680,550.449462890625,170.9678497314453,34.521240234375,77.0872802734375,4.5894797949586064e-05
1680,496.2752380371094,138.31646728515625,121.10653686523438,278.05511474609375,2.845812332452624e-06
1680,563.7437133789062,184.57156372070312,24.80322265625,59.617523193359375,0.00032870523864403367
1680,558.5858154296875,196.4355926513672,24.4254150390625,58.3565673828125,4.453624569578096e-06
1680,601.2575073242188,362.62310791015625,39.24249267578125,117.87689208984375,3.3156397876155097e-06
1710,544.2656860351562,188.3111572265625,22.3765869140625,53.64154052734375,3.5095124530926114e-06
1710,601.2407836914062,189.78477478027344,23.666748046875,56.71795654296875,8.51612912811106e-06
1710,608.5194702148438,191.2515106201172,24.0389404296875,57.0589599609375,5.913812856306322e-06
1710,616.5897216796875,194.35488891601562,22.02978515625,51.867156982421875,4.783096301252954e-06
1710,627.0321044921875,194.64881896972656,13.4678955078125,51.66485595703125,1.5544461348326877e-05
1710,619.4376831054688,426.98370361328125,21.06231689453125,53.51629638671875,8.854356565279886e-06
1710,609.4725341796875,406.508056640625,31.0274658203125,73.991943359375,9.406855497218203e-06
1710,598.5751342773438,365.0849609375,41.92486572265625,115.4150390625,1.2412561773089692e-05
1740,235.004638671875,166.96922302246094,21.76898193359375,51.7611083984375,0.08252554386854172
1740,0.0,175.05007934570312,14.6619291305542,53.3187255859375,4.759643616125686e-06
1740,600.6696166992188,177.53005981445312,21.615478515625,51.232513427734375,9.340110409539193e-05
1740,605.524169921875,172.74208068847656,25.9354248046875,61.22943115234375,5.391269223764539e-05
1740,613.7380981445312,173.260009765625,26.5809326171875,61.12115478515625,4.729134161607362e-06
1740,627.194580078125,176.04127502441406,13.305419921875,53.80108642578125,3.2289244700223207e-06
1740,504.5492858886719,189.26837158203125,22.173980712890625,52.874237060546875,1.8528459122535423e-06
1740,593.6187133789062,188.3924560546875,21.3773193359375,51.465606689453125,5.663499450747622e-06
1740,596.2116088867188,178.1970977783203,30.6851806640625,71.10296630859375,2.118741031154059e-05
1770,627.4619140625,157.68368530273438,13.0380859375,50.744781494140625,1.6015846995287575e-05
1770,483.3525390625,165.12384033203125,22.7027587890625,54.33953857421875,0.04906916618347168
1770,0.0,169.2923583984375,15.215543746948242,55.2947998046875,3.0975249956100015e-06
1770,477.2955627441406,158.51304626464844,33.8072509765625,77.45013427734375,9.355539077660069e-06
1770,492.6551818847656,166.38279724121094,24.483367919921875,58.394866943359375,2.88061401079176e-05
1770,476.8766174316406,168.05343627929688,21.66595458984375,53.304656982421875,5.802323357784189e-06
1770,617.81494140625,178.56594848632812,22.68505859375,56.36102294921875,6.6723614509101026e-06
1770,627.7540283203125,180.36224365234375,12.7459716796875,50.853973388671875,6.943735934328288e-05
1770,627.6806640625,196.42160034179688,12.8193359375,57.751739501953125,3.865579401463037e-06
