30,448.84912109375,176.53184509277344,20.84307861328125,50.5211181640625,1.8130433545593405e-06
30,544.2467041015625,174.57630920410156,23.608154296875,54.96649169921875,2.8904159989906475e-05
30,552.3841552734375,174.01564025878906,21.1751708984375,52.20684814453125,1.1701056791935116e-05
30,560.2156372070312,173.45571899414062,21.0377197265625,51.45733642578125,1.5409763136631227e-06
30,609.5958862304688,173.5960693359375,21.835205078125,52.714508056640625,6.567974196514115e-05
30,616.5772094726562,171.09716796875,23.4361572265625,55.0394287109375,8.314635124406777e-06
30,627.273193359375,172.58555603027344,13.226806640625,51.001617431640625,2.279414729855489e-05
30,399.9769592285156,176.0883331298828,22.063720703125,51.77947998046875,0.003180930158123374
30,479.4067687988281,175.38446044921875,22.3231201171875,52.531463623046875,4.632374384527793e-06
30,406.5265808105469,179.9889678955078,22.0877685546875,54.435150146484375,8.369241186301224e-06
30,426.0263977050781,181.47265625,21.86224365234375,50.7322998046875,8.650778795527003e-07
30,0.0,191.24411010742188,15.238149642944336,54.52496337890625,1.1043460290238727e-05
30,393.3104553222656,182.1505889892578,25.3341064453125,60.451202392578125,4.961532340530539e-06
30,627.25439453125,191.08340454101562,13.24560546875,57.018310546875,4.992903086531442e-06
60,627.0693969726562,166.1199951171875,13.43060302734375,51.263580322265625,4.796745542989811e-06
60,449.51324462890625,175.96994018554688,20.59185791015625,50.56427001953125,2.5742434672793024e-07
60,544.38134765625,175.54115295410156,22.8095703125,53.24859619140625,3.588079925975762e-05
60,551.5020751953125,171.0561065673828,23.4130859375,55.945098876953125,1.578274168423377e-05
60,617.0674438476562,172.93844604492188,23.1094970703125,54.98052978515625,1.2560016102725058e-06
60,400.1152648925781,177.34205627441406,22.30426025390625,51.770172119140625,0.00010477511386852711
60,480.0762023925781,175.50100708007812,22.79913330078125,54.255035400390625,1.488858174525376e-06
60,406.70361328125,180.9840545654297,22.16552734375,54.48486328125,4.853657628700603e-06
60,626.7130737304688,182.1500244140625,13.78692626953125,56.8704833984375,3.2688862120267004e-05
60,0.0,191.118408203125,15.015472412109375,55.345977783203125,9.2190994109842e-06
60,393.197021484375,187.08316040039062,24.55194091796875,57.8970947265625,4.625558176485356e-06
60,617.5380859375,190.60165405273438,22.9619140625,55.4139404296875,1.6858328990565496e-06
90,448.4857482910156,172.56077575683594,21.21539306640625,51.5926513671875,1.853215820801779e-07
90,478.9151611328125,171.26345825195312,22.21856689453125,52.531097412109375,8.720320329302922e-05
90,400.842041015625,177.62881469726562,21.74072265625,50.5526123046875,7.712690421612933e-05
90,486.8045654296875,175.10826110839844,20.78521728515625,50.840789794921875,8.16797273728298e-06
90,407.67523193359375,181.18101501464844,21.418701171875,52.694671630859375,2.645329004735686e-06
90,618.1326293945312,184.50477600097656,21.712646484375,52.736328125,3.067399347855826e-06
90,627.4402465820312,193.2702178955078,13.05975341796875,55.96734619140625,8.656598765810486e-06
120,479.0180969238281,171.06982421875,21.89599609375,51.826171875,4.1343242628499866e-05
120,544.366455078125,173.80679321289062,23.065185546875,53.642822265625,5.479838819155702e-06
120,609.970458984375,173.66525268554688,21.8009033203125,51.65179443359375,1.3443299394566566e-05
120,627.4560546875,172.9529571533203,13.0439453125,50.62255859375,1.9486542441882193e-05
120,400.6892395019531,178.50770568847656,21.60498046875,51.425537109375,5.629269253404345e-06
120,617.7094116210938,177.59396362304688,22.542724609375,53.92864990234375,9.580102414474823e-06
120,0.0,185.5846405029297,15.041439056396484,54.033355712890625,3.5461769130051835e-06
120,626.7921142578125,191.17721557617188,13.7078857421875,57.516387939453125,1.4287615158536937e-05
120,90.33916473388672,196.66070556640625,21.543975830078125,51.225860595703125,1.613143354006752e-06
150,448.2904968261719,170.59393310546875,21.80633544921875,52.7408447265625,2.726439163325267e-07
150,479.182373046875,169.4641876220703,22.36962890625,53.036590576171875,1.076015814760467e-05
150,609.9996948242188,173.68093872070312,21.2906494140625,50.902069091796875,2.177751957788132e-05
150,616.4293823242188,172.73141479492188,22.4976806640625,53.34173583984375,5.299888471199665e-06
150,626.4296875,170.4917449951172,14.0703125,55.6368408203125,2.1876014216104522e-05
150,408.3748474121094,179.25274658203125,21.12091064453125,51.04833984375,2.0124903130636085e-06
150,401.6690368652344,184.4671630859375,21.79022216796875,51.22528076171875,2.9415987228276208e-05
150,627.38525390625,189.6077423095703,13.11474609375,57.45709228515625,3.393329279788304e-06
180,449.54022216796875,169.781982421875,21.15997314453125,51.627288818359375,1.0347464467486134e-06
180,478.238037109375,167.52194213867188,22.12896728515625,52.35076904296875,7.473867299268022e-05
180,545.1829223632812,173.11863708496094,22.032958984375,51.788177490234375,3.027185084647499e-05
180,618.4962158203125,178.52816772460938,22.0037841796875,52.920654296875,5.951670118520269e-06
180,0.0,184.31106567382812,15.550790786743164,53.31243896484375,8.072267519310117e-06
180,626.9718017578125,184.46157836914062,13.5281982421875,56.489501953125,8.946843081503175e-06
210,448.3367919921875,181.0667266845703,21.71173095703125,52.270904541015625,1.118983345804736e-05
210,477.18194580078125,178.80926513671875,22.44390869140625,53.047576904296875,0.0011574147501960397
210,485.57989501953125,179.19810485839844,20.85125732421875,51.498992919921875,1.0347748684580438e-05
210,544.8873901367188,181.63905334472656,23.23095703125,54.04559326171875,3.975177605752833e-06
210,553.2360229492188,182.42904663085938,21.183837890625,51.014556884765625,1.9069611880695447e-05
210,560.5427856445312,182.4698944091797,21.197998046875,51.36212158203125,5.9456169765326194e-06
210,610.5731811523438,181.4879608154297,21.6446533203125,51.67608642578125,4.459553565538954e-06
210,614.2821044921875,171.50018310546875,26.2178955078125,69.67630004882812,7.272197763086297e-06
210,626.1878051757812,177.2142333984375,14.31219482421875,56.40399169921875,2.757042966550216e-05
210,434.7827453613281,188.2957763671875,20.741455078125,50.9998779296875,1.2910838904645061e-06
210,567.3340454101562,185.63262939453125,23.8505859375,56.688934326171875,3.4903735013358528e-06
210,0.0,199.06338500976562,14.883909225463867,55.0045166015625,4.085731688974192e-06
210,627.1528930664062,197.9628448486328,13.34710693359375,57.14404296875,2.330082679691259e-06
240,624.7872924804688,163.6521759033203,15.71270751953125,61.2525634765625,2.5549234123900533e-05
240,449.0389404296875,186.82489013671875,21.54541015625,51.379852294921875,1.5528252106378204e-06
240,553.4978637695312,186.871337890625,22.5972900390625,53.666290283203125,1.782459185051266e-05
240,479.7630310058594,185.24920654296875,21.77642822265625,50.596282958984375,7.70005863159895e-06
240,617.7511596679688,184.0292205810547,22.2740478515625,52.134613037109375,0.0006525751668959856
240,610.1365966796875,164.49729919433594,30.3634033203125,85.12030029296875,2.180748879254679e-06
240,545.18505859375,94.24998474121094,95.31494140625,294.0606689453125,6.236730314412853e-06
240,547.2404174804688,192.27810668945312,22.8946533203125,54.23114013671875,1.7325213775620796e-05
240,558.3719482421875,193.4545440673828,24.564208984375,58.021514892578125,0.0002621053426992148
240,566.355712890625,192.56448364257812,24.8563232421875,58.519378662109375,2.1951291273580864e-05
240,576.0872802734375,194.36073303222656,21.3685302734375,51.838287353515625,5.008120297134155e-06
240,626.315185546875,190.2838134765625,14.184814453125,50.51873779296875,0.0007470410200767219
240,623.3587646484375,194.15374755859375,17.1412353515625,75.10501098632812,7.656563866476063e-06
270,439.47955322265625,187.05130004882812,23.267333984375,56.19598388671875,9.177582001029805e-07
270,592.454345703125,184.08843994140625,22.4063720703125,53.6527099609375,3.650091093732044e-05
270,626.3755493164062,178.43333435058594,14.12445068359375,59.654510498046875,3.1337565360445296e-06
270,487.6595764160156,188.10108947753906,21.86102294921875,50.747894287109375,1.0788081681312178e-06
270,561.4845581054688,188.21324157714844,22.7452392578125,53.28448486328125,5.392016646510456e-06
270,570.1930541992188,188.1431121826172,23.170654296875,55.252471923828125,1.7355361705995165e-05
270,582.2515258789062,186.41319274902344,26.5765380859375,64.20840454101562,0.00016745015454944223
270,587.2593383789062,184.25994873046875,32.203857421875,75.37997436523438,0.0003273164329584688
270,616.8468627929688,186.7842254638672,23.65313720703125,57.83544921875,6.3814754867053125e-06
270,352.2138977050781,101.26194763183594,145.75811767578125,317.02783203125,9.996098015108146e-06
270,455.3023986816406,192.59815979003906,20.98040771484375,50.880706787109375,1.5704778206782066e-06
270,597.6320190429688,192.10433959960938,26.9453125,62.480072021484375,0.00014409681898541749
270,608.5209350585938,196.08258056640625,21.9339599609375,52.003814697265625,6.651521107414737e-05
270,597.6736450195312,173.80023193359375,38.275146484375,91.49209594726562,2.4623816443636315e-06
270,368.0047302246094,198.38722229003906,22.1597900390625,51.5709228515625,7.73889223637525e-06
270,577.25341796875,198.4974365234375,21.209716796875,51.25433349609375,0.00010298008419340476
270,576.1161499023438,175.04664611816406,37.8363037109375,94.60154724121094,0.00010813552216859534
270,626.93896484375,200.4176025390625,13.56103515625,51.194366455078125,1.678187254583463e-05
270,591.0633544921875,117.494140625,49.4366455078125,243.228271484375,1.985386234082398e-06
270,0.0,207.64019775390625,15.607322692871094,55.3277587890625,2.25717712964979e-06
270,17.023937225341797,212.2082977294922,22.317447662353516,53.08848571777344,5.055116616858868e-06
270,432.8833923339844,201.96755981445312,21.4990234375,50.768280029296875,5.7521607232047245e-05
300,367.19122314453125,190.1852264404297,21.70849609375,53.615020751953125,1.7657976059126668e-05
300,617.553955078125,188.36854553222656,22.946044921875,55.852264404296875,4.7951493797881994e-06
300,447.54949951171875,194.10174560546875,21.23065185546875,52.026885986328125,8.005914082787058e-07
300,627.088623046875,192.59202575683594,13.411376953125,57.856475830078125,4.7585665015503764e-05
300,440.56170654296875,199.92678833007812,21.752197265625,50.830169677734375,1.2556887668324634e-05
300,0.0,205.64808654785156,16.017032623291016,54.38307189941406,2.0217170458636247e-05
300,6.9629974365234375,206.2440948486328,21.50375747680664,51.78196716308594,5.591841727436986e-06
300,362.26611328125,203.59429931640625,21.72998046875,51.197265625,9.088443766813725e-05
300,627.3712158203125,214.9472198486328,13.1287841796875,51.45750427246094,3.4721135762083577e-06
330,447.9279479980469,188.0856170654297,21.5361328125,51.321014404296875,1.070665348379407e-05
330,616.6942749023438,181.99154663085938,23.80572509765625,56.019866943359375,7.072421340126311e-06
330,593.8538208007812,189.000732421875,22.1624755859375,53.2969970703125,1.3510080862033647e-05
330,601.5201416015625,189.42904663085938,21.8526611328125,52.4066162109375,2.5896015358739533e-05
330,609.459716796875,188.64846801757812,22.691650390625,53.79901123046875,4.7963621909730136e-05
330,360.46142578125,192.7320098876953,21.91510009765625,51.418548583984375,1.837955664996116e-06
330,626.8733520507812,191.2383575439453,13.62664794921875,56.40606689453125,5.384589167078957e-05
330,0.0,199.46185302734375,15.043024063110352,54.456451416015625,5.826766482641688e-06
360,464.43109130859375,179.90689086914062,22.52813720703125,53.504974365234375,7.958906280691735e-06
360,0.0,191.56398010253906,15.629009246826172,54.101287841796875,2.0269305878173327e-06
360,360.1378173828125,190.00808715820312,21.44989013671875,51.118743896484375,1.4829159226792399e-05
360,627.8646850585938,193.57290649414062,12.63531494140625,52.1595458984375,5.193539436731953e-06
360,598.9910278320312,362.9122314453125,41.50897216796875,117.5877685546875,7.882013051130343e-06
390,185.15478515625,174.1575927734375,21.977294921875,52.327484130859375,0.0032302222680300474
390,161.94529724121094,176.12274169921875,22.466949462890625,53.246246337890625,2.925292392319534e-05
390,170.4439697265625,179.3319854736328,21.8154296875,52.316131591796875,1.8782260667649098e-05
390,178.64019775390625,181.34437561035156,21.598724365234375,52.6531982421875,0.00019326899200677872
390,191.88528442382812,183.4418182373047,21.173095703125,51.4222412109375,3.4382828744128346e-06
390,360.8531494140625,187.66973876953125,21.35980224609375,50.871307373046875,3.5663836115418235e-06
390,0.0,207.4401397705078,15.448284149169922,56.26765441894531,3.954155090468703e-06
420,67.63093566894531,178.43898010253906,33.23638916015625,77.99942016601562,7.678017936996184e-06
420,356.3146667480469,183.67869567871094,21.29071044921875,51.087310791015625,1.5621604688931257e-05
420,68.59131622314453,194.83810424804688,21.659408569335938,51.0673828125,0.0006275734049268067
420,75.2611083984375,196.21218872070312,21.474380493164062,51.912506103515625,0.0650702565908432
420,83.77130126953125,193.593017578125,21.933807373046875,52.270965576171875,2.2474347133538686e-05
420,0.0,200.22178649902344,16.087316513061523,56.164764404296875,3.5432292406767374e-06
420,628.368896484375,200.2378692626953,12.131103515625,50.635894775390625,1.4491106412606314e-06
450,608.22998046875,61.401405334472656,22.832763671875,54.16337585449219,1.1509800060593989e-05
450,603.1396484375,68.7787094116211,21.28271484375,51.13255310058594,2.9948014343972318e-05
450,616.9302368164062,175.9407196044922,20.62158203125,50.570892333984375,5.9330081967345905e-06
450,627.8145751953125,173.70101928710938,12.6854248046875,51.80224609375,3.2617931537970435e-06
450,17.800493240356445,190.44509887695312,21.917387008666992,52.057373046875,3.6699060729006305e-05
450,0.0,192.81680297851562,13.744140625,55.479248046875,1.4603713680116925e-05
450,23.30978775024414,197.68038940429688,21.93633270263672,52.75018310546875,0.4286358952522278
450,623.3569946289062,183.773193359375,17.14300537109375,76.32601928710938,1.1578542398638092e-05
450,11.997835159301758,197.52110290527344,21.256017684936523,50.98431396484375,9.532887634122744e-05
450,16.873733520507812,184.4346160888672,34.42872619628906,78.51899719238281,9.078638868231792e-06
450,30.401174545288086,200.16818237304688,21.854097366333008,51.4892578125,0.00012933462858200073
450,627.5489501953125,234.8167266845703,12.9510498046875,50.78816223144531,3.660496531665558e-06
450,600.8775024414062,359.98822021484375,39.62249755859375,120.51177978515625,3.804970447163214e-06
480,138.77928161621094,183.89422607421875,21.2034912109375,51.2733154296875,6.317808583844453e-05
480,0.0,193.09710693359375,13.793627738952637,52.0869140625,3.474054028629325e-05
480,482.86187744140625,202.64950561523438,21.3935546875,51.117767333984375,8.200864613172598e-06
510,550.3897094726562,186.2639923095703,24.653076171875,56.66680908203125,2.4458380721625872e-05
510,528.7667236328125,196.60787963867188,21.7236328125,50.97467041015625,3.435775943216868e-05
510,537.53173828125,194.97689819335938,22.1199951171875,53.24176025390625,1.6555435649934225e-05
510,543.6448364257812,193.00341796875,25.5079345703125,58.56195068359375,3.916090463462751e-06
510,598.9691162109375,360.4933776855469,41.5308837890625,120.00662231445312,1.2302936738706194e-05
510,577.3158569335938,317.19805908203125,63.18414306640625,163.30194091796875,6.657119683950441e-06
540,627.2797241210938,169.126953125,13.22027587890625,52.0943603515625,5.362095635064179e-06
540,128.43055725097656,180.26156616210938,21.71221923828125,51.459197998046875,9.710965969134122e-05
540,231.0629119873047,178.4554901123047,21.283538818359375,50.50390625,6.049982039257884e-05
540,135.6909942626953,182.6732177734375,22.153472900390625,52.6806640625,9.868850611383095e-06
540,226.3093719482422,185.7385711669922,21.096893310546875,50.677490234375,2.2861177058075555e-06
540,610.8945922851562,408.14276123046875,29.60540771484375,72.35723876953125,2.481537876519724e-06
540,599.8944091796875,360.7648620605469,40.6055908203125,119.73513793945312,4.514884039963363e-06
570,375.6055908203125,167.7410888671875,21.58251953125,52.95556640625,1.3812320503348019e-05
570,222.09788513183594,182.18870544433594,21.58892822265625,51.84100341796875,0.017799269407987595
570,417.9190368652344,175.83255004882812,22.24114990234375,52.275787353515625,4.761167656397447e-05
570,0.5372047424316406,197.40402221679688,27.480546951293945,65.73739624023438,2.6814448119694134e-06
570,9.143976211547852,204.68272399902344,22.45602035522461,52.41926574707031,0.0008160772267729044
570,0.0,209.66177368164062,15.541576385498047,53.4945068359375,5.772239092038944e-06
600,418.2249450683594,168.7142333984375,22.12860107421875,50.97259521484375,3.4811882869689725e-06
600,39.874393463134766,172.99424743652344,24.166786193847656,58.59698486328125,1.570261701999698e-05
600,45.1049919128418,168.40838623046875,31.56558609008789,72.37939453125,3.26705994666554e-05
600,58.811275482177734,170.4823760986328,22.00058364868164,51.583740234375,7.301179721252993e-05
600,51.43360137939453,157.84971618652344,36.558807373046875,89.08929443359375,0.0009078636066988111
600,63.03193664550781,167.61019897460938,28.037368774414062,66.08999633789062,0.022108154371380806
600,76.65074920654297,169.24070739746094,25.048049926757812,59.987884521484375,0.00037769440677948296
600,68.55255126953125,152.3161163330078,34.99723815917969,86.0897216796875,1.0269299309584312e-05
600,86.52993774414062,172.00633239746094,24.058685302734375,55.7901611328125,2.7876076273969375e-05
600,183.046630859375,171.66818237304688,22.72137451171875,52.8153076171875,4.870015800406691e-06
600,426.4396057128906,169.28195190429688,22.4869384765625,53.2763671875,2.326708818145562e-05
600,33.68890380859375,153.8737335205078,37.8988037109375,97.57284545898438,9.15438067750074e-06
600,434.70416259765625,175.9141082763672,21.568359375,51.1414794921875,0.0015094602713361382
600,431.0356750488281,166.57516479492188,34.2210693359375,82.01083374023438,5.206653668210492e-07
600,447.1075744628906,175.88174438476562,21.49462890625,53.277801513671875,5.512122811524023e-07
600,72.47272491455078,177.03616333007812,21.264114379882812,50.6947021484375,0.00020340795163065195
600,438.580810546875,179.75860595703125,24.18035888671875,57.73187255859375,5.247482476988807e-06
630,0.0,122.93356323242188,23.373027801513672,104.65322875976562,4.020930646220222e-06
630,7.631814956665039,157.9103546142578,23.32806396484375,54.808563232421875,8.831317245494574e-06
630,0.0,128.98011779785156,40.542911529541016,121.3980712890625,1.7120951270044316e-06
630,0.0,160.19505310058594,18.126386642456055,64.14779663085938,1.0502845725568477e-05
630,1.7091903686523438,159.47637939453125,32.22450637817383,76.52828979492188,0.0002721431665122509
630,15.77131175994873,173.91905212402344,21.851566314697266,51.3409423828125,5.631316889775917e-05
630,22.99746322631836,173.2573699951172,23.40399932861328,54.656005859375,7.075234861986246e-06
630,0.7872915267944336,177.84188842773438,23.554027557373047,55.544952392578125,0.0001104829934774898
630,82.31336975097656,184.21417236328125,21.523391723632812,51.6845703125,4.617893137037754e-05
630,495.878173828125,162.94973754882812,39.127197265625,95.38592529296875,2.5233644919353537e-05
630,0.0,123.03970336914062,45.46742630004883,218.05056762695312,3.972293598053511e-06
630,524.4207763671875,182.9794464111328,27.90185546875,63.702239990234375,1.541703909424541e-06
630,0.0,186.21182250976562,17.806243896484375,62.676055908203125,3.9622489566681907e-05
630,5.73151969909668,185.6472930908203,26.5128173828125,63.733734130859375,0.00024156077415682375
630,506.9939880371094,184.19876098632812,33.357574462890625,80.0948486328125,3.000770630023908e-05
630,14.961526870727539,191.8589630126953,23.65375328063965,56.887481689453125,6.112276878411649e-06
630,0.0,196.1367645263672,25.666175842285156,67.24635314941406,9.142533599515446e-06
630,0.0,175.70079040527344,36.93411636352539,97.99617004394531,2.837313513737172e-05
630,517.180419921875,198.83773803710938,28.396484375,65.3216552734375,3.821830432571005e-06
630,600.7940673828125,362.2523193359375,39.7059326171875,118.2476806640625,3.450025360507425e-06
660,608.7301635742188,169.3854217529297,21.3985595703125,51.93560791015625,1.698105847935949e-06
660,80.55500793457031,184.7992706298828,22.756179809570312,53.99908447265625,2.155365109501872e-06
690,262.3968811035156,144.52197265625,22.66552734375,52.877960205078125,8.783676094026305e-06
690,256.6574401855469,150.7561798095703,21.7205810546875,50.906585693359375,6.902566383359954e-05
690,617.2695922851562,159.37240600585938,21.323974609375,50.69140625,1.848213651101105e-05
690,47.672794342041016,165.4456024169922,21.933712005615234,52.702362060546875,1.6650230463710614e-05
690,42.412254333496094,172.36721801757812,21.228370666503906,50.69921875,7.24341043678578e-06
690,626.2808227539062,167.48304748535156,14.21917724609375,56.496002197265625,2.296527600265108e-05
690,0.0,175.77938842773438,14.734029769897461,53.93121337890625,4.806930064660264e-06
690,599.5534057617188,360.9146728515625,40.94659423828125,119.5853271484375,4.704372258856893e-06
720,627.8832397460938,163.02645874023438,12.61676025390625,50.824676513671875,4.406706921145087e-06
720,0.0,191.16798400878906,14.836919784545898,55.788055419921875,4.2345686779299285e-06
720,599.6322631835938,359.6179504394531,40.86773681640625,120.88204956054688,4.192113919998519e-06
750,538.8609008789062,172.15542602539062,23.3214111328125,54.60809326171875,2.8349713829811662e-05
750,546.3738403320312,176.1778564453125,21.844482421875,52.083984375,0.2799046039581299
750,0.0,176.86087036132812,16.43841552734375,56.020965576171875,1.5711229934822768e-05
750,0.0,155.9972381591797,22.61993408203125,99.50457763671875,2.6199788862868445e-06
750,600.2625122070312,360.7928466796875,40.23748779296875,119.7071533203125,4.109972451260546e-06
780,578.33447265625,171.55789184570312,22.22509765625,52.26971435546875,1.0168067092308775e-05
780,583.2320556640625,183.486572265625,21.632080078125,51.958831787109375,0.7800379991531372
780,600.24609375,186.5058135986328,20.875732421875,51.073486328125,6.040749212843366e-06
780,572.0518798828125,189.90060424804688,23.30029296875,54.212127685546875,8.275950676761568e-06
780,577.557861328125,173.69729614257812,33.1802978515625,78.41470336914062,1.2999564205529168e-05
780,588.755126953125,184.17562866210938,23.8428955078125,56.863311767578125,0.005912609864026308
780,628.3573608398438,194.8051300048828,12.14263916015625,50.580230712890625,7.558635388704715e-06
780,601.3775634765625,363.6055908203125,39.1224365234375,116.8944091796875,5.206934474699665e-06
810,615.4331665039062,171.59873962402344,23.5950927734375,54.89453125,1.1438401088526007e-05
810,627.2029418945312,171.3164825439453,13.29705810546875,51.745391845703125,7.338207069551572e-06
810,75.31124877929688,187.34268188476562,22.676132202148438,51.718994140625,4.9658905481919646e-05
810,25.777606964111328,194.00381469726562,21.676109313964844,50.518829345703125,5.3013111028121784e-05
810,81.85478973388672,191.82362365722656,22.808303833007812,53.136260986328125,0.00033254874870181084
810,0.0,197.75143432617188,15.745201110839844,54.79632568359375,4.414914201333886e-06
870,509.8196716308594,154.51588439941406,24.039825439453125,57.784027099609375,3.319279130664654e-05
870,0.0,166.63124084472656,16.64757537841797,56.51104736328125,2.800439870043192e-05
870,599.4903564453125,359.4310607910156,41.0096435546875,121.06893920898438,4.424992766871583e-06
900,627.0846557617188,146.0885772705078,13.41534423828125,51.788238525390625,1.4367561561812181e-05
900,416.2381591796875,172.68678283691406,23.143310546875,54.95159912109375,0.0003646408149506897
900,401.7562255859375,170.791748046875,26.80810546875,64.71109008789062,1.0283295068802545e-06
900,410.02313232421875,174.77854919433594,21.34381103515625,51.059600830078125,0.000536012405063957
900,621.8180541992188,155.94801330566406,18.68194580078125,81.47650146484375,1.541471829114016e-05
900,609.0228881835938,110.2989501953125,31.47711181640625,139.992919921875,1.576986505824607e-05
900,416.45562744140625,166.71128845214844,35.15887451171875,79.35345458984375,2.03849449462723e-05
900,437.5650634765625,177.0467071533203,24.63360595703125,57.0550537109375,5.299139957060106e-06
900,626.0532836914062,175.37503051757812,14.44671630859375,52.86895751953125,6.450285127357347e-06
900,423.6827392578125,179.4646759033203,21.8525390625,52.398223876953125,0.6772710084915161
900,430.4216003417969,180.9046630859375,22.3726806640625,53.764312744140625,0.0002287323004566133
900,594.9464721679688,94.88029479980469,45.55352783203125,235.48304748535156,6.212984317244263e-06
900,600.0838623046875,359.6866760253906,40.4161376953125,120.81332397460938,5.240716291154968e-06
930,449.05230712890625,163.1218719482422,21.62725830078125,51.25421142578125,4.397727025207132e-06
930,456.1551208496094,164.7271728515625,22.1705322265625,50.651641845703125,2.082340415654471e-06
930,464.80902099609375,169.97406005859375,21.7091064453125,50.891021728515625,1.6532449080841616e-06
930,608.6517944335938,219.03611755371094,31.84820556640625,143.7593536376953,4.7478019951086026e-06
930,594.5371704101562,191.8600311279297,45.96282958984375,232.0143585205078,1.995688535316731e-06
990,103.71876525878906,157.33981323242188,22.417327880859375,52.98876953125,3.5939542613050435e-06
990,602.1327514648438,356.568603515625,38.36724853515625,123.931396484375,2.315144911335665e-06
1020,440.8315734863281,160.01077270507812,21.30377197265625,50.71923828125,1.945423355209641e-05
1020,2.2568206787109375,162.3238067626953,22.413673400878906,52.825927734375,0.0007370775565505028
1020,13.642014503479004,161.7208251953125,24.158161163330078,57.193359375,0.00014356386964209378
1020,410.97784423828125,167.64132690429688,21.64288330078125,52.026580810546875,4.8018126108217984e-05
1020,0.8076496124267578,153.84600830078125,33.86102294921875,77.68060302734375,2.0240146113792434e-05
1020,0.0,169.3116455078125,16.369672775268555,52.318511962890625,0.00015537372382823378
1020,8.067319869995117,168.4283447265625,22.879066467285156,55.018157958984375,0.5199742913246155
1020,21.575109481811523,167.46693420410156,21.22703742980957,52.52105712890625,2.1247244148980826e-05
1020,0.0,105.9024887084961,47.85280227661133,224.59918212890625,2.9193454338383162e-06
1020,2.062002182006836,182.4449462890625,20.810150146484375,51.12384033203125,2.3236584638652857e-06
1020,599.6608276367188,360.6441345214844,40.83917236328125,119.85586547851562,3.3539590731379576e-06
1050,0.0,144.5409698486328,15.082978248596191,54.4766845703125,2.3657605652260827e-06
1050,608.1298828125,158.2903594970703,22.5394287109375,52.540130615234375,4.762620301335119e-05
1050,615.3479614257812,159.48834228515625,24.2080078125,54.758880615234375,4.8047299969766755e-06
1050,627.9984130859375,162.6038055419922,12.5015869140625,50.788818359375,8.193265784939285e-06
1050,602.077392578125,162.70497131347656,22.913330078125,54.417266845703125,4.509479367698077e-06
1110,422.9385070800781,146.58287048339844,22.2047119140625,52.5245361328125,7.552395800303202e-06
1110,417.83050537109375,153.7502899169922,21.3304443359375,50.5936279296875,3.8885660615051165e-05
1140,161.77108764648438,156.95037841796875,21.44110107421875,50.7816162109375,6.882869911351008e-06
1140,169.11338806152344,155.12796020507812,21.7069091796875,51.60650634765625,3.563922064131475e-06
1140,96.92335510253906,161.45770263671875,22.467193603515625,52.504913330078125,4.144767899560975e-06
1140,426.6758728027344,169.1361083984375,20.66851806640625,50.569793701171875,2.128536152667948e-06
1140,447.58172607421875,166.42886352539062,21.7342529296875,52.528350830078125,5.526325821847422e-06
1140,599.3241577148438,359.6217041015625,41.17584228515625,120.8782958984375,3.5795089843304595e-06
1170,14.430031776428223,143.2542724609375,26.611831665039062,61.787567138671875,1.8584843246571836e-06
1170,6.773867607116699,148.7882080078125,27.189640045166016,62.964019775390625,1.6501891195730423e-06
1170,112.04975891113281,155.4116973876953,23.897232055664062,55.7760009765625,2.4420602130703628e-05
1170,97.91027069091797,160.96600341796875,21.435211181640625,50.932861328125,1.1849906513816677e-05
1170,105.74967956542969,159.98391723632812,22.402618408203125,51.9091796875,1.3893621144234203e-05
1170,119.3638916015625,161.35691833496094,22.766387939453125,52.9625244140625,0.0004775023553520441
1170,126.75763702392578,156.29452514648438,22.378440856933594,52.737335205078125,4.944612010149285e-05
1170,448.6474304199219,156.4489288330078,21.997314453125,51.298797607421875,3.405900133657269e-05
1170,0.9515399932861328,136.82623291015625,38.52405548095703,98.31320190429688,7.092197392921662e-06
1170,627.818603515625,170.78695678710938,12.681396484375,51.359405517578125,4.600192369252909e-06
1170,0.0,101.34152221679688,52.008583068847656,233.1484375,9.427367331227288e-06
1170,601.0681762695312,360.9029235839844,39.43182373046875,119.59707641601562,5.134942966833478e-06
1200,527.371337890625,143.5685577392578,22.510986328125,54.251556396484375,4.541845100902719e-06
1200,513.0210571289062,150.3212890625,23.8553466796875,55.15087890625,0.000614272546954453
1200,517.65185546875,143.51622009277344,29.9033203125,70.6734619140625,8.368239650735632e-05
1200,523.4498901367188,148.78494262695312,33.761474609375,79.0389404296875,4.3787702452391386e-05
1230,627.3121948242188,144.06137084960938,13.18780517578125,50.852142333984375,8.105323104246054e-06
1230,626.3526000976562,161.817626953125,14.14739990234375,55.09210205078125,0.0008214489207603037
1230,619.2548217773438,147.86007690429688,21.24517822265625,88.59848022460938,6.800036317144986e-06
1230,566.6265869140625,69.60342407226562,73.8734130859375,312.00140380859375,1.256274390470935e-05
1230,626.9497680664062,182.29806518554688,13.55023193359375,51.814422607421875,9.683436474006157e-06
1260,455.8173828125,154.6217803955078,22.78826904296875,53.194183349609375,8.674855962453876e-06
1260,448.9597473144531,156.34475708007812,22.1097412109375,52.641571044921875,6.005624982208246e-06
1260,401.2730712890625,162.01885986328125,21.61749267578125,51.8343505859375,8.853968211042229e-06
1260,408.8268737792969,163.8767547607422,21.939697265625,53.26983642578125,1.5108943216546322e-06
1260,600.4798583984375,358.93292236328125,40.0201416015625,121.56707763671875,2.79088430943375e-06
1290,418.6916809082031,153.44927978515625,22.20489501953125,51.9508056640625,1.189444333249412e-06
1290,49.02132797241211,153.10104370117188,21.145679473876953,50.903839111328125,2.3126797259465093e-06
1290,41.747867584228516,156.02374267578125,21.918624877929688,52.9248046875,1.0599300367175601e-05
1290,439.6616516113281,161.99415588378906,21.919189453125,51.759185791015625,6.230213330127299e-05
1290,424.94635009765625,164.82601928710938,21.9593505859375,51.6756591796875,0.008434859104454517
1290,445.6040954589844,165.1753387451172,25.43988037109375,59.4874267578125,9.12181519652222e-07
1290,430.0053405761719,166.1815643310547,24.2313232421875,58.45977783203125,9.14454140001908e-05
1290,627.4343872070312,233.993896484375,13.06561279296875,51.10308837890625,2.845704102583113e-06
1320,147.0793914794922,145.33204650878906,21.606964111328125,51.070404052734375,0.002672093454748392
1320,139.06353759765625,130.5298614501953,35.13922119140625,79.03762817382812,3.363802534295246e-06
1320,89.25948333740234,150.44961547851562,21.718002319335938,50.712890625,0.00076582923065871
1320,141.02099609375,149.3963165283203,21.993804931640625,52.24615478515625,6.131601367087569e-06
1320,94.87776184082031,156.9927978515625,21.619552612304688,50.672607421875,1.005931062536547e-05
1320,560.0737915039062,168.64212036132812,20.7701416015625,50.824462890625,7.491414180549327e-06
1320,553.535400390625,166.93963623046875,31.044189453125,74.84075927734375,1.6738689510020777e-06
1350,626.6380004882812,143.8968963623047,13.86199951171875,55.4176025390625,7.313014975807164e-06
1350,107.22901153564453,154.8516845703125,21.602134704589844,51.629913330078125,4.678905679611489e-05
1350,442.5935363769531,135.0497589111328,36.20660400390625,82.04440307617188,6.98927237863245e-07
1350,381.4771728515625,92.94723510742188,139.19805908203125,288.27020263671875,1.4948584976082202e-05
1350,454.6736145019531,146.69784545898438,26.09722900390625,63.12188720703125,0.00014685273345094174
1410,56.40977478027344,157.61065673828125,21.3656005859375,50.85491943359375,3.4402968594804406e-05
1410,480.42840576171875,145.26687622070312,22.61065673828125,52.740447998046875,8.764278618400567e-07
1410,407.426513671875,154.59097290039062,24.14202880859375,54.386444091796875,4.869978511123918e-06
1440,576.1197509765625,133.32208251953125,22.722412109375,54.5826416015625,1.4130780982668512e-05
1440,583.919189453125,132.29078674316406,22.98095703125,54.43988037109375,4.19734169554431e-06
1440,591.5947265625,133.08006286621094,22.9564208984375,53.139556884765625,9.269800102629233e-06
1440,626.8673706054688,128.8058624267578,13.63262939453125,51.225738525390625,1.2529231753433123e-05
1440,565.3666381835938,138.19171142578125,28.8887939453125,66.21630859375,0.00013316227705217898
1440,570.8463134765625,131.21835327148438,33.914794921875,80.1932373046875,0.00021778102382086217
1440,584.1384887695312,131.76715087890625,33.2003173828125,78.243408203125,9.010115172713995e-05
1440,597.263427734375,136.8632049560547,26.82666015625,61.5311279296875,9.166856216324959e-06
1440,607.5596313476562,135.372314453125,24.6964111328125,58.428009033203125,1.5840101696085185e-05
1440,616.3602905273438,136.60476684570312,21.506103515625,51.800445556640625,3.8235015381360427e-05
1440,552.1129150390625,144.80819702148438,27.1221923828125,63.761749267578125,1.4261627256928477e-05
1440,560.905517578125,145.852294921875,23.2030029296875,55.17340087890625,6.206097168615088e-06
1440,551.7844848632812,130.71466064453125,41.806884765625,99.19369506835938,3.159430707455613e-05
1440,564.5264892578125,120.9909896850586,48.4859619140625,114.63178253173828,1.5818135580047965e-05
1440,590.4797973632812,155.5960693359375,23.2816162109375,54.797149658203125,6.505277269752696e-06
1440,583.5880737304688,160.26937866210938,23.5877685546875,55.68499755859375,6.297951131273294e-06
1470,627.6156005859375,102.28315734863281,12.8843994140625,50.76756286621094,3.901514901372138e-06
1470,618.7085571289062,81.29503631591797,21.79144287109375,100.5895767211914,1.1010545222234214e-06
1470,626.2997436523438,116.38546752929688,14.20025634765625,60.67987060546875,2.78385377896484e-05
1470,394.6846923828125,139.74862670898438,23.35406494140625,54.071044921875,6.088603913667612e-05
1470,407.1427307128906,141.3754119873047,21.90118408203125,52.70672607421875,9.274487820221111e-05
1470,612.27880859375,95.75715637207031,28.22119140625,129.5157470703125,8.298427019326482e-06
1470,596.0146484375,77.91087341308594,44.4853515625,227.34706115722656,5.4633646868751384e-06
1470,398.9277038574219,144.82835388183594,25.27886962890625,61.16253662109375,0.0005781686049886048
1470,415.8299255371094,143.7208709716797,21.28656005859375,52.539093017578125,5.331256488716463e-06
1470,623.8037719726562,133.13629150390625,16.69622802734375,78.83261108398438,4.303542664274573e-05
1470,397.1510009765625,133.32781982421875,35.7750244140625,86.35879516601562,4.907996299152728e-06
1470,481.49969482421875,152.04214477539062,20.998291015625,50.549774169921875,3.30876332554908e-06
1470,488.7842712402344,152.48858642578125,21.42779541015625,51.376556396484375,2.1802123228553683e-05
1470,496.9622497558594,153.44064331054688,21.218170166015625,50.9691162109375,2.6362669814261608e-05
1470,505.1018371582031,152.2668914794922,20.907928466796875,50.61712646484375,6.572751772182528e-06
1470,601.8304443359375,147.4734344482422,20.7469482421875,50.6259765625,1.4239924894354772e-05
1470,607.0252075195312,148.91014099121094,25.8980712890625,59.793060302734375,1.545588565932121e-05
1470,512.7032470703125,158.46194458007812,21.2860107421875,51.10650634765625,3.379656845936552e-05
1470,508.06756591796875,150.24085998535156,30.349609375,71.7135009765625,3.985917373938719e-06
1470,520.7381591796875,160.85301208496094,21.396728515625,52.1324462890625,6.298756034084363e-06
1470,597.0786743164062,148.83596801757812,31.521484375,73.18753051757812,3.9219098653120454e-06
1470,504.1752014160156,163.50982666015625,24.285125732421875,57.5904541015625,3.949297024519183e-06
1500,104.87364196777344,155.52996826171875,21.61962890625,50.6326904296875,7.99047775217332e-05
1500,473.4718933105469,150.99755859375,21.75439453125,51.40704345703125,0.0026851093862205744
1500,495.3866271972656,152.52035522460938,23.833404541015625,55.478424072265625,6.2682970565219875e-06
1500,541.5355834960938,149.43194580078125,28.1949462890625,63.889251708984375,1.706696639303118e-05
1500,547.9869995117188,143.49465942382812,32.576171875,78.4554443359375,9.678183232608717e-06
1500,477.8224182128906,152.5547332763672,25.547119140625,60.754638671875,8.980796701507643e-05
1500,486.6966247558594,155.1757049560547,25.1148681640625,58.6309814453125,1.1413534593884833e-05
1500,503.51318359375,156.29904174804688,24.100830078125,55.26959228515625,5.7393594943278e-06
1500,519.2617797851562,157.0537109375,23.8262939453125,56.159637451171875,2.145343160009361e-06
1500,529.365234375,157.9320068359375,21.135009765625,50.855224609375,5.298854011925869e-05
1500,531.4669189453125,147.36587524414062,32.182373046875,79.23629760742188,1.9733297449420206e-05
1530,511.9668884277344,126.70059967041016,22.847869873046875,53.20879364013672,2.9587043172796257e-05
1530,520.6590576171875,126.04885864257812,22.1090087890625,52.60150146484375,1.1619769793469459e-05
1530,528.3160400390625,127.49088287353516,21.36083984375,51.10198211669922,1.7226919908353011e-06
1530,488.0975036621094,133.5244140625,22.516357421875,53.938262939453125,2.011704600590747e-05
1530,0.0,168.90789794921875,14.925592422485352,56.72589111328125,6.001142082823208e-06
1530,0.0,143.81838989257812,22.246501922607422,98.435791015625,1.2857475439886912e-06
1530,616.9407348632812,204.09356689453125,23.55926513671875,104.90606689453125,7.292386271728901e-06
1530,591.3512573242188,157.07017517089844,49.14874267578125,242.1582794189453,4.312198598199757e-06
1530,599.9158325195312,360.1492919921875,40.58416748046875,120.3507080078125,7.534878022852354e-06
1560,540.3877563476562,129.96192932128906,32.932373046875,80.42410278320312,4.398653800308239e-06
1560,184.29823303222656,168.3221893310547,21.558319091796875,51.23876953125,6.194702291395515e-05
1560,521.8816528320312,149.78994750976562,21.1622314453125,52.131072998046875,1.8971232975673047e-06
1560,529.6373901367188,148.58660888671875,23.328369140625,54.8662109375,1.0433801435283385e-05
1560,534.9061889648438,143.64178466796875,28.0899658203125,68.59747314453125,7.557274511782452e-05
1560,555.3970336914062,119.2528076171875,64.3253173828125,167.44305419921875,9.832485375227407e-06
1560,532.27197265625,117.45722961425781,60.3052978515625,146.48765563964844,2.163413228117861e-05
1560,525.6691284179688,132.15994262695312,45.3104248046875,111.45718383789062,0.00015698325296398252
1560,525.9755249023438,98.58748626708984,95.516357421875,228.18426513671875,1.8073626051773317e-05
1560,600.0946044921875,125.1785888671875,40.4053955078125,161.59628295898438,2.5136212116194656e-06
1560,563.0826416015625,129.48858642578125,77.4173583984375,209.99685668945312,0.0005598053685389459
1560,586.8914794921875,166.6539764404297,53.6085205078125,151.20643615722656,1.1216994607821107e-05
1560,612.5394287109375,182.64242553710938,27.9605712890625,114.71652221679688,5.781566414952977e-06
1560,539.5105590820312,56.356353759765625,100.98944091796875,342.8960876464844,6.78495496231335e-07
1560,599.4967041015625,360.1234130859375,41.0032958984375,120.3765869140625,3.1118199785851175e-06
1590,617.2513427734375,161.04519653320312,23.2486572265625,55.198028564453125,2.5205779365933267e-06
1590,627.4821166992188,169.15472412109375,13.01788330078125,52.389434814453125,4.866617473453516e-06
1590,472.44769287109375,183.48410034179688,23.26080322265625,56.5386962890625,1.2302668892516522e-06
1620,506.08856201171875,170.05665588378906,21.6790771484375,51.02978515625,0.0003279373631812632
1620,500.1289367675781,174.6623992919922,22.281158447265625,52.91363525390625,7.187949222497991e-07
1620,593.4877319335938,176.89511108398438,21.150634765625,51.08251953125,2.0434260932233883e-06
1620,600.7525634765625,175.50167846679688,21.9664306640625,53.6649169921875,4.241908300173236e-06
1620,607.5670776367188,174.59530639648438,25.7593994140625,59.300872802734375,2.2348622223944403e-06
1620,626.5144653320312,175.6346435546875,13.98553466796875,60.91973876953125,4.467334747459972e-06
1620,16.15166664123535,187.93634033203125,20.995519638061523,50.846221923828125,8.172079105861485e-06
1620,22.537443161010742,188.57281494140625,24.368539810180664,55.972930908203125,2.345857183172484e-06
1620,622.0546875,182.5683135986328,18.4453125,77.71714782714844,7.913164154160768e-06
1620,610.8446655273438,155.34547424316406,29.65533447265625,132.92820739746094,7.338234809139976e-06
1620,626.1944580078125,206.72836303710938,14.3055419921875,62.086639404296875,8.171105037035886e-06
1650,456.87353515625,169.19271850585938,23.107666015625,54.917449951171875,2.094704996125074e-06
1650,519.9710083007812,188.6546173095703,23.94677734375,57.929412841796875,5.023528046876891e-06
1650,528.3015747070312,188.66604614257812,21.8148193359375,52.696197509765625,4.671115675591864e-06
1650,601.1254272460938,362.69818115234375,39.37457275390625,117.80181884765625,6.11112818660331e-06
1680,25.469524383544922,168.51211547851562,22.57630157470703,53.711090087890625,1.4237331924960017e-05
1680,185.25416564941406,172.6245880126953,20.9654541015625,50.653411865234375,3.523568011587486e-05
1680,601.265869140625,361.60589599609375,39.234130859375,118.89410400390625,3.0838102702546166e-06
1710,0.0,175.9192352294922,15.197187423706055,54.05792236328125,6.102584848122206e-06
1710,527.575927734375,181.07403564453125,21.597412109375,51.9263916015625,0.0001425395894329995
1710,610.8910522460938,408.2696533203125,29.60894775390625,72.2303466796875,3.8051557567087e-06
1710,600.1478271484375,360.9068603515625,40.3521728515625,119.5931396484375,7.44585167922196e-06
1740,627.3644409179688,147.44891357421875,13.13555908203125,50.80255126953125,0.00012098096340196207
1740,558.914306640625,160.66441345214844,25.469970703125,57.047271728515625,0.00016866304213181138
1740,623.6027221679688,149.3134765625,16.89727783203125,74.175537109375,1.6187303117476404e-05
1740,409.8670654296875,167.05577087402344,23.65130615234375,55.437164306640625,1.1758048458432313e-05
1740,417.4056091308594,166.39845275878906,23.56982421875,55.238128662109375,2.2551337679033168e-05
1740,423.2937927246094,175.9277801513672,22.1861572265625,52.63861083984375,0.00015032610099297017
1740,553.44140625,171.82469177246094,21.9290771484375,53.1240234375,1.7614782336750068e-05
1740,64.04241943359375,192.69381713867188,21.664413452148438,51.2979736328125,2.346589826629497e-05
1770,0.0,82.93354034423828,21.47887420654297,51.47870635986328,0.00017839865176938474
1770,6.896391868591309,83.90895080566406,21.936912536621094,52.527191162109375,3.341354749863967e-05
1770,0.0,92.542236328125,17.341907501220703,64.80825805664062,4.544111106952187e-06
1770,0.0,72.97349548339844,23.79619598388672,101.81991577148438,1.961049383680802e-05
1770,602.2747192382812,136.68296813964844,22.2918701171875,52.991058349609375,0.0006300596287474036
1770,613.7086181640625,133.95697021484375,26.7913818359375,64.74176025390625,6.202416898304364e-06
1770,605.5199584960938,141.11715698242188,27.3890380859375,64.30380249023438,3.071821265621111e-05
1770,625.808837890625,143.90731811523438,14.691162109375,57.688140869140625,2.999651951540727e-05
1770,473.6974182128906,157.61656188964844,21.640869140625,51.1612548828125,0.000322476465953514
1770,480.7266540527344,157.19435119628906,22.25726318359375,52.2003173828125,0.009274403564631939
1770,610.7485961914062,117.21949005126953,29.75140380859375,128.57839965820312,2.331108225916978e-05
1770,485.5751953125,154.76901245117188,26.38226318359375,61.9722900390625,0.00019585072004701942
1770,601.2471923828125,145.74798583984375,36.357421875,86.53912353515625,0.0031142104417085648
1770,620.5523681640625,149.25369262695312,19.9476318359375,79.9583740234375,5.042150223744102e-05
1770,398.1875915527344,171.35081481933594,23.5330810546875,55.427001953125,8.352846634807065e-06
1770,465.6903991699219,162.93174743652344,22.25018310546875,52.289886474609375,0.00010942779044853523
1770,473.24090576171875,141.58514404296875,36.78131103515625,90.57223510742188,3.3212445487151854e-06
1770,392.7535400390625,181.97952270507812,22.39129638671875,52.347259521484375,0.00010401386680314317
1770,543.9304809570312,184.83949279785156,22.7073974609375,53.733795166015625,2.0638592104660347e-05
1770,579.484130859375,125.43738555908203,57.2288818359375,125.6833724975586,1.1284784022791428e-06
1770,607.2423095703125,166.22018432617188,25.430419921875,61.505279541015625,5.6234330259030685e-05
1770,592.9309692382812,98.08692169189453,47.56903076171875,219.1907958984375,1.2006165889033582e-05
1770,532.0079956054688,179.2313690185547,33.0260009765625,78.30030822753906,5.465438789542532e-06
1770,544.1679077148438,170.73837280273438,36.8782958984375,87.89419555664062,5.350816081772791e-06
1770,566.9314575195312,190.3240966796875,22.9783935546875,54.368896484375,1.9723196601262316e-05
1770,600.3239135742188,174.73655700683594,24.3843994140625,59.248687744140625,2.076634928016574e-06
1770,626.1528930664062,179.4522705078125,14.34710693359375,54.945587158203125,1.6591884559602477e-05
1770,485.85369873046875,162.88768005371094,40.5218505859375,101.52308654785156,3.2733030820963904e-05
1770,499.8757629394531,185.60189819335938,29.176483154296875,68.68707275390625,3.5045022741542198e-06
1770,550.4325561523438,194.30218505859375,25.7989501953125,58.6199951171875,0.0001179979371954687
1770,561.5701904296875,195.3596954345703,21.583740234375,52.8101806640625,6.783400749554858e-05
1770,592.868408203125,160.45733642578125,42.0592041015625,101.53213500976562,3.1248637242242694e-05
1770,614.7932739257812,178.29931640625,25.70672607421875,65.94607543945312,5.050432719144737e-06
1770,542.2090454101562,198.58758544921875,26.2384033203125,60.443756103515625,0.00016110030992422253
1770,494.94757080078125,197.38870239257812,26.90850830078125,64.94021606445312,7.7834352850914e-05
1770,491.5882873535156,209.9431610107422,21.555633544921875,52.92073059082031,4.397760221763747e-06
1770,555.2129516601562,196.1201934814453,31.505615234375,74.77287292480469,1.0226639460597653e-05
1770,566.0516357421875,203.83131408691406,26.735107421875,61.45326232910156,3.220799771952443e-05
1770,552.7183227539062,215.1175079345703,21.1983642578125,51.82963562011719,5.3977173593011685e-06
1800,0.0,149.8475341796875,15.258296966552734,51.362701416015625,2.0213081370457076e-05
1800,582.1705932617188,154.99188232421875,25.8526611328125,62.17022705078125,1.823458296712488e-05
1800,616.2341918945312,156.12838745117188,24.26580810546875,56.758453369140625,1.6754895113990642e-05
1800,0.0,137.534423828125,23.98455810546875,92.8880615234375,3.1772662623552606e-05
1800,0.4218168258666992,163.32017517089844,21.489273071289062,51.502899169921875,0.0006673834286630154
1800,610.3925170898438,162.2772979736328,22.9163818359375,53.687255859375,6.40824191577849e-06
1800,6.346658706665039,167.79457092285156,21.162601470947266,52.008941650390625,5.431074896478094e-05
1800,578.625,166.8867645263672,21.294921875,50.897308349609375,7.580284091091016e-06
1800,625.2843017578125,169.63084411621094,15.2156982421875,54.93450927734375,0.0001716055703582242
1800,565.2410278320312,52.82633972167969,75.25897216796875,327.7510986328125,3.7933257317490643e-06
1800,0.0,174.75291442871094,15.96583366394043,51.876556396484375,4.7396490117534995e-05
1800,591.324951171875,91.24553680419922,49.175048828125,242.65164184570312,4.792826530319871e-06
1800,0.0,186.29852294921875,21.009033203125,52.317718505859375,6.130987458163872e-06
1800,601.19189453125,361.26409912109375,39.30810546875,119.23590087890625,6.267962362471735e-06
