30,0.0,158.08035278320312,14.850234985351562,57.33941650390625,4.18595345763606e-06
60,513.5534057617188,181.45571899414062,21.5225830078125,51.805572509765625,1.140078529715538e-05
60,0.0,178.10984802246094,14.760717391967773,53.723114013671875,4.141109002375742e-06
60,506.9757385253906,184.01937866210938,21.172271728515625,50.783843994140625,3.7878742205066374e-06
90,1.9012489318847656,177.96112060546875,21.8951473236084,51.42156982421875,4.302705201553181e-05
90,6.8506927490234375,186.67291259765625,21.645713806152344,52.306854248046875,0.00015604976215399802
90,0.0,184.23658752441406,16.457353591918945,54.212493896484375,1.2946240531164221e-05
90,0.0,115.68611145019531,71.74577331542969,300.30902099609375,3.1944914553605486e-06
210,610.68408203125,409.7557373046875,29.81591796875,70.7442626953125,2.4264750209113117e-06
210,600.3204345703125,366.0510559082031,40.1795654296875,114.44894409179688,3.878259121847805e-06
240,423.38958740234375,150.20294189453125,25.75762939453125,60.546142578125,2.2341175281326286e-05
240,0.0,186.13552856445312,16.81494140625,51.04046630859375,2.4652275897096843e-05
240,0.0,99.8009033203125,61.49756622314453,316.271484375,3.6117005492997123e-06
300,391.8388977050781,159.032470703125,21.7091064453125,51.4808349609375,4.757658825838007e-05
300,399.0379333496094,157.43276977539062,22.59332275390625,53.7091064453125,2.6661427909857593e-06
300,7.00640869140625,178.34942626953125,21.627647399902344,51.723663330078125,1.9318545128044207e-06
300,0.0,180.00405883789062,15.868326187133789,53.694305419921875,0.00024520998704247177
300,0.0,161.4381561279297,23.03375816345215,91.99081420898438,7.199508218036499e-06
300,0.0,196.69688415527344,14.010614395141602,52.26641845703125,5.363773198041599e-06
330,424.32763671875,155.42617797851562,22.7930908203125,52.21990966796875,2.883401066355873e-05
330,430.7539978027344,163.72483825683594,22.091552734375,51.997802734375,0.00010836643923539668
330,438.0390930175781,162.40367126464844,20.84442138671875,51.06512451171875,3.798683337663533e-06
330,0.0,193.03030395507812,15.035579681396484,53.14111328125,2.8026493964716792e-05
360,456.4219970703125,168.68002319335938,22.61590576171875,51.945526123046875,6.914873665664345e-05
360,462.9997863769531,174.66757202148438,21.77960205078125,51.147491455078125,4.864504444412887e-05
360,627.8892211914062,185.45806884765625,12.61077880859375,50.98590087890625,3.7282175071595702e-06
360,0.0,193.11187744140625,15.26936149597168,51.6998291015625,1.8422200810164213e-05
390,601.7496948242188,55.70098876953125,22.1553955078125,53.26936340332031,0.0008979192352853715
390,606.9271850585938,58.295692443847656,24.9305419921875,57.47450256347656,2.4883984224288724e-05
390,606.4353637695312,150.2257843017578,26.0150146484375,59.69866943359375,8.918508683564141e-06
390,627.5393676757812,146.87413024902344,12.96063232421875,51.434600830078125,4.313432327762712e-06
390,590.4382934570312,156.15103149414062,30.05078125,71.1837158203125,3.5594111977843568e-06
390,594.1735229492188,166.22430419921875,21.1663818359375,50.517791748046875,3.900844603776932e-05
390,601.9803466796875,165.51681518554688,21.4166259765625,51.7227783203125,0.00043946487130597234
390,597.4176025390625,145.78219604492188,37.4315185546875,88.49142456054688,7.1020240284269676e-06
390,529.3554077148438,173.8778533935547,25.8739013671875,62.053192138671875,1.0711296454246622e-06
390,549.2451171875,173.7261962890625,26.59716796875,62.592620849609375,9.410984603164252e-06
390,1.6601085662841797,179.29855346679688,21.660051345825195,52.041259765625,3.1715910608909326e-06
390,9.112261772155762,180.4154815673828,21.387989044189453,51.54510498046875,2.727702485572081e-05
390,544.6376342773438,184.5816192626953,22.1158447265625,51.982330322265625,0.00044725293992087245
390,535.5723876953125,170.0062713623047,34.8341064453125,81.86386108398438,2.90149273496354e-06
390,606.9588623046875,171.36627197265625,23.3939208984375,55.290802001953125,8.841421367833391e-05
390,0.0,183.84251403808594,14.357843399047852,53.081939697265625,2.005314854613971e-05
390,16.31790542602539,183.3334503173828,21.173870086669922,51.29052734375,2.6186644390691072e-05
390,538.3232421875,190.515380859375,22.7003173828125,54.407989501953125,0.5597442388534546
390,473.2921447753906,122.35275268554688,127.77023315429688,287.07354736328125,1.92366428564128e-06
390,532.5160522460938,195.64036560058594,21.273681640625,50.505157470703125,0.0038636501412838697
390,551.1881103515625,192.74058532714844,21.2760009765625,51.834197998046875,2.0565032173180953e-05
420,627.1903076171875,35.480445861816406,13.3096923828125,54.56269073486328,1.6419866369687952e-05
420,417.67333984375,163.18704223632812,21.2244873046875,50.622589111328125,5.536227035918273e-06
420,7.214007377624512,175.21725463867188,21.383834838867188,51.992462158203125,0.0005108978948555887
420,0.0,178.07447814941406,16.20758819580078,51.426300048828125,9.989125101128593e-05
420,0.0,105.24537658691406,61.450687408447266,307.98272705078125,3.7119477838132298e-06
450,231.26251220703125,161.9860076904297,22.0675048828125,51.098724365234375,0.0012971070827916265
480,610.6926879882812,0.0,29.80731201171875,63.32594299316406,5.183072175896086e-07
480,594.368408203125,0.0,46.131591796875,118.4582290649414,2.3630727810086682e-06
480,433.2098693847656,162.52999877929688,22.18017578125,53.18817138671875,2.8815393307013437e-06
480,231.91647338867188,157.4689178466797,22.083404541015625,51.601470947265625,0.002722725970670581
480,239.0979461669922,161.95005798339844,23.310287475585938,55.454132080078125,5.841349775437266e-06
510,473.1571960449219,161.92184448242188,20.9576416015625,51.268585205078125,3.2211828511208296e-06
510,6.787301063537598,159.50425720214844,23.723453521728516,55.807525634765625,5.6578315707156435e-05
510,456.8147277832031,167.33224487304688,21.1107177734375,50.95458984375,0.00010547411511652172
510,0.0,168.36415100097656,13.91134262084961,51.365814208984375,8.042009540076833e-06
510,465.29833984375,169.1237335205078,21.2154541015625,50.93914794921875,2.1847266907570884e-05
510,0.9309005737304688,169.19161987304688,23.898008346557617,55.03204345703125,7.868554348533507e-06
540,609.9035034179688,185.18563842773438,21.17822265625,51.397216796875,1.4045252100913785e-05
540,618.7693481445312,165.10128784179688,21.73065185546875,92.46426391601562,4.779699338541832e-06
540,615.9397583007812,192.81631469726562,22.7252197265625,54.088653564453125,0.0002629127411637455
540,625.801025390625,193.95498657226562,14.698974609375,51.835235595703125,7.829663809388876e-05
570,466.1011047363281,163.009765625,21.49603271484375,51.455413818359375,1.9431888631515903e-06
570,473.383056640625,163.1851806640625,22.76324462890625,52.718170166015625,1.852855166362133e-05
570,481.0105285644531,163.79287719726562,22.66741943359375,53.8375244140625,0.00011121571878902614
570,512.4036865234375,159.0354766845703,21.390869140625,51.00836181640625,5.569180302700261e-06
570,82.39793395996094,168.9246826171875,22.400115966796875,53.10467529296875,4.017116680188337e-06
570,0.0,170.01821899414062,15.048954963684082,54.796142578125,5.1691299631784204e-06
570,81.5863037109375,154.07867431640625,37.97831726074219,85.3636474609375,1.0314400924471556e-06
570,13.730796813964844,94.79345703125,144.66213989257812,303.19415283203125,5.277715899865143e-06
570,487.99346923828125,168.84519958496094,22.1990966796875,52.087982177734375,1.7197591660078615e-05
570,496.4805908203125,166.33673095703125,21.4359130859375,51.095977783203125,3.0975809295341605e-06
570,89.93407440185547,176.24464416503906,21.875595092773438,50.557281494140625,0.05204663425683975
600,121.60450744628906,164.7014923095703,22.2015380859375,54.294952392578125,2.169894969483721e-06
600,214.11898803710938,151.96505737304688,23.86553955078125,55.51495361328125,6.619887244596612e-06
600,401.28497314453125,154.4618682861328,22.5860595703125,52.00732421875,3.2844297948031453e-06
600,209.70912170410156,159.2494659423828,20.92095947265625,51.034698486328125,1.6327272533089854e-05
600,0.0,170.35694885253906,14.819585800170898,54.055633544921875,6.392921477527125e-06
600,70.43037414550781,169.9091033935547,22.120697021484375,52.186187744140625,1.6514627532160375e-06
600,64.27569580078125,174.38961791992188,21.770858764648438,51.507781982421875,2.1448751795105636e-05
630,405.1125793457031,139.44015502929688,24.71929931640625,57.587554931640625,2.5631195512687555e-06
630,388.5784912109375,135.75241088867188,32.51861572265625,76.51016235351562,2.989615722981398e-06
630,400.4190673828125,148.73797607421875,21.629150390625,51.600006103515625,0.012840625829994678
630,393.79833984375,150.43116760253906,21.731689453125,52.11279296875,0.2475353330373764
630,386.29901123046875,155.31883239746094,22.083984375,51.31695556640625,0.025069709867239
630,496.4488830566406,161.86138916015625,21.018096923828125,50.517791748046875,0.00033286245889030397
630,40.20375442504883,169.44171142578125,21.702430725097656,50.5928955078125,1.0854721040232107e-05
630,379.158935546875,162.71022033691406,22.765380859375,55.717987060546875,7.074789209582377e-06
630,392.29522705078125,166.05886840820312,21.21026611328125,52.517303466796875,3.4986585433216533e-06
660,383.6380920410156,128.34776306152344,26.47235107421875,62.14654541015625,1.9134535250486806e-05
660,378.40997314453125,136.2806396484375,21.5523681640625,50.576690673828125,1.07816676973016e-05
660,397.39373779296875,139.34466552734375,21.88714599609375,51.682342529296875,7.1385570663551334e-06
660,10.410562515258789,152.4776153564453,22.823087692260742,56.265380859375,3.503034804452909e-07
660,17.7410888671875,155.53311157226562,22.772308349609375,55.60723876953125,1.3620175423056935e-06
660,391.75982666015625,145.54019165039062,21.82928466796875,51.750244140625,0.030987799167633057
660,0.0,75.73738098144531,87.4229507446289,307.35003662109375,4.150487711740425e-06
660,379.2103576660156,154.01686096191406,23.4735107421875,56.676727294921875,1.85307435458526e-05
660,387.0588684082031,153.1737518310547,20.994384765625,50.821258544921875,0.005165887530893087
660,0.0,168.3238983154297,16.218738555908203,56.555938720703125,1.1263624401181005e-05
660,3.0722217559814453,169.40060424804688,21.949918746948242,52.25286865234375,6.304586713667959e-05
660,10.28986644744873,171.88099670410156,21.141040802001953,51.179443359375,0.0003385209711268544
660,23.477157592773438,168.08880615234375,20.95757293701172,51.257598876953125,2.18844670598628e-05
660,610.1663208007812,404.4154968261719,30.33367919921875,76.08450317382812,5.128688371769385e-06
660,601.028076171875,361.5003356933594,39.471923828125,118.99966430664062,4.845878265768988e-06
690,390.11334228515625,132.00816345214844,22.692138671875,54.205780029296875,0.0006335470243357122
690,383.28955078125,123.18525695800781,35.29290771484375,83.19342041015625,6.635968020418659e-06
690,379.63897705078125,137.77267456054688,22.423095703125,52.492828369140625,6.882414891151711e-05
690,180.39227294921875,138.83108520507812,20.915771484375,50.52227783203125,1.1073960877183708e-06
690,186.33206176757812,138.40643310546875,23.691436767578125,55.226654052734375,0.0009654900059103966
690,9.042198181152344,156.17257690429688,21.956016540527344,53.5491943359375,2.1359726360969944e-06
690,386.4467468261719,143.25811767578125,22.122314453125,53.379791259765625,0.16080230474472046
690,397.31524658203125,143.9265899658203,21.482177734375,51.918914794921875,4.302241450204747e-06
690,539.145751953125,152.78855895996094,21.9228515625,51.6043701171875,5.326816244632937e-05
690,521.15234375,158.92027282714844,21.345947265625,50.643157958984375,6.625381956837373e-06
690,0.0,163.23158264160156,15.042461395263672,52.0791015625,0.0002219661691924557
690,0.0,117.80793762207031,30.37900733947754,130.85958862304688,7.267774435604224e-06
690,0.0,79.31806945800781,63.78123474121094,307.100341796875,1.138025527325226e-05
690,0.0,157.11148071289062,26.679580688476562,67.53509521484375,7.214724519144511e-06
690,181.4513702392578,142.751708984375,33.116180419921875,76.98855590820312,4.0465470192430075e-06
690,380.7767639160156,147.20066833496094,30.71484375,72.41165161132812,9.59912285907194e-05
690,390.8080749511719,158.685546875,22.4093017578125,53.383056640625,5.446223894978175e-06
690,544.6553955078125,160.5838623046875,21.396728515625,50.67425537109375,8.850692393025383e-05
690,619.6517944335938,424.333251953125,20.84820556640625,56.166748046875,2.928938329205266e-06
690,610.0904541015625,403.9910888671875,30.4095458984375,76.5089111328125,5.0833396016969346e-06
690,600.7276611328125,360.4346618652344,39.7723388671875,120.06533813476562,3.347536221554037e-06
690,581.7320556640625,318.37615966796875,58.7679443359375,162.12384033203125,5.8685423027782235e-06
720,7.85936164855957,154.96913146972656,23.356075286865234,56.785369873046875,9.794093784876168e-07
720,386.9592590332031,145.99758911132812,22.74957275390625,53.151092529296875,0.0001988929434446618
720,527.9890747070312,149.53297424316406,23.912109375,55.972930908203125,1.9378518118173815e-05
720,544.0362548828125,153.4667205810547,21.7802734375,51.76654052734375,7.294686656678095e-05
720,379.8406982421875,150.0780487060547,22.62640380859375,53.570526123046875,3.296225258964114e-06
720,521.5924682617188,157.60128784179688,22.086181640625,51.029998779296875,5.9825420066772494e-06
720,0.0,164.7923126220703,14.283273696899414,51.568389892578125,0.0003582982753869146
720,0.0,115.55416107177734,29.529430389404297,128.95111083984375,3.4596951081766747e-06
720,0.0,82.88180541992188,64.12411499023438,307.33929443359375,1.438258641428547e-05
720,0.0,158.8334503173828,26.312946319580078,65.31405639648438,7.702078619331587e-06
720,15.33745002746582,162.6121368408203,20.714277267456055,50.95428466796875,3.445667573487299e-07
720,385.6065979003906,161.82106018066406,23.95513916015625,56.656158447265625,1.2147099369030911e-05
720,610.0291137695312,404.70526123046875,30.47088623046875,75.79473876953125,2.9942611945443787e-06
720,600.72900390625,360.14190673828125,39.77099609375,120.35809326171875,8.059313586272765e-06
720,580.4041137695312,320.3844909667969,60.09588623046875,160.11550903320312,5.433534170151688e-06
750,183.1369171142578,142.837646484375,21.6075439453125,51.0355224609375,0.0002992580702994019
750,488.89190673828125,158.33509826660156,21.09515380859375,51.683441162109375,2.3184293240774423e-05
750,1.6848821640014648,163.8288116455078,21.72534942626953,52.079681396484375,3.428182390052825e-05
750,385.697265625,151.11083984375,22.86859130859375,53.092559814453125,1.3779316532236408e-06
750,520.4219360351562,159.06808471679688,22.1468505859375,52.713226318359375,4.048152732138988e-06
750,4.357992172241211,161.4906463623047,28.111343383789062,65.15994262695312,1.6447339703518082e-06
750,495.3249816894531,163.93043518066406,20.955413818359375,51.46759033203125,5.68094492336968e-06
750,540.5555419921875,165.32923889160156,21.1883544921875,51.35418701171875,2.6513871489441954e-05
750,0.0,169.9373321533203,15.888311386108398,51.186553955078125,0.00022604846162721515
750,0.0,123.22698211669922,31.88943099975586,129.091796875,6.676587872789241e-06
750,0.0,92.14718627929688,67.17524719238281,309.8015441894531,2.0520737962215208e-05
750,179.08871459960938,151.28216552734375,32.849517822265625,79.03530883789062,2.156960908905603e-05
750,601.6699829101562,358.3542175292969,38.83001708984375,122.14578247070312,4.8683023123885505e-06
750,581.6983032226562,318.801513671875,58.80169677734375,161.698486328125,2.275196948176017e-06
780,386.2274169921875,154.0795135498047,22.76654052734375,53.015869140625,6.01981082581915e-06
780,489.0841979980469,164.05259704589844,20.587158203125,50.8231201171875,4.270876161172055e-05
780,528.2922973632812,158.6699981689453,23.303466796875,55.24090576171875,5.227722795098089e-06
780,1.1730871200561523,169.37464904785156,21.503467559814453,51.7276611328125,1.65097153512761e-05
780,521.4340209960938,165.9528350830078,22.197021484375,51.62164306640625,5.4403058129537385e-06
780,538.81982421875,164.85540771484375,21.9012451171875,52.354217529296875,1.144221914728405e-05
780,0.0,95.33143615722656,65.52493286132812,306.90631103515625,1.3701893294637557e-05
780,0.0,176.04541015625,15.530232429504395,53.210235595703125,0.00022107652330305427
780,0.0,130.832763671875,30.0504093170166,130.9959716796875,8.336183782375883e-06
780,7.312564849853516,174.79905700683594,21.203563690185547,50.57659912109375,3.571379920686013e-06
780,0.0,182.94451904296875,22.807470321655273,60.5721435546875,9.236814548785333e-06
780,0.0,194.92434692382812,15.986601829528809,59.084014892578125,3.2191776426770957e-06
780,601.9483032226562,360.5645751953125,38.55169677734375,119.9354248046875,6.774720986868488e-06
810,489.3818359375,166.15408325195312,20.9046630859375,51.38153076171875,3.3792457543313503e-06
810,386.0816345214844,159.6041717529297,22.50030517578125,52.8709716796875,7.664560826015077e-07
810,529.0459594726562,164.05233764648438,22.6590576171875,53.494049072265625,8.876313586370088e-06
810,538.7727661132812,165.93263244628906,22.3211669921875,52.407379150390625,7.954395550768822e-05
810,521.7815551757812,171.41770935058594,21.998291015625,51.844146728515625,2.0632708128687227e-06
810,0.0,175.69525146484375,15.249695777893066,57.046875,4.2481347009015735e-06
810,0.0,155.92898559570312,22.982698440551758,100.89825439453125,4.3152799662493635e-06
810,544.6862182617188,177.78797912597656,21.7353515625,51.0311279296875,4.5953962398925796e-05
810,601.5510864257812,362.63616943359375,38.94891357421875,117.86383056640625,6.794014552724548e-06
840,489.134765625,165.17433166503906,21.99835205078125,53.918212890625,1.2622513168025762e-05
840,537.0130004882812,160.02452087402344,24.3768310546875,58.076995849609375,6.885710172355175e-05
840,528.8267822265625,165.36508178710938,22.9752197265625,54.169952392578125,1.836778574215714e-05
840,543.8626708984375,170.18576049804688,21.4134521484375,51.242218017578125,0.0010215031215921044
840,181.81317138671875,162.50814819335938,26.217193603515625,62.327484130859375,5.611137112282449e-06
840,385.679931640625,166.9508514404297,21.643798828125,50.758056640625,2.698347088880837e-06
840,495.2353820800781,172.66082763671875,21.108367919921875,51.389404296875,2.2795211407355964e-06
840,522.2869262695312,172.3485107421875,22.036376953125,51.626708984375,3.4682348086789716e-06
840,0.11183929443359375,181.13153076171875,22.843673706054688,53.161468505859375,1.2684297871601302e-05
840,0.0,191.86569213867188,14.1646728515625,50.756866455078125,3.3586955396458507e-05
840,8.49914264678955,190.7516632080078,20.955440521240234,50.630615234375,9.992610102926847e-06
840,610.371826171875,405.53314208984375,30.128173828125,74.96685791015625,2.0408417640283005e-06
840,600.6141357421875,363.55615234375,39.8858642578125,116.94384765625,8.272811101051047e-06
870,377.55096435546875,151.85987854003906,24.45452880859375,57.642486572265625,3.619517428887775e-06
870,0.3252420425415039,169.25782775878906,23.75006866455078,56.523590087890625,2.555212176957866e-06
870,384.879638671875,164.326416015625,21.53125,51.060760498046875,1.1773342521337327e-05
870,544.0645141601562,170.13218688964844,21.4962158203125,51.791656494140625,1.3693259461433627e-05
870,7.825606346130371,175.8395233154297,21.438865661621094,51.816375732421875,2.68206372311397e-06
870,182.68736267089844,163.2100830078125,25.677642822265625,60.722564697265625,1.807394824027142e-06
870,390.9462890625,167.50057983398438,21.74713134765625,51.90838623046875,1.6801831179691362e-06
870,0.0,179.41458129882812,15.024685859680176,51.7520751953125,4.675971285905689e-05
870,0.0,102.33262634277344,63.73955154418945,307.8861083984375,7.0341939135687426e-06
870,379.24249267578125,173.60659790039062,22.34967041015625,53.433258056640625,4.874820206168806e-06
870,384.3419494628906,177.29136657714844,24.037353515625,57.3828125,6.8439057940850034e-06
870,0.0,196.69705200195312,13.559826850891113,51.067169189453125,1.8179933931605774e-06
870,610.5353393554688,406.16143798828125,29.96466064453125,74.33856201171875,2.650647275004303e-06
870,600.6435546875,364.5395812988281,39.8564453125,115.96041870117188,1.168336075352272e-05
900,383.2438049316406,159.8310089111328,24.21905517578125,56.960906982421875,1.1852630450448487e-05
900,1.1903934478759766,176.9265594482422,21.913110733032227,52.352813720703125,1.7856100384960882e-05
900,379.3759765625,170.56126403808594,21.5247802734375,50.53411865234375,4.965498646924971e-06
900,390.3815612792969,170.58120727539062,21.5621337890625,51.196319580078125,7.769285730319098e-06
900,539.3528442382812,173.8018035888672,21.9925537109375,52.4541015625,1.4328114048112184e-05
900,0.0,184.64889526367188,14.940361976623535,51.85491943359375,4.492002335609868e-05
900,0.0,99.20050048828125,63.15058898925781,313.8923645019531,5.007504114473704e-06
900,385.2526550292969,179.83750915527344,22.48687744140625,52.338653564453125,1.7247402865905315e-05
900,598.9130859375,363.9583740234375,41.5869140625,116.5416259765625,8.16374540590914e-06
930,376.96142578125,159.74267578125,24.6153564453125,58.53741455078125,1.0769059372250922e-05
930,390.1462097167969,164.41265869140625,23.187744140625,54.80194091796875,1.5684498748669284e-06
930,489.4813537597656,173.0115203857422,20.79852294921875,51.179168701171875,3.541087380654062e-06
930,0.2052602767944336,176.0242919921875,22.629226684570312,53.680816650390625,3.411896841498674e-06
930,384.3414001464844,171.17391967773438,21.90032958984375,51.8424072265625,0.00029780311160720885
930,539.0096435546875,174.3041229248047,21.7962646484375,52.050872802734375,2.6092393454746343e-05
930,8.197347640991211,180.25379943847656,21.13547134399414,51.216766357421875,3.156481227506447e-07
930,0.0,185.7960968017578,14.403868675231934,51.471649169921875,4.058780177729204e-05
930,378.59320068359375,179.18051147460938,23.1650390625,54.570465087890625,2.8314963856246322e-05
930,610.8133544921875,408.2467041015625,29.6866455078125,72.2532958984375,4.547202024696162e-06
930,598.389892578125,363.78057861328125,42.110107421875,116.71942138671875,6.890915301482892e-06
960,489.54437255859375,173.55218505859375,21.38525390625,52.452972412109375,3.078857480431907e-05
960,0.46971607208251953,177.62933349609375,22.920387268066406,54.517669677734375,1.150324987975182e-05
960,384.68426513671875,172.49267578125,21.6844482421875,51.184356689453125,2.199401569669135e-05
960,544.6573486328125,177.75668334960938,21.1324462890625,50.55841064453125,9.938938455889001e-05
960,7.910636901855469,182.7650909423828,20.957172393798828,51.04815673828125,5.314271675160853e-06
960,179.1666259765625,164.0125732421875,31.681915283203125,76.60296630859375,1.1024920240743086e-05
960,371.431640625,177.8989715576172,21.6875,50.703155517578125,5.937480182183208e-06
960,495.5368347167969,180.9022674560547,20.871063232421875,50.769775390625,7.0230071287369356e-06
960,0.0,186.50274658203125,15.157620429992676,51.464752197265625,0.0001377454900648445
960,0.0,138.40696716308594,30.429271697998047,130.99085998535156,3.810413772953325e-06
960,0.0,107.39277648925781,64.47759246826172,309.19989013671875,6.113722520240117e-06
960,377.5633544921875,180.69158935546875,22.3330078125,52.42822265625,1.107425669033546e-05
960,610.4859619140625,408.8506774902344,30.0140380859375,71.64932250976562,6.773383574909531e-06
960,598.4970703125,364.34588623046875,42.0029296875,116.15411376953125,5.573760063271038e-06
990,179.1627960205078,159.8277587890625,21.70684814453125,50.61834716796875,0.00024967777426354587
990,374.071533203125,160.40309143066406,29.35302734375,69.28860473632812,1.0720876161940396e-05
990,388.174072265625,159.79432678222656,25.365966796875,60.472991943359375,2.0007596504001413e-06
990,183.86317443847656,164.23521423339844,23.8399658203125,56.3299560546875,0.000824744172859937
990,489.51251220703125,174.69996643066406,20.99188232421875,51.01611328125,4.19207344748429e-06
990,383.5068664550781,171.36314392089844,22.39715576171875,53.198486328125,0.0012874704552814364
990,521.5584106445312,177.90110778808594,22.3702392578125,52.39923095703125,9.969098755391315e-06
990,528.4293823242188,174.79684448242188,22.63134765625,53.962982177734375,4.09914537158329e-06
990,540.13623046875,182.84132385253906,21.31005859375,51.374267578125,3.884169927914627e-05
990,0.0,187.500732421875,15.306254386901855,51.60009765625,0.00011517506936797872
990,0.0,161.61737060546875,22.57166290283203,95.90225219726562,1.4616800854128087e-06
990,0.0,110.69596862792969,62.74856948852539,308.4986572265625,4.852083748119185e-06
990,176.75076293945312,173.71449279785156,24.57989501953125,59.9765625,4.297817213227972e-06
990,181.43838500976562,166.3198699951172,32.44805908203125,78.33843994140625,0.0009951265528798103
990,191.6385498046875,170.4183349609375,31.77984619140625,78.43826293945312,1.058065754477866e-05
990,362.02154541015625,180.96900939941406,22.9434814453125,55.455841064453125,1.0214201893177233e-06
990,370.1434631347656,179.2349395751953,23.38702392578125,55.524658203125,5.4961186833679676e-05
990,541.7236328125,175.53799438476562,28.1063232421875,68.55099487304688,1.3678126151717152e-06
990,173.16796875,154.480224609375,47.8873291015625,110.33737182617188,3.9528504203190096e-06
990,378.0785217285156,184.57040405273438,20.417724609375,50.638916015625,5.654589585901704e-06
990,610.2423095703125,407.33221435546875,30.2576904296875,73.16778564453125,2.9423229079839075e-06
990,598.9327392578125,364.9737548828125,41.5672607421875,115.5262451171875,7.998946784937289e-06
990,576.5988159179688,323.31671142578125,63.90118408203125,157.18328857421875,3.0918051834305516e-06
1020,370.3775634765625,154.95834350585938,33.92364501953125,79.90997314453125,3.6786869372917863e-07
1020,179.3438720703125,165.6699981689453,21.969757080078125,52.656036376953125,0.001491527073085308
1020,188.39308166503906,165.81871032714844,24.56536865234375,57.2515869140625,4.3997442844556645e-06
1020,384.0718078613281,172.571533203125,21.88702392578125,51.34503173828125,0.0044090705923736095
1020,0.0,178.3486328125,25.1508731842041,68.28729248046875,1.7204803270942648e-06
1020,370.821044921875,176.88075256347656,21.95172119140625,51.71588134765625,2.2227861336432397e-05
1020,6.91756534576416,189.1487274169922,21.237274169921875,51.308441162109375,1.0338989341107663e-05
1020,178.15530395507812,167.14842224121094,31.9552001953125,76.22225952148438,1.1449926205386873e-05
1020,362.5273132324219,182.50680541992188,21.801513671875,52.223052978515625,5.7959859987022355e-06
1020,378.39080810546875,178.74765014648438,21.90435791015625,51.51336669921875,0.0003658413770608604
1020,390.5194396972656,176.27304077148438,21.233642578125,51.197021484375,2.4948262762336526e-06
1020,0.0,191.54747009277344,16.145658493041992,52.7025146484375,5.376313492888585e-05
1020,0.0,114.55891418457031,61.72993850708008,309.005859375,5.821062586619519e-06
1020,601.170654296875,360.15875244140625,39.329345703125,120.34124755859375,1.4265190202422673e-06
1050,392.65093994140625,152.05113220214844,31.55096435546875,74.82998657226562,1.4157850500851055e-06
1050,380.4942321777344,152.2906494140625,32.978515625,78.4991455078125,2.757584661594592e-05
1050,626.4406127929688,160.69979858398438,14.05938720703125,53.92047119140625,4.211218765703961e-06
1050,185.1625213623047,168.52169799804688,23.328460693359375,53.962158203125,7.299369462998584e-05
1050,377.4991455078125,170.1770782470703,22.45233154296875,53.493438720703125,0.11909051984548569
1050,324.75299072265625,125.73226928710938,124.80615234375,282.3603515625,6.649328042840352e-06
1050,390.3493957519531,167.38833618164062,23.5904541015625,56.181793212890625,0.8539633750915527
1050,371.00689697265625,175.03636169433594,22.20233154296875,52.14178466796875,0.003612964879721403
1050,370.3142395019531,157.33583068847656,35.06072998046875,82.86337280273438,1.2602105243786355e-06
1050,627.7904663085938,178.44699096679688,12.70953369140625,51.2301025390625,1.2242297998454887e-05
1050,0.0,183.907958984375,14.942132949829102,54.030609130859375,4.017906121589476e-06
1050,364.8487243652344,180.32081604003906,22.6346435546875,54.15545654296875,6.0033104091417044e-05
1050,385.48876953125,179.3463134765625,21.7210693359375,52.973602294921875,1.4139461200102232e-05
1050,610.3988037109375,407.740478515625,30.1011962890625,72.759521484375,5.2879076974932104e-06
1050,598.555908203125,365.62530517578125,41.944091796875,114.87469482421875,7.035394901322434e-06
1050,577.8665771484375,322.6064453125,62.6334228515625,157.8935546875,5.013950612919871e-06
1080,381.2502136230469,154.51087951660156,30.698486328125,72.41384887695312,3.2636851301504066e-06
1080,397.5768737792969,164.56080627441406,21.75457763671875,51.09722900390625,6.244991254789056e-06
1080,392.61883544921875,157.5464630126953,30.50250244140625,73.416259765625,2.3023544599709567e-06
1080,184.31008911132812,162.3185577392578,22.09796142578125,51.8221435546875,0.017280584201216698
1080,609.6580200195312,173.3596649169922,20.8687744140625,50.705169677734375,1.8047929188469425e-05
1080,610.600341796875,161.29615783691406,29.877685546875,68.9530029296875,6.2465160226565786e-06
1080,378.3470458984375,171.54896545410156,21.22772216796875,50.826812744140625,0.0009549601236358285
1080,386.2760009765625,172.34100341796875,21.181396484375,50.640380859375,0.006259287241846323
1080,184.7908477783203,161.2475128173828,31.139373779296875,75.46383666992188,3.838538304989925e-06
1080,370.4497985839844,178.45762634277344,21.75823974609375,51.123687744140625,9.351010521641001e-05
1080,392.81439208984375,173.91635131835938,21.61981201171875,50.87896728515625,0.0018747386056929827
1080,519.9776000976562,183.4498291015625,20.844482421875,50.680755615234375,4.295207327231765e-05
1080,605.0684814453125,181.0919647216797,20.85791015625,51.861602783203125,8.11952031654073e-06
1080,530.7863159179688,76.46952819824219,109.71368408203125,316.57177734375,1.0468834261700977e-05
1080,614.0475463867188,180.96734619140625,21.0809326171875,50.74884033203125,0.00032364591606892645
1080,0.0,185.54318237304688,15.255434036254883,55.324066162109375,3.639004353317432e-05
1080,184.29490661621094,179.50477600097656,22.178741455078125,53.784332275390625,5.851887635799358e-06
1080,364.2936706542969,181.53558349609375,21.95819091796875,52.7447509765625,2.996214789163787e-06
1080,626.2606811523438,180.47012329101562,14.23931884765625,54.194488525390625,3.988201206084341e-05
1080,608.3994750976562,189.17068481445312,25.376220703125,59.8363037109375,2.6461910238140263e-05
1080,627.5628662109375,199.39109802246094,12.9371337890625,51.09088134765625,1.0866559023270383e-05
1080,610.606201171875,406.60223388671875,29.893798828125,73.89776611328125,4.530584192252718e-06
1080,599.126220703125,365.8971862792969,41.373779296875,114.60281372070312,3.027306547664921e-06
1080,578.6202392578125,323.48052978515625,61.8797607421875,157.01947021484375,3.9876849768916145e-06
1110,176.79306030273438,163.84756469726562,22.832672119140625,53.30718994140625,0.7380158305168152
1110,378.26995849609375,157.79397583007812,32.20697021484375,76.8079833984375,5.7319448387715966e-05
1110,0.0,177.33306884765625,14.063376426696777,50.843719482421875,7.674716471228749e-06
1110,396.71441650390625,169.35659790039062,21.582763671875,52.97052001953125,0.0002130012580892071
1110,0.0,182.287109375,24.641944885253906,59.5614013671875,0.00023906333080958575
1110,0.0,163.60781860351562,34.49891662597656,89.11224365234375,6.075581950426567e-06
1110,378.0637512207031,174.4932098388672,21.837890625,51.88519287109375,0.498060405254364
1110,384.96881103515625,170.80047607421875,22.701416015625,54.607421875,0.6786681413650513
1110,515.0371704101562,168.22438049316406,35.21875,79.52432250976562,1.6170989738384378e-06
1110,7.762890815734863,194.11790466308594,21.355438232421875,50.753204345703125,0.005858535412698984
1110,13.42080020904541,188.80282592773438,23.162715911865234,55.212493896484375,2.0142271750955842e-05
1110,170.60348510742188,177.32601928710938,22.734954833984375,55.7703857421875,1.15382124477037e-06
1110,174.1352081298828,169.85858154296875,30.18603515625,70.06268310546875,0.00018855601956602186
1110,184.1783905029297,178.4004364013672,22.8216552734375,54.820098876953125,7.836125587346032e-05
1110,355.42047119140625,182.18035888671875,22.42022705078125,53.302398681640625,2.0452139324333984e-06
1110,362.3550720214844,180.54074096679688,21.72119140625,51.470245361328125,4.86857898067683e-05
1110,370.08013916015625,175.6558837890625,22.4005126953125,53.715087890625,0.003134363330900669
1110,518.1357421875,184.11878967285156,22.8323974609375,55.102508544921875,3.4445874916855246e-05
1110,459.41363525390625,124.06658935546875,134.6519775390625,284.93817138671875,5.604088528343709e-06
1110,525.5145263671875,184.2409210205078,21.4122314453125,51.329071044921875,0.03199639916419983
1110,532.4483642578125,181.64382934570312,22.221923828125,53.37457275390625,4.621954940375872e-05
1110,627.7045288085938,187.5817413330078,12.79547119140625,50.99615478515625,4.842588623432675e-06
1110,390.09747314453125,178.6875,23.30853271484375,56.60504150390625,0.00011461007670732215
1110,0.0,195.4872283935547,15.175071716308594,55.2161865234375,3.844569073407911e-05
1110,600.9911499023438,363.3398742675781,39.50885009765625,117.16012573242188,4.248552158969687e-06
1140,376.6824951171875,153.5992431640625,35.63934326171875,84.94866943359375,1.6000456525944173e-05
1140,378.1565856933594,163.41921997070312,22.44970703125,53.244171142578125,1.1336191164446063e-05
1140,168.125,163.7993621826172,24.516876220703125,57.737335205078125,2.266093906655442e-05
1140,529.9666137695312,172.54092407226562,23.296630859375,56.765350341796875,4.234474181430414e-05
1140,371.5787048339844,171.8921356201172,24.75457763671875,58.770599365234375,0.5078629851341248
1140,318.3568115234375,139.14625549316406,124.4681396484375,273.5435791015625,6.4300356825697236e-06
1140,382.9861145019531,170.1522979736328,25.03607177734375,60.121917724609375,0.9634459018707275
1140,397.1654052734375,173.64901733398438,21.53509521484375,52.14862060546875,3.239466605009511e-05
1140,529.1555786132812,166.09548950195312,36.998779296875,81.83953857421875,2.1227001525403466e-06
1140,465.1648254394531,98.9168701171875,140.80166625976562,298.01336669921875,3.951700819015969e-06
1140,361.5760192871094,177.5440673828125,21.968505859375,52.69622802734375,3.215744436602108e-05
1140,390.93408203125,178.01666259765625,21.93328857421875,51.4998779296875,0.04010848328471184
1140,525.8746948242188,185.30006408691406,21.5411376953125,52.597808837890625,1.4303553143690806e-05
1140,549.5352783203125,181.4936981201172,22.3194580078125,53.086212158203125,1.098392931453418e-05
1140,609.6484375,186.8688507080078,22.498291015625,53.00067138671875,6.71090629111859e-06
1140,0.0,192.23138427734375,14.102531433105469,54.382232666015625,1.4094523976382334e-05
1140,537.4082641601562,183.38650512695312,21.3309326171875,50.7542724609375,0.18593856692314148
1140,627.8236694335938,194.5263671875,12.67633056640625,51.2991943359375,1.2883108865935355e-05
1140,542.3792114257812,185.77268981933594,24.322998046875,59.123870849609375,2.217607107013464e-05
1140,627.6393432617188,217.0118408203125,12.86065673828125,50.9949951171875,2.969013621623162e-06
1140,619.51416015625,428.07415771484375,20.98583984375,52.42584228515625,6.7333307924855035e-06
1140,610.0545654296875,408.2757873535156,30.4454345703125,72.22421264648438,6.694733656331664e-06
1140,597.6621704101562,364.6553955078125,42.83782958984375,115.8446044921875,1.050790524459444e-05
1170,155.01470947265625,155.6848907470703,21.95849609375,51.71392822265625,5.080974005977623e-06
1170,165.88522338867188,155.34417724609375,22.109649658203125,52.211761474609375,0.0180821530520916
1170,378.8428649902344,153.9453887939453,32.59063720703125,78.23001098632812,3.083345745835686e-06
1170,367.6019592285156,160.9402313232422,27.12884521484375,64.62652587890625,0.00012990231334697455
1170,388.7702331542969,167.83128356933594,22.19891357421875,52.686676025390625,2.1307792849256657e-05
1170,159.47120666503906,161.78082275390625,26.4827880859375,63.08856201171875,0.8436064124107361
1170,362.6078796386719,177.42442321777344,22.87506103515625,54.724700927734375,9.669464816397522e-06
1170,376.07769775390625,171.19361877441406,24.49786376953125,58.803558349609375,0.09693014621734619
1170,155.87721252441406,176.3907470703125,21.747100830078125,54.629486083984375,4.649528818845283e-06
1170,166.40594482421875,174.69606018066406,24.437103271484375,58.894073486328125,3.588146000765846e-06
1170,384.88360595703125,178.3905029296875,21.6483154296875,51.510345458984375,0.00041443598456680775
1170,627.9408569335938,184.8828125,12.55914306640625,56.578369140625,8.926456757762935e-06
1170,610.0462646484375,410.6158447265625,30.4537353515625,69.8841552734375,3.940967417292995e-06
1170,597.6595458984375,365.9603576660156,42.8404541015625,114.53964233398438,7.508014732593438e-06
1200,397.96319580078125,162.3110809326172,24.38983154296875,58.13031005859375,9.301228601543698e-06
1200,377.7767639160156,170.76788330078125,22.2325439453125,53.568634033203125,1.7480540918768384e-05
1200,377.47003173828125,158.24490356445312,34.3853759765625,82.74151611328125,0.00436130678281188
1200,383.0025329589844,174.65673828125,24.6556396484375,57.8380126953125,0.001269111642614007
1200,391.6606750488281,171.95504760742188,24.6448974609375,57.23468017578125,0.2322601079940796
1200,159.84169006347656,165.62652587890625,26.91156005859375,64.10528564453125,0.0016564044635742903
1200,176.1644287109375,178.89630126953125,21.252838134765625,52.095733642578125,1.1051477486034855e-05
1200,406.28509521484375,176.60708618164062,20.25482177734375,50.85650634765625,1.0652482160367072e-05
1200,168.147705078125,178.19776916503906,22.695587158203125,53.367767333984375,0.0001342543982900679
1200,627.5814819335938,183.9352569580078,12.91851806640625,57.24835205078125,3.561129233276006e-06
1200,399.5332336425781,183.17715454101562,23.0323486328125,54.835357666015625,6.519866929011187e-06
1200,609.7045288085938,411.00506591796875,30.79547119140625,69.49493408203125,3.708840722538298e-06
1200,598.0330810546875,369.41815185546875,42.4669189453125,111.08184814453125,5.16876025358215e-06
1200,576.9171752929688,329.422607421875,63.58282470703125,151.077392578125,5.429240445664618e-06
1230,406.8349914550781,182.2698974609375,23.1676025390625,54.5303955078125,6.679313628410455e-06
1230,171.63014221191406,187.9130401611328,22.2513427734375,53.473663330078125,2.636586214066483e-05
1230,617.766845703125,185.72628784179688,21.5042724609375,50.93670654296875,3.872934030368924e-06
1230,627.748779296875,185.0583953857422,12.751220703125,52.212860107421875,1.640934897295665e-05
1230,610.81103515625,408.88861083984375,29.68896484375,71.61138916015625,4.637740858015604e-06
1230,598.7951049804688,366.5673522949219,41.70489501953125,113.93264770507812,4.972365331923356e-06
1230,578.0265502929688,328.78997802734375,62.47344970703125,151.71002197265625,5.061329375166679e-06
1260,424.78118896484375,185.3621063232422,21.65496826171875,51.83660888671875,3.534629740897799e-06
1260,616.2981567382812,168.17459106445312,24.20184326171875,67.92596435546875,1.4925834875612054e-05
1260,626.0701293945312,173.10101318359375,14.42987060546875,57.11260986328125,9.191356366500258e-05
1260,0.0,207.02163696289062,15.694504737854004,52.817596435546875,0.0010537399211898446
1260,0.0,189.40965270996094,21.78926658630371,87.98313903808594,1.0934732017631177e-05
1260,599.7774658203125,364.28521728515625,40.7225341796875,116.21478271484375,6.42294435238e-06
1290,142.7847900390625,143.8532257080078,25.10296630859375,59.26104736328125,1.1238388651690912e-05
1290,139.95321655273438,155.8606414794922,31.880279541015625,79.94400024414062,0.0009682936361059546
1290,627.4885864257812,185.74154663085938,13.01141357421875,50.9320068359375,4.848568551096832e-06
1290,15.585531234741211,192.65675354003906,23.666208267211914,53.92413330078125,1.2673148376052268e-05
1290,42.56048583984375,195.87820434570312,21.633331298828125,50.92828369140625,4.939579412166495e-06
1290,48.524513244628906,199.050537109375,21.65422821044922,52.90679931640625,1.399148277414497e-05
1320,126.49534606933594,139.39161682128906,23.92584228515625,55.580169677734375,5.044954377808608e-06
1320,124.24104309082031,145.66195678710938,32.2406005859375,76.75570678710938,0.26714617013931274
1320,129.92022705078125,160.0660858154297,21.83160400390625,52.35443115234375,8.062962297117338e-05
1320,461.8090515136719,176.3443603515625,29.9161376953125,70.38449096679688,1.3481610039889347e-05
1320,121.8860855102539,165.52633666992188,22.53618621826172,55.974853515625,3.3178424928337336e-05
1320,114.2512435913086,137.08807373046875,48.648231506347656,109.88601684570312,0.0006335838115774095
1320,134.31649780273438,166.19921875,24.145751953125,57.26007080078125,4.344039552961476e-06
1320,457.7381286621094,183.12127685546875,23.3702392578125,53.73785400390625,8.098924809019081e-06
1320,471.3066711425781,184.14138793945312,25.42547607421875,59.097381591796875,0.0012487272033467889
1320,467.21490478515625,188.02008056640625,20.79443359375,50.51824951171875,0.00011151922808494419
1320,486.5335693359375,187.6204833984375,21.83734130859375,52.480865478515625,1.4101649867370725e-05
1320,478.4866027832031,190.06893920898438,24.25592041015625,58.177581787109375,2.5767298211576417e-05
1350,597.2845458984375,0.0,43.2154541015625,119.67189025878906,2.1420476059574867e-06
1350,0.0,193.41070556640625,14.415105819702148,53.653167724609375,7.769618605379947e-06
1350,526.1511840820312,203.22134399414062,21.062744140625,51.182403564453125,7.793902113917284e-06
1380,595.70654296875,0.0,44.79345703125,125.3486557006836,1.1362329814801342e-06
1380,560.9259033203125,188.32968139648438,21.1412353515625,50.6658935546875,6.85678116951749e-07
1380,568.9368286132812,193.07168579101562,21.5706787109375,51.69952392578125,0.00026594262453727424
1380,0.0,191.84495544433594,14.560992240905762,53.837860107421875,3.3521557725180173e-06
1380,575.3184814453125,197.00868225097656,22.8695068359375,54.037628173828125,0.0002293149009346962
1380,615.34912109375,203.83407592773438,21.088623046875,50.933990478515625,7.209876002889359e-06
1380,583.322265625,198.39627075195312,23.9296875,57.60321044921875,2.2004155653121416e-06
1380,595.7149658203125,208.5405731201172,20.692626953125,50.63203430175781,1.2851988685724791e-05
1380,601.4136352539062,208.71246337890625,22.6405029296875,53.8157958984375,3.20421349897515e-05
1380,608.7418823242188,210.056884765625,22.256591796875,52.20892333984375,0.00014254896086640656
1380,625.2359008789062,212.59146118164062,15.26409912109375,54.848876953125,3.642309093265794e-05
1380,527.1012573242188,139.53526306152344,113.39874267578125,292.54998779296875,8.570856152800843e-06
1380,616.6624145507812,218.87338256835938,21.69384765625,51.636627197265625,7.635361544089392e-05
1380,598.012939453125,217.03472900390625,28.0838623046875,67.53115844726562,4.8722272367740516e-06
1380,627.4254150390625,230.00767517089844,13.0745849609375,52.10957336425781,3.1519737149210414e-06
1410,610.89013671875,0.0,29.60986328125,61.29861831665039,1.4498074278890272e-06
1410,595.262939453125,0.0,45.237060546875,127.46431732177734,2.4306789327965816e-06
1410,627.4634399414062,51.122718811035156,13.03656005859375,57.43705749511719,6.838601166236913e-06
1410,627.5565795898438,157.2112274169922,12.94342041015625,51.59039306640625,1.5919818906695582e-05
1410,623.3255004882812,158.3882598876953,17.17449951171875,77.48052978515625,1.2595985026564449e-05
1410,0.0,179.2706298828125,16.054824829101562,58.8775634765625,1.5802719417479238e-06
1410,2.0997753143310547,195.14425659179688,21.537532806396484,52.039581298828125,5.6778360885800794e-05
1410,618.2276611328125,167.0760955810547,22.2723388671875,100.72065734863281,3.0829367005935637e-06
1410,0.0,127.16969299316406,62.7375373840332,306.45697021484375,7.53585572965676e-06
1410,601.3756103515625,203.33401489257812,25.320556640625,59.086669921875,3.558664502634201e-06
1410,0.0,205.04791259765625,16.72858428955078,50.760284423828125,1.4830035979684908e-05
1410,609.2437744140625,215.84432983398438,21.8197021484375,51.904754638671875,0.00023444186081178486
1410,627.0399169921875,212.10098266601562,13.4600830078125,50.895111083984375,1.4209022083377931e-05
1410,593.956298828125,221.9002227783203,21.463134765625,52.75660705566406,1.550306933495449e-06
1410,602.5617065429688,224.08282470703125,22.428466796875,53.390350341796875,1.2881802149422583e-06
1410,615.7128295898438,219.83250427246094,23.0020751953125,53.92451477050781,1.076019907486625e-05
1410,627.6333618164062,232.2679901123047,12.86663818359375,50.69221496582031,2.4383402887906414e-06
1440,66.43682861328125,83.49990844726562,59.14117431640625,147.67498779296875,1.5280938896466978e-05
1440,60.875370025634766,116.17088317871094,46.2148551940918,112.61611938476562,0.852150022983551
1440,586.0496826171875,144.48719787597656,23.1063232421875,52.791259765625,0.0004518644418567419
1440,599.2742309570312,142.65966796875,23.6583251953125,56.27716064453125,8.305727533297613e-06
1440,45.03440475463867,124.12520599365234,41.938053131103516,105.82340240478516,2.0832696463912725e-05
1440,70.43034362792969,139.35804748535156,29.415847778320312,69.2901611328125,8.783399607636966e-06
1440,44.70356750488281,91.56524658203125,76.88020324707031,186.460693359375,2.3729782697046176e-05
1440,75.96202850341797,137.38330078125,37.18634033203125,90.32501220703125,0.0003768446040339768
1440,87.74110412597656,171.26622009277344,24.025360107421875,56.615020751953125,2.3769118797645206e-06
1440,0.0,183.83555603027344,15.065064430236816,56.778045654296875,1.4216559065971524e-05
1440,81.01148223876953,176.918701171875,23.195510864257812,56.6041259765625,1.7402709318048437e-06
1470,35.766273498535156,121.38671875,47.347923278808594,119.70355224609375,0.002857392653822899
1470,24.668624877929688,96.48275756835938,76.9285888671875,196.8282470703125,1.7694183043204248e-05
1470,394.7656555175781,173.12608337402344,22.76361083984375,54.67340087890625,1.019356318465725e-06
1470,404.6975402832031,170.94503784179688,28.3160400390625,68.91549682617188,6.601309451070847e-06
1470,626.1265258789062,167.09939575195312,14.37347412109375,61.4400634765625,3.41622180712875e-05
1470,618.0690307617188,155.427734375,22.43096923828125,99.93478393554688,1.3726154975302052e-05
1470,73.69169616699219,187.13796997070312,21.583724975585938,52.071319580078125,6.765951638953993e-07
1470,402.3669128417969,180.8053436279297,22.00836181640625,51.764739990234375,6.664155807811767e-05
1470,414.35186767578125,182.04928588867188,24.1209716796875,58.109710693359375,9.44070143304998e-06
1470,0.0,196.15975952148438,13.815317153930664,52.087310791015625,2.2504586013383232e-05
1500,0.0,92.40347290039062,24.71001625061035,104.98831176757812,3.938134796044324e-06
1500,411.3326416015625,170.68666076660156,23.003662109375,54.22784423828125,2.985868832183769e-06
1500,418.0242919921875,179.352783203125,21.6295166015625,50.8065185546875,0.9232993125915527
1500,348.9815673828125,107.02381896972656,140.569091796875,293.58221435546875,2.902046162489569e-06
1500,440.1990661621094,184.9854736328125,21.11700439453125,51.153228759765625,6.250013939279597e-06
1500,436.9462585449219,179.42576599121094,30.04583740234375,71.76547241210938,6.068402740311285e-07
1500,447.58056640625,184.93112182617188,23.78216552734375,56.161407470703125,7.311118679353967e-06
1500,0.0,113.34281921386719,57.988487243652344,314.2943115234375,1.0786578741317498e-06
1500,423.82666015625,184.17974853515625,22.56201171875,52.273193359375,0.00851078424602747
1500,432.5695495605469,187.87916564941406,21.8031005859375,51.855499267578125,1.8286689737578854e-05
1500,455.98944091796875,193.76255798339844,24.058349609375,55.72027587890625,9.56166422838578e-06
1500,464.5018615722656,192.5916748046875,23.79254150390625,55.18572998046875,4.208669452054892e-06
1500,486.9798278808594,193.71620178222656,24.2344970703125,57.220306396484375,8.438537975052895e-07
1500,0.0,202.85330200195312,15.909791946411133,52.24517822265625,1.3895555639464874e-05
1500,414.30078125,178.54296875,31.02081298828125,73.987060546875,5.336297363101039e-06
1500,470.9669494628906,196.20343017578125,24.31060791015625,58.02423095703125,5.516968940355582e-06
1500,478.5180969238281,197.8552703857422,24.89312744140625,57.700042724609375,1.2184980732854456e-05
1500,625.2838134765625,217.8111572265625,15.2161865234375,66.01931762695312,2.1539883618970634e-06
1500,617.1512451171875,193.2954559326172,23.3487548828125,102.37715148925781,6.500229574157856e-06
1530,626.9931640625,162.8217315673828,13.5068359375,59.94049072265625,4.140232704230584e-06
1530,74.50558471679688,182.2403106689453,22.291046142578125,53.675079345703125,1.2428742593328934e-05
1530,81.17257690429688,187.91183471679688,21.90679931640625,52.565948486328125,0.049608014523983
1530,73.85120391845703,171.1246337890625,33.67082214355469,77.48513793945312,7.013750746409642e-06
1530,420.8238525390625,184.5298614501953,22.17913818359375,52.105621337890625,2.168033279303927e-05
1530,465.3489990234375,184.16180419921875,21.92388916015625,52.50823974609375,2.99406183330575e-05
1530,15.279022216796875,116.71319580078125,134.2494659423828,291.97833251953125,5.488258921104716e-06
1530,428.69207763671875,185.08753967285156,22.8035888671875,54.59759521484375,0.9999953508377075
1530,367.03021240234375,121.40399169921875,130.9918212890625,288.73126220703125,9.560096259519923e-06
1530,424.9155578613281,169.41050720214844,35.2034912109375,81.98348999023438,6.311347533483058e-05
1530,436.2146301269531,185.36839294433594,22.3870849609375,53.95465087890625,0.00010022787319030613
1530,457.1278991699219,184.80502319335938,23.32464599609375,54.105682373046875,1.201066424982855e-06
1530,504.9610595703125,188.62081909179688,21.7154541015625,51.010833740234375,4.296464339859085e-06
1530,0.0,194.627197265625,13.920123100280762,52.24957275390625,1.1905283827218227e-05
1530,471.63836669921875,187.03965759277344,23.1904296875,53.92669677734375,9.619613592803944e-06
1530,513.0614013671875,192.62246704101562,21.197998046875,51.84991455078125,5.776127181889024e-06
1530,609.1583862304688,144.30801391601562,31.34161376953125,140.81826782226562,8.705984328116756e-06
1530,520.246337890625,198.11679077148438,21.1163330078125,51.476715087890625,2.077706540148938e-06
1530,591.7232055664062,152.37258911132812,48.77679443359375,233.24578857421875,2.4355480491067283e-05
1530,607.3151245117188,191.8478546142578,33.18487548828125,145.16368103027344,3.237211785744876e-05
1530,558.8096923828125,197.0604248046875,81.6903076171875,207.748779296875,0.00012480502482503653
1530,568.2252807617188,216.34591674804688,59.466064453125,139.86602783203125,0.0003565301885828376
1530,624.9300537109375,251.32186889648438,15.5699462890625,55.64202880859375,3.8615412449871656e-06
1530,595.7603149414062,239.1954803466797,44.1507568359375,107.16981506347656,0.00018044559692498296
1530,619.7813720703125,252.4346923828125,20.7186279296875,81.56158447265625,5.946957753621973e-05
1530,580.260498046875,251.2092742919922,41.1318359375,99.90657043457031,0.0017143836012110114
1530,605.4439697265625,269.24017333984375,26.33203125,61.49090576171875,2.046824010903947e-05
1530,625.4362182617188,271.3545227050781,15.06378173828125,55.26702880859375,2.7352774850442074e-05
1530,600.7069091796875,278.8233337402344,23.2457275390625,54.0885009765625,3.2869429560378194e-06
1530,593.5757446289062,267.5626220703125,32.638916015625,76.5220947265625,5.548173430725001e-05
1530,609.230712890625,268.9102783203125,31.269287109375,82.8641357421875,7.1077156462706625e-06
1530,624.1427612304688,288.5068359375,16.35723876953125,65.15289306640625,8.867683391144965e-06
1530,583.1510620117188,255.93316650390625,54.1590576171875,128.93341064453125,6.43062376184389e-05
1560,595.7883911132812,0.0,44.71160888671875,120.6877212524414,1.5473453913728008e-06
1560,445.1289978027344,24.4429931640625,55.978759765625,138.73043823242188,2.1662744984496385e-06
1560,627.4629516601562,60.10264587402344,13.03704833984375,51.681243896484375,5.848796718055382e-06
1560,454.13214111328125,57.90639114379883,40.4189453125,96.03733825683594,0.00011137353430967778
1560,468.2229309082031,51.607940673828125,39.51824951171875,94.28329467773438,9.119569767790381e-06
1560,461.6939697265625,69.15811920166016,29.09503173828125,66.9996566772461,8.455869647150394e-06
1560,527.6053466796875,171.03146362304688,26.0076904296875,60.88580322265625,0.00019695429364219308
1560,536.9559936523438,168.61892700195312,22.527587890625,53.35076904296875,1.024150424200343e-05
1560,0.0,181.06065368652344,16.36296844482422,58.30322265625,4.276585514162434e-06
1560,337.4102478027344,176.41891479492188,22.0604248046875,52.10858154296875,2.9434006592055084e-06
1560,466.7808837890625,161.2554168701172,44.91729736328125,101.37690734863281,2.546125506341923e-05
1560,539.2556762695312,174.300048828125,28.1229248046875,67.26739501953125,0.00011743825598387048
1560,534.8114624023438,147.10055541992188,46.2420654296875,115.40264892578125,7.114825280041259e-07
1560,557.35498046875,179.0979461669922,25.8482666015625,58.25506591796875,1.5566101865260862e-05
1560,626.9025268554688,177.326171875,13.59747314453125,57.83056640625,1.750107367115561e-05
1560,6.694135665893555,190.79644775390625,22.196563720703125,54.275238037109375,2.6272316972608678e-05
1560,468.01007080078125,179.27487182617188,28.2244873046875,65.87210083007812,0.0008176238625310361
1560,476.2726745605469,177.06234741210938,29.72601318359375,71.37942504882812,0.9999997615814209
1560,419.14202880859375,143.73316955566406,123.9390869140625,291.4647216796875,1.3415904504654463e-05
1560,489.459716796875,177.99163818359375,28.70623779296875,69.45062255859375,0.00010588295117486268
1560,501.0747985839844,176.48391723632812,28.879180908203125,66.0206298828125,9.89119871519506e-06
1560,510.7266540527344,176.19061279296875,30.120269775390625,70.3770751953125,0.00026820218772627413
1560,521.76220703125,182.78675842285156,23.5770263671875,55.4932861328125,1.2668013368966058e-05
1560,518.6128540039062,174.73399353027344,33.33984375,79.69400024414062,0.006721107754856348
1560,528.0628051757812,169.5445556640625,36.2523193359375,87.80740356445312,0.2757951319217682
1560,548.7385864257812,180.7613983154297,24.78271484375,59.383544921875,2.0751382180606015e-05
1560,618.5748901367188,187.37844848632812,21.92510986328125,52.87847900390625,2.0259219581930665e-06
1560,0.6034374237060547,199.32579040527344,22.08790397644043,52.257415771484375,0.00047765232739038765
1560,627.7931518554688,196.1611328125,12.70684814453125,57.576904296875,1.9265412447566632e-06
1560,545.3622436523438,199.38394165039062,21.608154296875,53.225494384765625,6.047660917829489e-06
1560,0.0,208.42445373535156,15.552702903747559,56.74070739746094,1.3807381947117392e-05
1560,535.7504272460938,197.7900848388672,24.9189453125,62.10920715332031,1.1094225556007586e-05
1590,542.13525390625,32.35898971557617,27.843994140625,66.33518981933594,2.008042429224588e-06
1590,531.9756469726562,21.772037506103516,41.695068359375,98.93833923339844,1.966317358892411e-05
1590,586.2805786132812,41.508949279785156,37.83544921875,89.5526351928711,0.0006410456844605505
1590,592.2966918945312,28.786972045898438,46.6754150390625,114.54563903808594,3.370538615854457e-05
1590,607.7674560546875,40.99924087524414,32.7325439453125,78.60765075683594,6.23017767793499e-05
1590,625.8839721679688,46.20423126220703,14.61602783203125,52.67005920410156,6.690623649774352e-06
1590,591.2217407226562,47.05921936035156,26.7412109375,62.89183044433594,2.9911851015640423e-05
1590,598.41064453125,46.32597351074219,29.5965576171875,71.38790893554688,0.0024215877056121826
1590,609.5494384765625,53.12283706665039,21.708984375,50.970027923583984,0.00038997805677354336
1590,605.38330078125,61.23917007446289,27.1417236328125,65.43815612792969,0.12504826486110687
1590,615.0037231445312,66.7825698852539,22.07763671875,53.21553039550781,0.00023762120690662414
1590,623.3869018554688,63.11246871948242,17.11309814453125,61.921756744384766,6.35040778433904e-05
1590,608.6722412109375,68.07272338867188,31.8277587890625,76.40065002441406,3.336677036713809e-05
1590,454.8985595703125,146.67141723632812,23.12640380859375,55.44580078125,8.76710400916636e-05
1590,392.22393798828125,177.47825622558594,21.2401123046875,50.856719970703125,0.00041385466465726495
1590,399.13861083984375,179.26971435546875,21.64471435546875,52.244537353515625,7.816662218829151e-06
1590,407.6073913574219,178.99703979492188,22.8094482421875,53.97296142578125,3.33105276695278e-06
1590,576.748779296875,152.3910675048828,63.751220703125,172.0962371826172,2.420005876047071e-05
1590,594.85986328125,183.96176147460938,20.3489990234375,51.146331787109375,1.2448365396267036e-06
1590,596.634521484375,182.56060791015625,30.02294921875,72.69235229492188,9.59083263296634e-06
1590,561.6849365234375,179.6856231689453,78.8150634765625,256.069580078125,3.2869775168364868e-06
1590,572.9137573242188,178.5997772216797,32.1568603515625,79.88172912597656,9.174726983474102e-06
1590,580.9859619140625,175.349365234375,37.5020751953125,92.48733520507812,0.0013030749978497624
1590,621.8270263671875,186.56103515625,18.6729736328125,70.19100952148438,2.2190626623341814e-05
1590,601.9728393554688,195.26097106933594,21.539794921875,50.79876708984375,6.305132501438493e-06
1590,588.6212158203125,171.5641632080078,45.095458984375,109.18330383300781,1.0
1590,610.3792114257812,178.8154296875,30.12078857421875,96.4249267578125,7.494835881516337e-05
1590,619.1424560546875,207.7489013671875,21.3575439453125,85.14712524414062,3.382479917490855e-06
1590,600.0941162109375,201.33555603027344,37.684326171875,91.27272033691406,1.032289037539158e-05
1620,554.8523559570312,133.06983947753906,21.759521484375,51.985748291015625,0.00043950387043878436
1620,548.6251220703125,133.69610595703125,31.6982421875,75.98312377929688,1.0498679330339655e-05
1620,0.0,170.26226806640625,16.149368286132812,52.973968505859375,4.904117304249667e-06
1620,84.05467224121094,173.0699920654297,21.176605224609375,50.60870361328125,0.0031508684623986483
1620,76.92976379394531,178.19757080078125,21.6513671875,50.80255126953125,1.1637223906291183e-05
1620,89.9653549194336,174.43617248535156,22.17327880859375,52.470703125,0.043233707547187805
1620,98.69136810302734,177.08145141601562,21.252685546875,50.56689453125,0.9258498549461365
1620,90.67878723144531,162.81619262695312,34.79267883300781,77.02890014648438,3.4207303542643785e-05
1650,618.9080200195312,66.43310546875,21.59197998046875,105.26499938964844,1.0479832781129517e-05
1650,628.2530517578125,102.35819244384766,12.2469482421875,50.932640075683594,4.790578259417089e-06
1650,624.2271728515625,110.08056640625,16.2728271484375,70.0135498046875,0.00017429571016691625
1650,616.0410766601562,100.71126556396484,24.45892333984375,103.88214874267578,0.0001202331914100796
1650,625.627197265625,148.99908447265625,14.872802734375,58.544921875,3.231558366678655e-06
1650,620.6648559570312,133.22415161132812,19.83514404296875,89.68408203125,1.672000507824123e-05
1650,591.517578125,82.61453247070312,48.982421875,220.827880859375,0.00010745454346761107
1650,19.334228515625,179.60794067382812,21.09845733642578,50.7947998046875,0.0001721580483717844
1650,31.715091705322266,178.64993286132812,21.692596435546875,50.864593505859375,4.47993261332158e-06
1650,424.8729248046875,167.46482849121094,21.86419677734375,51.311279296875,0.0007952653104439378
1650,432.2332763671875,166.207275390625,21.72161865234375,52.429656982421875,0.00014340515190269798
1650,447.9270935058594,166.40284729003906,21.22161865234375,52.04119873046875,3.465880217845552e-05
1650,608.271484375,114.34077453613281,32.228515625,143.6020965576172,3.2478870707564056e-05
1650,11.71833610534668,179.85211181640625,21.592309951782227,51.83197021484375,0.00014566813479177654
1650,409.15673828125,174.76220703125,23.59747314453125,54.85870361328125,1.7551196833665017e-06
1650,416.68426513671875,169.24742126464844,24.871337890625,58.6827392578125,0.0005215259152464569
1650,438.3844299316406,169.4732666015625,25.64849853515625,60.1400146484375,2.4273302187793888e-05
1650,625.5030517578125,173.49822998046875,14.9969482421875,64.433349609375,5.324701760400785e-06
1650,23.192188262939453,178.65016174316406,26.16144561767578,62.398468017578125,0.9880504012107849
1650,10.596797943115234,150.55149841308594,45.88201904296875,101.6300048828125,1.274215173907578e-05
1650,0.0,146.26058959960938,93.20478820800781,274.5184326171875,2.2544020339410054e-06
1650,37.92253112792969,183.23251342773438,20.56043243408203,50.59552001953125,1.7458813772464055e-06
1650,425.81884765625,163.08261108398438,31.5126953125,74.98568725585938,6.275283340073656e-06
1650,615.7421264648438,161.64614868164062,24.75787353515625,108.85113525390625,4.657244426198304e-05
1650,605.1082763671875,156.77420043945312,35.3917236328125,154.47821044921875,5.277357195154764e-05
1650,591.3961791992188,158.63243103027344,49.10382080078125,233.55445861816406,1.4051213838683907e-05
1680,596.7039184570312,0.0,43.79608154296875,122.69757843017578,1.3172502804081887e-06
1680,472.2333068847656,142.8494415283203,21.1177978515625,52.152496337890625,1.5977304883563193e-06
1680,467.7779541015625,145.88389587402344,31.83465576171875,76.98104858398438,1.3951498658570927e-05
1680,623.3722534179688,161.6869354248047,17.12774658203125,74.7528076171875,4.152070687268861e-06
1680,458.80743408203125,160.7242889404297,34.59033203125,81.45236206054688,2.019835164901451e-06
1680,416.94757080078125,181.75563049316406,24.07647705078125,57.1297607421875,6.297273102973122e-06
1680,425.936767578125,180.9626922607422,21.7908935546875,51.40826416015625,3.5719993320526555e-05
1680,432.9900207519531,180.42117309570312,21.81732177734375,51.54046630859375,1.801659891498275e-05
1680,439.0877990722656,178.072021484375,24.8455810546875,58.810882568359375,4.068782436661422e-05
1680,447.83587646484375,180.20889282226562,22.86016845703125,53.706451416015625,4.050767074659234e-06
1680,627.594970703125,185.8306121826172,12.905029296875,52.820220947265625,9.61236855800962e-06
1680,427.4723815917969,176.9239959716797,30.98236083984375,72.96798706054688,1.4600918802898377e-06
1680,625.8668212890625,197.86656188964844,14.6331787109375,61.82856750488281,1.2948031326232012e-05
1680,617.7236938476562,174.35821533203125,22.77630615234375,100.54306030273438,3.442226443439722e-06
1680,595.396240234375,128.56732177734375,45.103759765625,233.14907836914062,2.252717195005971e-06
1710,610.9736938476562,0.0,29.52630615234375,59.60589599609375,2.659735400811769e-06
1710,592.5697021484375,0.0,47.9302978515625,125.09009552001953,1.5174462532741018e-05
1710,0.0,155.9530792236328,15.431325912475586,57.4608154296875,7.90105332271196e-06
1710,0.0,140.81085205078125,22.883045196533203,99.67044067382812,1.9388833607081324e-05
1710,1.1673040390014648,170.55697631835938,22.094249725341797,52.688018798828125,0.00014949047181289643
1710,7.747194290161133,171.81317138671875,22.60824203491211,54.329803466796875,7.172991172410548e-05
1710,24.025747299194336,173.83819580078125,22.54094123840332,52.889984130859375,3.818623008555733e-05
1710,16.94134521484375,175.75672912597656,23.148170471191406,54.437530517578125,1.8166614609071985e-05
1710,30.07209014892578,177.83126831054688,22.673057556152344,53.484375,1.832519774325192e-05
1710,0.0,177.15933227539062,15.462259292602539,56.612579345703125,6.965131888136966e-06
1710,448.3688659667969,182.577392578125,22.94287109375,55.79241943359375,1.1635625924100168e-05
1710,455.5299072265625,185.15882873535156,23.3516845703125,54.97100830078125,1.5954664149830933e-06
1710,472.2451171875,185.50633239746094,21.27490234375,50.963104248046875,6.682797106805083e-07
1710,464.55938720703125,190.24655151367188,21.3927001953125,52.108306884765625,1.1676427220663754e-06
1740,0.0,153.76206970214844,15.142659187316895,54.013916015625,2.451616865073447e-06
1770,627.7606201171875,171.91006469726562,12.7393798828125,51.26202392578125,2.9716823064518394e-06
1770,336.8321533203125,178.32989501953125,21.064208984375,50.5791015625,8.578842312090273e-07
1800,352.9554748535156,160.869873046875,22.527099609375,53.486114501953125,0.0006599736516363919
1800,358.744384765625,167.29783630371094,22.1634521484375,52.934722900390625,0.9999817609786987
1800,292.0038146972656,117.26863098144531,131.8214111328125,276.308349609375,5.844353381689871e-06
1800,352.9629211425781,153.27691650390625,34.78094482421875,79.43795776367188,2.9316066502360627e-05
1800,374.90771484375,166.36561584472656,20.50164794921875,51.225006103515625,4.469759460334899e-06
1800,366.85662841796875,171.62342834472656,21.376708984375,51.135345458984375,0.0017468493897467852
1800,626.334228515625,174.0784149169922,14.165771484375,61.6368408203125,1.975664645215147e-06
1830,241.6057586669922,155.3322296142578,25.572921752929688,60.894134521484375,0.002449146704748273
1830,236.55165100097656,160.99818420410156,21.112777709960938,51.361602783203125,2.8229183612893394e-07
1830,249.40383911132812,160.38153076171875,25.4495849609375,60.816650390625,0.9999862909317017
1830,188.4318084716797,118.47380065917969,129.25245666503906,280.486328125,3.441454964558943e-06
1830,257.81292724609375,156.69837951660156,25.7276611328125,60.670654296875,0.0001971224119188264
1830,592.7808227539062,139.77076721191406,47.71917724609375,231.8707733154297,8.001387868716847e-06
1830,619.6726684570312,425.10089111328125,20.82733154296875,55.39910888671875,4.028146122436738e-06
1830,610.3679809570312,403.767578125,30.13201904296875,76.732421875,9.242735359293874e-06
1830,599.731201171875,362.1763000488281,40.768798828125,118.32369995117188,1.3207813935878221e-05
1830,580.349365234375,318.93280029296875,60.150634765625,161.56719970703125,3.650452754300204e-06
