30,0.0,169.581787109375,17.410171508789062,50.739349365234375,0.00018794949573930353
30,0.0,122.94108581542969,30.019262313842773,124.27838134765625,1.9907708974642446e-06
30,0.0,88.93402099609375,65.79100799560547,313.3629150390625,5.507343757926719e-06
30,0.0,162.18362426757812,27.54505157470703,67.89260864257812,2.0997689716750756e-05
30,601.8255615234375,360.55535888671875,38.6744384765625,119.94464111328125,4.55131021226407e-06
90,404.624267578125,152.87448120117188,21.377197265625,51.3077392578125,4.477089532883838e-05
90,411.68377685546875,153.3214569091797,22.09234619140625,53.210479736328125,0.10743841528892517
90,421.39178466796875,152.6900177001953,21.11309814453125,50.6754150390625,5.9532708291953895e-06
90,405.18829345703125,145.36390686035156,32.65484619140625,74.16818237304688,5.304505066305865e-06
120,432.4571228027344,151.39535522460938,23.77716064453125,55.568267822265625,1.9516799056873424e-06
120,424.7800598144531,155.03018188476562,22.50213623046875,52.189208984375,2.0823165414185496e-06
120,439.0477600097656,159.18243408203125,23.41156005859375,54.897216796875,2.594732904981356e-06
150,447.6489562988281,156.84771728515625,22.433837890625,53.68817138671875,0.0033199558965861797
150,490.1427001953125,158.39715576171875,22.00201416015625,51.248748779296875,1.3702742762689013e-05
180,104.46560668945312,148.88278198242188,21.02215576171875,50.865966796875,5.1423139666439965e-05
180,435.04876708984375,151.91941833496094,22.3768310546875,53.098175048828125,7.549903784820344e-06
180,447.5975036621094,156.52626037597656,22.27716064453125,52.56170654296875,2.769303864624817e-05
180,473.97357177734375,159.80197143554688,22.08746337890625,52.881805419921875,4.317083039495628e-06
180,488.113525390625,161.34490966796875,21.98199462890625,52.985870361328125,1.078397053788649e-05
180,441.74212646484375,160.68179321289062,20.569580078125,50.678680419921875,2.3303282432607375e-05
180,457.3376159667969,166.12356567382812,23.200927734375,54.43707275390625,9.457646115151874e-07
180,482.2940673828125,168.98086547851562,21.20367431640625,50.673187255859375,5.163395144336391e-06
180,585.2736206054688,171.4700164794922,22.2691650390625,53.690093994140625,8.478435483993962e-05
180,463.4794006347656,171.7157440185547,25.43682861328125,60.1336669921875,4.904720753984293e-06
180,472.573486328125,174.47610473632812,20.89556884765625,50.642791748046875,5.1931579037045594e-06
180,615.8838500976562,176.6126708984375,24.202880859375,56.880157470703125,3.064370275751571e-06
180,627.1519775390625,178.3365020751953,13.3480224609375,52.269287109375,9.92230161500629e-06
180,599.76025390625,361.8047790527344,40.73974609375,118.69522094726562,6.0269449022598565e-06
210,602.9969482421875,149.30650329589844,21.4383544921875,51.94635009765625,2.261598638142459e-05
210,451.905517578125,154.83949279785156,22.1009521484375,52.45318603515625,0.00026467355201020837
210,461.9659729003906,156.09866333007812,21.838623046875,52.592926025390625,0.07893576472997665
210,522.1886596679688,155.35821533203125,22.418212890625,54.005035400390625,4.513988642429467e-06
210,608.4200439453125,156.86288452148438,21.1541748046875,50.706512451171875,0.020387446507811546
210,216.94979858398438,150.75338745117188,23.0693359375,54.64788818359375,1.0639607353368774e-05
210,583.396240234375,158.25477600097656,21.81884765625,53.361785888671875,3.661561640910804e-05
210,619.0557861328125,137.341064453125,21.4442138671875,89.68527221679688,8.60600994201377e-06
210,0.0,162.1607208251953,15.716050148010254,55.92523193359375,8.548326150048524e-06
210,223.1678924560547,155.714599609375,23.33941650390625,55.282867431640625,2.1582015961030265e-06
210,278.56890869140625,162.92617797851562,25.26922607421875,58.71319580078125,0.0016765192849561572
210,450.24383544921875,141.87490844726562,36.55126953125,83.66940307617188,5.661262889589125e-07
210,388.1618347167969,106.26008605957031,137.94479370117188,274.3367919921875,2.2405181880458258e-05
210,445.785888671875,56.24822998046875,148.458740234375,322.4171447753906,2.784373464237433e-06
210,535.2416381835938,163.70596313476562,20.7811279296875,50.53582763671875,4.2972555093001574e-05
210,616.106201171875,158.3494110107422,22.38134765625,52.778167724609375,0.0014521932462230325
210,625.89111328125,160.0239715576172,14.60888671875,55.247802734375,0.001924302545376122
210,577.2771606445312,163.90847778320312,22.24462890625,52.785736083984375,0.00023805754608474672
210,606.9625244140625,162.7891387939453,27.51171875,67.76235961914062,1.3773885257251095e-05
210,534.902099609375,180.21591186523438,22.2562255859375,52.0338134765625,4.517877641774248e-06
210,599.8866577148438,363.9981689453125,40.61334228515625,116.5018310546875,7.359119081229437e-06
240,159.40771484375,66.21623229980469,21.05548095703125,50.912689208984375,0.0001468146510887891
240,467.1781921386719,155.29991149902344,22.7259521484375,54.165252685546875,0.0003162287757731974
240,474.0638122558594,159.6352996826172,21.81951904296875,52.197235107421875,0.964547872543335
240,466.27294921875,140.90057373046875,33.2073974609375,79.06326293945312,3.5645814477902604e-06
240,9.707708358764648,158.08721923828125,20.717304229736328,50.633880615234375,5.533393050427549e-06
240,521.6038818359375,160.67498779296875,22.609619140625,52.886077880859375,1.0910606761171948e-05
240,529.3057861328125,162.5940399169922,21.7398681640625,51.730621337890625,2.7949465220444836e-05
240,407.63348388671875,94.55233764648438,134.92413330078125,287.884765625,6.089155704103177e-06
240,485.7109375,158.74069213867188,21.528076171875,52.737579345703125,1.6212163245654665e-05
240,538.1732177734375,165.53057861328125,21.5521240234375,51.520294189453125,0.00010948914859909564
240,553.028076171875,164.60678100585938,20.5843505859375,50.532379150390625,1.2886623153463006e-05
240,578.5341796875,167.2059783935547,20.8035888671875,50.58599853515625,2.036766318269656e-06
240,0.0,169.69305419921875,14.643077850341797,52.445526123046875,6.0417005443014205e-06
240,273.3424377441406,169.48284912109375,21.7974853515625,51.26263427734375,9.571610280545428e-05
240,546.1744995117188,167.57443237304688,21.00244140625,50.55352783203125,9.431882062926888e-06
240,584.1032104492188,176.58370971679688,22.472900390625,54.08575439453125,2.694282193260733e-05
240,592.1524658203125,176.99176025390625,23.722900390625,56.664764404296875,4.429429736774182e-06
240,626.6488037109375,178.82180786132812,13.8511962890625,53.898193359375,5.6468561524525285e-06
240,611.4866333007812,134.32205200195312,29.01336669921875,135.0855712890625,4.435500159161165e-06
240,592.3955688476562,99.42340850830078,48.10443115234375,238.01620483398438,7.99630015535513e-06
240,625.3009643554688,193.7541961669922,15.19903564453125,61.439178466796875,2.4199158360715955e-05
240,618.6718139648438,180.06314086914062,21.82818603515625,93.9896240234375,1.7076914446079172e-05
240,627.3143920898438,216.2738800048828,13.18560791015625,52.00956726074219,0.0005334335146471858
240,575.149658203125,137.07496643066406,65.350341796875,290.35284423828125,1.8615957060319488e-06
240,0.0,346.50689697265625,55.64609146118164,133.99310302734375,1.4465921367445844e-06
240,600.470947265625,362.12957763671875,40.029052734375,118.37042236328125,4.529811121756211e-06
270,227.21060180664062,143.91824340820312,22.74176025390625,55.866607666015625,4.231036655255593e-06
270,609.5792846679688,151.93844604492188,23.644775390625,56.74072265625,2.9148855901439674e-05
270,627.1911010742188,150.5921630859375,13.30889892578125,50.5408935546875,2.417592804704327e-05
270,120.68408203125,158.01393127441406,22.4290771484375,53.411376953125,1.303611043113051e-06
270,278.7340087890625,159.3734588623047,23.00653076171875,53.54156494140625,0.0002933440264314413
270,483.3955993652344,160.8505859375,22.95355224609375,55.025177001953125,9.189840784529224e-05
270,618.4669799804688,136.74412536621094,22.03302001953125,97.41366577148438,4.753193024953362e-06
270,592.4130249023438,85.01570892333984,48.08697509765625,237.58566284179688,8.221373718697578e-06
270,0.0,161.2164764404297,15.246192932128906,54.195404052734375,5.117768523632549e-06
270,128.5307159423828,161.33389282226562,22.55126953125,52.7078857421875,2.5588531116227387e-06
270,218.58261108398438,160.99461364746094,22.621856689453125,55.975555419921875,1.1919814824068453e-05
270,231.27389526367188,160.0587158203125,21.580474853515625,51.0372314453125,0.0002745517704170197
270,491.6607971191406,168.6349639892578,21.390777587890625,50.96746826171875,0.9999879598617554
270,510.734375,166.74310302734375,21.828369140625,51.814239501953125,8.767071449256036e-06
270,544.8919067382812,164.422607421875,22.704345703125,52.796417236328125,3.4071915706590516e-06
270,552.9804077148438,166.03956604003906,22.6026611328125,53.483917236328125,7.110821115929866e-06
270,273.3106689453125,166.7539520263672,21.4095458984375,51.358856201171875,0.00452325027436018
270,428.09869384765625,117.75579833984375,132.85308837890625,272.7303771972656,2.393104068687535e-06
270,487.998046875,151.8607177734375,35.17901611328125,80.99209594726562,1.5526090919593116e-06
270,501.3614196777344,166.81593322753906,21.573760986328125,52.503082275390625,0.0001493780582677573
270,561.0117797851562,171.43528747558594,21.789306640625,51.334686279296875,7.375433142442489e-06
270,609.0087890625,169.9658203125,21.466064453125,50.747039794921875,0.0023732956033200026
270,614.0803833007812,166.21630859375,24.9986572265625,58.525726318359375,0.00011300397454760969
270,626.291015625,169.83734130859375,14.208984375,53.138946533203125,3.327262311358936e-05
270,224.6875457763672,165.16409301757812,25.157958984375,59.748260498046875,1.1305109183012974e-05
270,606.011962890625,171.55018615722656,29.7952880859375,71.86325073242188,2.194626722484827e-05
270,626.796142578125,188.02542114257812,13.703857421875,56.745147705078125,2.738802095336723e-06
270,601.5660400390625,361.69219970703125,38.9339599609375,118.80780029296875,4.788048045156756e-06
300,512.046142578125,157.27146911621094,34.54559326171875,83.13250732421875,1.20446622986492e-06
300,573.0740966796875,168.36624145507812,28.214111328125,64.910888671875,5.817777264383039e-07
300,280.7507629394531,173.0450439453125,22.10040283203125,53.273040771484375,0.00017427410057280213
300,509.94854736328125,170.17140197753906,21.4005126953125,51.789154052734375,0.00015657932090107352
300,450.96099853515625,118.13925170898438,131.0552978515625,274.7209777832031,3.401668891456211e-06
300,534.9124145507812,169.55410766601562,21.9420166015625,53.650604248046875,2.0234607291058637e-05
300,543.8005981445312,169.77215576171875,23.8623046875,55.822784423828125,2.7056421458837576e-05
300,551.5140380859375,170.65206909179688,23.232421875,53.69146728515625,0.0001418552710674703
300,559.8548583984375,172.8709716796875,22.546142578125,52.539794921875,7.2953353082994e-06
300,570.2982177734375,173.0155792236328,21.625,52.014801025390625,3.564010285117547e-06
300,582.6246948242188,177.4954071044922,21.85400390625,51.993865966796875,1.917242116178386e-05
300,0.0,178.9664764404297,15.013833999633789,54.66265869140625,3.1931572266330477e-06
300,518.6533813476562,168.74440002441406,24.33056640625,58.11651611328125,0.999997615814209
300,525.371337890625,171.87124633789062,24.9500732421875,58.8870849609375,0.0007361348834820092
300,600.9749145507812,362.4378356933594,39.52508544921875,118.06216430664062,6.693521299894201e-06
330,416.9039001464844,139.12677001953125,20.794189453125,51.208343505859375,2.6471689125173725e-06
330,593.755859375,182.02711486816406,22.746826171875,53.63311767578125,4.085929685970768e-05
330,534.8260498046875,155.03965759277344,46.91796875,105.05522155761719,1.6487385892105522e-06
330,531.4595947265625,183.65159606933594,24.2816162109375,56.826904296875,1.0871044651139528e-06
330,540.60986328125,180.80252075195312,26.59326171875,62.0723876953125,0.001372964819893241
330,502.9480895996094,115.97714233398438,92.27188110351562,234.66476440429688,3.2958259907900356e-06
330,483.1629943847656,149.5934600830078,128.46640014648438,275.58319091796875,4.788381829712307e-06
330,557.9745483398438,181.2976837158203,26.05859375,62.297821044921875,0.24593442678451538
330,566.4031372070312,184.1207275390625,23.5020751953125,55.542388916015625,0.015352173708379269
330,574.632080078125,183.69805908203125,21.55615234375,51.0028076171875,0.0005238026496954262
330,586.5935668945312,184.1551513671875,22.4996337890625,54.473480224609375,8.244603668572381e-05
330,600.0580444335938,190.72975158691406,21.2882080078125,50.712127685546875,0.01529386080801487
330,591.2134399414062,167.74790954589844,38.1849365234375,85.51901245117188,2.248735427201609e-06
330,606.0,187.29039001464844,21.73193359375,51.61407470703125,0.00013524683890864253
330,615.8758544921875,186.4614715576172,22.7230224609375,53.366607666015625,6.441972800530493e-05
330,549.227783203125,183.3798828125,27.3497314453125,65.40087890625,0.9999969005584717
330,526.5764770507812,128.38107299804688,113.92352294921875,288.19390869140625,3.5006075904675527e-06
330,627.3718872070312,192.26971435546875,13.12811279296875,50.75762939453125,4.107675704290159e-05
330,618.8919067382812,168.430908203125,21.60809326171875,92.37008666992188,1.86887825748272e-06
360,626.646240234375,173.3557891845703,13.853759765625,60.037109375,6.716860298183747e-06
360,583.2669067382812,171.9281005859375,46.8681640625,112.10968017578125,1.5098432413651608e-05
360,601.7109375,185.6890411376953,21.06396484375,50.692291259765625,2.4076014142337954e-06
360,594.530029296875,191.92037963867188,22.471435546875,53.83880615234375,3.657760680653155e-05
360,608.3729858398438,192.71780395507812,22.289794921875,51.71124267578125,2.1807132725371048e-05
360,0.0,193.77230834960938,15.508947372436523,53.4896240234375,9.222637891070917e-05
360,624.6480712890625,191.49191284179688,15.8519287109375,60.514892578125,4.071149669471197e-05
360,618.3311767578125,174.74246215820312,22.1688232421875,89.6741943359375,1.7636029951972887e-06
360,586.0925903320312,195.31613159179688,28.2003173828125,67.66281127929688,2.5127699700533412e-05
360,594.2191772460938,189.64625549316406,32.61962890625,78.28001403808594,1.0
360,546.5153198242188,163.35873413085938,93.98468017578125,284.82244873046875,1.4429023167394917e-06
360,615.4708862304688,198.43215942382812,22.66357421875,50.9373779296875,2.5355595880682813e-06
360,607.36083984375,193.7877197265625,31.6165771484375,75.51840209960938,0.00031397512066178024
360,601.6240844726562,211.302734375,22.274169921875,53.197418212890625,1.1648259715002496e-05
390,141.36009216308594,178.3195343017578,23.36041259765625,55.318145751953125,6.79169170325622e-05
390,106.32526397705078,183.4747772216797,24.427345275878906,56.893524169921875,8.945869922172278e-06
390,136.50875854492188,186.7649383544922,21.953216552734375,50.91107177734375,0.004853422287851572
390,119.16178131103516,190.8237762451172,21.68073272705078,51.3861083984375,1.810055437090341e-05
390,112.28367614746094,195.0412139892578,22.036651611328125,51.424530029296875,0.0015245946124196053
390,130.20948791503906,189.55860900878906,22.258697509765625,53.16668701171875,3.893230314133689e-06
390,0.0,202.72950744628906,14.90417766571045,54.29838562011719,3.146327571812435e-06
420,97.38770294189453,191.26319885253906,21.793548583984375,52.42889404296875,5.018797310185619e-05
420,200.8584442138672,181.79039001464844,21.969024658203125,52.08819580078125,6.539888545376016e-06
450,429.3815002441406,184.01182556152344,21.816162109375,51.758697509765625,0.007468655705451965
450,438.6760559082031,179.4953155517578,21.2081298828125,51.623260498046875,1.3249381481728051e-05
450,512.438720703125,183.67843627929688,21.9976806640625,53.28302001953125,6.137418040452758e-07
450,585.3868408203125,180.04312133789062,21.8814697265625,51.542938232421875,3.3816927498264704e-06
450,627.498291015625,176.1622314453125,13.001708984375,56.527923583984375,7.731271580269095e-06
450,593.0755004882812,185.02734375,21.455322265625,51.011505126953125,1.2093662462575594e-06
450,0.0,193.21292114257812,15.59090805053711,56.816314697265625,1.756695496624161e-06
480,594.9658203125,0.0,45.5341796875,120.09214782714844,7.595108399982564e-07
480,627.757080078125,187.15611267089844,12.742919921875,50.792938232421875,1.1737659406207968e-05
480,387.4681396484375,189.35122680664062,22.5118408203125,53.790557861328125,1.7985508748097345e-05
480,394.3678894042969,187.14791870117188,21.59747314453125,50.642120361328125,0.00015480410365853459
510,595.0690307617188,0.0,45.43096923828125,122.73960876464844,1.6149735984072322e-06
510,449.3885192871094,178.16714477539062,22.08502197265625,51.075836181640625,0.00015177375462371856
510,17.024930953979492,189.99818420410156,22.71952247619629,56.02227783203125,4.500619184000243e-07
510,154.487060546875,185.4971466064453,21.286590576171875,50.567138671875,6.329416646622121e-05
510,10.828161239624023,194.43368530273438,21.460765838623047,51.61956787109375,4.547579464997398e-06
510,72.03072357177734,196.7847900390625,20.9986572265625,51.215087890625,5.003857040719595e-06
510,627.0662231445312,190.74815368652344,13.43377685546875,56.972503662109375,6.344278517644852e-06
540,626.9630126953125,26.14020347595215,13.5369873046875,50.96228790283203,3.059469236177392e-05
540,0.0,172.80621337890625,16.457721710205078,57.111175537109375,9.011321708385367e-06
540,627.6204223632812,169.85488891601562,12.87957763671875,51.37017822265625,1.0477234354766551e-05
540,587.3301391601562,167.90048217773438,32.21630859375,76.45260620117188,1.8548915249994025e-05
540,0.0,159.14756774902344,23.31265640258789,96.41665649414062,2.8197912342875497e-06
540,1.8467979431152344,189.01803588867188,22.06911277770996,52.733795166015625,0.0006402547005563974
540,16.968582153320312,191.01698303222656,22.433666229248047,53.595184326171875,0.00013473314174916595
540,24.786514282226562,194.06736755371094,22.2081298828125,53.139556884765625,0.0002990672364830971
540,138.20541381835938,186.0564422607422,21.562652587890625,52.30792236328125,0.0004299638094380498
540,8.990177154541016,193.26248168945312,21.50005340576172,52.81842041015625,0.0007014878210611641
540,0.0,194.7750701904297,15.333452224731445,56.03662109375,4.246654862072319e-05
570,104.99401092529297,170.3696746826172,23.906715393066406,54.912628173828125,3.0966359645390185e-06
570,626.732421875,184.10232543945312,13.767578125,58.594451904296875,5.758307452197187e-06
570,0.0,201.9436492919922,14.541158676147461,53.341949462890625,8.413117939198855e-06
600,119.75324249267578,202.132080078125,21.05652618408203,50.878204345703125,6.333850251394324e-06
630,471.95233154296875,179.8399200439453,20.9814453125,50.764892578125,3.5744058095588116e-06
630,521.2606811523438,181.0040740966797,21.587890625,52.3350830078125,2.581749640739872e-06
630,465.5658264160156,187.7191925048828,22.7862548828125,53.9625244140625,5.57683870283654e-06
630,524.4705810546875,185.97232055664062,26.305908203125,61.250762939453125,0.001076709944754839
630,518.8615112304688,168.3758544921875,36.2789306640625,89.76068115234375,3.6020107927470235e-06
630,522.51708984375,199.73558044433594,21.1641845703125,52.703521728515625,9.854348718363326e-06
630,616.48193359375,212.7278289794922,21.9610595703125,51.53309631347656,9.33590781642124e-05
630,626.4556884765625,215.0433807373047,14.0443115234375,54.68473815917969,7.551188173238188e-05
630,601.2255859375,364.23431396484375,39.2744140625,116.26568603515625,6.837708042439772e-06
660,596.262939453125,0.0,44.237060546875,122.9551773071289,1.4655017821496585e-06
660,605.5005493164062,163.79446411132812,27.4171142578125,66.65435791015625,0.0002570458746049553
660,9.938141822814941,179.2962646484375,21.90467071533203,52.26336669921875,0.03049006499350071
660,408.0350341796875,185.84425354003906,21.67626953125,51.618988037109375,1.5094977243279573e-05
660,3.7760086059570312,183.4622039794922,22.290555953979492,53.065093994140625,2.6360505216871388e-05
660,352.189208984375,184.27415466308594,21.78411865234375,51.77978515625,4.822831033379771e-05
660,513.3109130859375,187.7682342529297,23.6063232421875,56.204010009765625,2.2761563741369173e-05
660,596.3574829101562,174.36575317382812,35.6026611328125,83.60964965820312,0.0011778599582612514
660,15.472062110900879,186.34738159179688,22.08810043334961,54.129608154296875,3.713963451446034e-05
660,344.35858154296875,187.32855224609375,24.17242431640625,57.493499755859375,3.46130605066719e-06
660,519.9784545898438,194.10472106933594,23.7576904296875,56.035888671875,8.805927791399881e-06
660,588.434814453125,161.63558959960938,50.0947265625,118.96859741210938,7.207761518657207e-05
660,527.2398071289062,201.09841918945312,23.56494140625,54.0050048828125,2.6573040941002546e-06
660,590.6093139648438,126.67066955566406,49.89068603515625,236.30418395996094,9.345301805296913e-06
660,601.075439453125,205.42420959472656,22.91259765625,55.26191711425781,2.9010029720666353e-06
660,605.4494018554688,202.75762939453125,28.0361328125,65.25033569335938,9.182623216474894e-06
660,621.8516845703125,203.6509246826172,18.6483154296875,79.49806213378906,2.526818025216926e-05
660,610.1171875,171.0280303955078,30.3828125,134.9113006591797,7.805178029229864e-06
660,626.7003173828125,222.42889404296875,13.7996826171875,53.976715087890625,1.2776417861459777e-05
690,625.2662353515625,103.99653625488281,15.2337646484375,51.46044921875,0.00013171629689168185
690,617.1173706054688,110.89860534667969,22.531494140625,53.344329833984375,0.009428394958376884
690,33.405635833740234,162.2572784423828,36.361026763916016,89.27432250976562,7.236340479721548e-06
690,432.26251220703125,183.26817321777344,22.891845703125,53.345428466796875,6.383633035511593e-07
690,626.9850463867188,182.2383270263672,13.51495361328125,52.28546142578125,5.7964225561590865e-06
690,619.3422241210938,170.706787109375,21.15777587890625,93.34219360351562,6.918215149198659e-06
690,0.0,197.85592651367188,17.289390563964844,51.317840576171875,0.001961115747690201
690,41.97013854980469,187.02737426757812,23.220726013183594,54.159393310546875,0.0003948409284930676
690,617.7115478515625,198.845947265625,21.5345458984375,51.186767578125,0.00018761218234430999
690,0.0,180.83816528320312,23.854999542236328,86.14080810546875,1.8219061530544423e-05
690,0.0,122.85125732421875,63.04520797729492,305.39984130859375,1.4066847143112682e-05
690,626.5842895507812,203.32504272460938,13.91571044921875,50.76336669921875,0.0004650319169741124
690,589.824462890625,128.27349853515625,50.675537109375,237.91998291015625,1.1985539458692074e-05
690,611.8453369140625,206.69151306152344,22.7049560546875,53.92625427246094,7.676011591684073e-06
690,626.9924926757812,218.056640625,13.50750732421875,58.76641845703125,1.3214616956247482e-05
720,627.2415161132812,155.18629455566406,13.25848388671875,56.3551025390625,1.0146465683646966e-05
720,627.9264526367188,178.45689392089844,12.57354736328125,51.09881591796875,1.6611264072707854e-05
720,487.5254821777344,197.52220153808594,22.884765625,54.410186767578125,1.0782181561808102e-05
750,625.3649291992188,161.1820526123047,15.13507080078125,57.1046142578125,7.535446002293611e-06
750,617.1104736328125,172.64613342285156,22.4510498046875,52.413848876953125,5.104650881548878e-06
750,598.2556762695312,365.46038818359375,42.24432373046875,115.03961181640625,6.592073987121694e-06
780,248.8608856201172,167.05877685546875,21.461532592773438,52.469940185546875,0.00018636092136148363
780,599.3519287109375,361.7742919921875,41.1480712890625,118.7257080078125,4.487651494855527e-06
810,627.5786743164062,141.55453491210938,12.92132568359375,56.98406982421875,5.1845581765519455e-06
810,544.5521850585938,146.71337890625,20.8428955078125,50.913116455078125,1.632815838092938e-05
810,498.45074462890625,166.9051971435547,21.818359375,52.496246337890625,1.7359778894388e-06
810,0.0,193.1302947998047,15.06715202331543,54.36517333984375,4.852870915783569e-06
840,594.6154174804688,147.73797607421875,31.484130859375,77.53744506835938,1.389738463331014e-05
840,598.6454467773438,162.38162231445312,22.7489013671875,53.086578369140625,0.0002412730682408437
840,584.7713623046875,167.08740234375,24.9140625,59.18109130859375,0.0040070186369121075
840,606.1156005859375,165.782470703125,21.0333251953125,51.441802978515625,1.3292234370965161e-06
840,0.0,172.73428344726562,12.986742973327637,51.4881591796875,5.914952453167643e-06
840,593.5665893554688,171.8725128173828,22.6170654296875,54.235809326171875,0.21180297434329987
840,585.4992065429688,156.71392822265625,35.087158203125,82.05477905273438,7.0574569690506905e-06
840,530.13623046875,118.75462341308594,110.36376953125,291.111328125,7.002234724495793e-06
840,627.3159790039062,169.70455932617188,13.18402099609375,51.475616455078125,2.485450522726751e-06
840,0.0,150.8643035888672,21.57146644592285,101.1087646484375,1.578106207489327e-06
840,579.7527465820312,175.99034118652344,22.2806396484375,53.31695556640625,2.5430827008676715e-05
840,0.0,184.7537384033203,15.71866226196289,55.121185302734375,1.572251676407177e-05
840,596.908203125,175.23980712890625,27.8902587890625,65.79449462890625,2.3661626983084716e-05
840,574.1607055664062,166.86337280273438,44.606689453125,104.10531616210938,1.544247970741708e-05
870,627.0357055664062,123.75418090820312,13.46429443359375,50.748443603515625,6.191773536556866e-06
870,493.85919189453125,149.94125366210938,40.7171630859375,97.61700439453125,4.2478935938561335e-05
870,508.1083068847656,162.55014038085938,29.240509033203125,66.9102783203125,5.906339538341854e-06
870,493.7880859375,170.25791931152344,29.20550537109375,65.5548095703125,9.240540748578496e-06
900,0.0,192.4093017578125,15.890364646911621,54.806732177734375,1.0975468285323586e-05
930,627.3859252929688,164.08285522460938,13.11407470703125,52.3277587890625,1.9335802790010348e-05
930,595.0347290039062,97.86284637451172,45.46527099609375,237.893798828125,2.153035438823281e-06
930,627.1427612304688,179.37852478027344,13.35723876953125,60.166290283203125,4.026951501145959e-06
930,618.132568359375,155.44699096679688,22.367431640625,101.13064575195312,4.888866442342987e-06
930,623.3375244140625,187.03538513183594,17.1624755859375,78.43177795410156,1.4217643183656037e-05
930,600.9192504882812,360.79736328125,39.58074951171875,119.70263671875,3.4250774660904426e-06
960,560.1886596679688,166.24215698242188,22.612060546875,52.6768798828125,3.701436799019575e-05
960,610.365966796875,404.97503662109375,30.134033203125,75.52496337890625,2.6596110274113016e-06
960,601.0791015625,363.7106018066406,39.4208984375,116.78939819335938,4.605811227520462e-06
960,579.9746704101562,327.48956298828125,60.52532958984375,153.01043701171875,4.559952230920317e-06
990,7.733598709106445,167.55543518066406,22.672222137451172,53.215789794921875,7.899621414253488e-05
990,555.702392578125,172.92095947265625,20.8187255859375,50.59820556640625,3.2250471122097224e-05
990,0.0,174.0555877685547,15.684175491333008,57.1959228515625,6.842059519840404e-06
990,14.281156539916992,175.4293212890625,23.23453712463379,54.207733154296875,2.2736245227861218e-05
990,560.8742065429688,183.24569702148438,21.7418212890625,52.113128662109375,5.447975127026439e-05
990,552.5556030273438,190.30831909179688,24.14404296875,58.052154541015625,4.308745701564476e-05
990,568.2474365234375,192.42156982421875,21.4029541015625,50.950775146484375,1.640753362153191e-05
990,558.2852783203125,195.4761199951172,25.75537109375,60.624603271484375,7.317130894080037e-06
990,626.6630249023438,219.07566833496094,13.83697509765625,55.88252258300781,3.2654691040079342e-06
990,600.6027221679688,361.9288330078125,39.89727783203125,118.5711669921875,5.9965482250845525e-06
1020,609.1852416992188,45.63995361328125,24.185546875,57.08757019042969,1.4996889149188064e-05
1020,610.8130493164062,406.4461364746094,29.68695068359375,74.05386352539062,4.3684626689355355e-06
1020,601.4664916992188,362.7783508300781,39.03350830078125,117.72164916992188,7.622540124430088e-06
1050,616.6537475585938,142.68922424316406,21.50927734375,50.61151123046875,8.373966920771636e-06
1050,626.8790283203125,153.7997589111328,13.6209716796875,50.730926513671875,2.1467907572514378e-05
1080,627.4103393554688,97.11964416503906,13.08966064453125,54.58854675292969,3.6908177207806148e-06
1080,595.5333251953125,180.06973266601562,44.9666748046875,239.27099609375,8.833811079966836e-06
1110,368.4989318847656,145.96173095703125,24.31109619140625,57.85107421875,6.898792889842298e-06
1110,616.8912963867188,167.9407958984375,23.248291015625,53.871063232421875,5.323305231286213e-06
1110,627.3181762695312,177.22702026367188,13.18182373046875,50.814453125,3.1048566597746685e-06
1110,622.4561157226562,180.2317352294922,18.04388427734375,80.49787902832031,2.6822758627531584e-06
1110,609.4185791015625,140.9122772216797,31.0814208984375,134.3661651611328,8.174783943104558e-06
1110,625.96337890625,208.36361694335938,14.53662109375,61.731658935546875,4.118855486012762e-06
1110,592.8751831054688,135.89459228515625,47.62481689453125,228.6065673828125,3.865295639116084e-06
1110,616.9962768554688,192.73052978515625,23.50372314453125,104.80038452148438,1.1690794963215012e-05
1140,94.2625961303711,42.68886947631836,23.896209716796875,54.98849868774414,9.382987627759576e-06
1140,91.06129455566406,36.89415740966797,33.706695556640625,79.30207824707031,3.454950638115406e-05
1140,627.6115112304688,122.51805114746094,12.88848876953125,51.37872314453125,8.602457455708645e-06
1140,606.4180908203125,127.96736145019531,34.0819091796875,147.9857635498047,9.443817361898255e-06
1140,593.0602416992188,92.9639663696289,47.43975830078125,240.16610717773438,2.2364365577232093e-05
1170,627.5556030273438,155.8639373779297,12.94439697265625,51.015411376953125,2.078578518194263e-06
1170,472.7920837402344,162.5377197265625,21.01116943359375,50.732208251953125,1.568218976899516e-05
1170,481.5550231933594,168.36630249023438,21.6146240234375,51.19622802734375,6.500314952972985e-07
1170,488.3741149902344,168.4213104248047,23.897216796875,56.5074462890625,6.639512776018819e-06
1170,496.18060302734375,169.73521423339844,21.52490234375,50.581695556640625,2.109149818352307e-06
1170,503.87841796875,173.7186279296875,23.2725830078125,55.35418701171875,1.9047936348215444e-06
1170,512.025146484375,173.38958740234375,23.0615234375,55.0888671875,8.716233423911035e-07
1200,627.1552734375,143.691162109375,13.3447265625,51.440826416015625,5.3008084250905085e-06
1200,617.83203125,150.87010192871094,22.66796875,57.941070556640625,1.3081118595437147e-05
1200,594.06494140625,159.23948669433594,22.698486328125,53.240631103515625,2.7844373562402325e-06
1200,614.1697998046875,124.08936309814453,26.3302001953125,126.51692962646484,1.6322896044584922e-05
1200,590.6275024414062,86.83065032958984,49.87249755859375,241.71463012695312,5.01565318700159e-06
1200,26.050037384033203,177.98516845703125,21.20624542236328,50.612060546875,0.001372458878904581
1200,609.530029296875,167.43988037109375,24.2718505859375,56.44635009765625,5.102222530695144e-06
1200,626.732421875,167.1331787109375,13.767578125,51.483856201171875,0.000764255179092288
1200,38.4417610168457,177.03770446777344,21.91645050048828,52.4930419921875,1.393657748849364e-05
1200,591.0809326171875,172.68038940429688,25.668212890625,59.395538330078125,3.6212818486092146e-06
1200,600.833251953125,173.41751098632812,20.859375,51.28070068359375,1.4463256775343325e-05
1200,618.0794067382812,170.7105255126953,22.42059326171875,60.0111083984375,4.579075175570324e-05
1200,579.9385375976562,172.33425903320312,31.340087890625,75.44061279296875,5.964892807241995e-06
1200,596.4898071289062,172.97683715820312,31.5755615234375,74.86660766601562,7.760495464026462e-06
1200,18.65647315979004,184.66114807128906,22.69843101501465,53.91851806640625,1.6865467387106037e-06
1200,30.86501693725586,181.01657104492188,23.9993896484375,57.206878662109375,5.528708697966067e-06
1200,625.6990356445312,188.3063507080078,14.80096435546875,61.759307861328125,8.736291420063935e-06
1230,0.0,0.0,48.0575065612793,114.32296752929688,1.8345951957599027e-06
1230,0.0,0.0,64.42070770263672,175.28848266601562,4.781290044775233e-06
1230,498.3782653808594,160.1141357421875,21.173492431640625,51.2701416015625,2.113116124746739e-06
1230,599.56787109375,154.23777770996094,21.468505859375,51.165771484375,2.322372529306449e-05
1230,454.0315246582031,167.5492706298828,21.60791015625,50.790985107421875,0.00022520514903590083
1230,592.8541259765625,157.98367309570312,24.99462890625,59.3231201171875,0.00019560809596441686
1230,603.8017578125,153.74142456054688,31.3853759765625,74.89157104492188,2.173946450056974e-05
1230,34.69239807128906,178.9134521484375,21.31707000732422,51.111602783203125,3.864868176606251e-06
1230,501.541748046875,164.95724487304688,25.4371337890625,60.608978271484375,3.198516424163245e-05
1230,585.0067749023438,163.9376983642578,25.6846923828125,60.196990966796875,8.852854080032557e-06
1230,63.72964859008789,180.59654235839844,20.938343048095703,50.79693603515625,2.4504513930878602e-05
1230,594.8585815429688,161.6133270263672,33.9853515625,78.61624145507812,2.769038701444515e-06
1230,494.64581298828125,173.00042724609375,27.17401123046875,62.761688232421875,7.4239560490241274e-06
1230,600.4578857421875,361.44500732421875,40.0421142578125,119.05499267578125,5.703499937226297e-06
1260,527.37744140625,149.80117797851562,23.56884765625,55.77984619140625,0.002244264120236039
1260,56.71613311767578,167.0828857421875,21.787734985351562,53.088165283203125,8.76930516824359e-06
1260,31.242713928222656,169.30471801757812,26.783729553222656,62.835540771484375,1.3499314263754059e-05
1260,506.0383605957031,158.23391723632812,25.516204833984375,61.393798828125,5.432353191281436e-06
1260,520.2920532226562,153.88262939453125,25.552734375,61.673126220703125,0.06706151366233826
1260,531.8136596679688,154.74017333984375,25.8138427734375,62.163543701171875,4.572843681671657e-05
1260,7.859410285949707,171.61248779296875,21.927452087402344,53.837890625,1.8702903616940603e-06
1260,27.047412872314453,174.18324279785156,21.18897247314453,51.90887451171875,3.2944732083706185e-05
1260,40.66936111450195,175.32797241210938,20.881881713867188,50.95172119140625,0.00100430054590106
1260,514.760498046875,161.66587829589844,23.43212890625,55.91632080078125,0.0002574147656559944
1260,0.0,176.1737518310547,15.844741821289062,53.944091796875,0.00012927260831929743
1260,0.0,149.27099609375,23.016027450561523,97.91455078125,3.326969817862846e-06
1260,518.8419189453125,149.47122192382812,35.5804443359375,87.95230102539062,4.761925447382964e-05
1260,585.1151123046875,177.4100799560547,20.7930908203125,51.4853515625,3.7089682791702216e-06
1260,49.912105560302734,176.1704559326172,21.078060150146484,51.84527587890625,2.811402964653098e-06
1260,526.118408203125,171.81076049804688,24.9447021484375,61.207183837890625,4.839065877604298e-05
1260,578.0462646484375,182.480712890625,20.970947265625,50.521636962890625,5.5439354582631495e-06
1260,590.9095458984375,182.60488891601562,25.2099609375,59.549774169921875,3.425172053539427e-06
1260,606.6455688476562,167.38807678222656,33.85443115234375,139.0026092529297,1.7223255781573243e-06
1260,592.6820068359375,146.8255615234375,47.8179931640625,235.61260986328125,6.0551460592250805e-06
1260,610.7404174804688,404.2639465332031,29.75958251953125,76.23605346679688,2.3728191536065424e-06
1260,601.0508422851562,359.6051025390625,39.44915771484375,120.8948974609375,6.775600013497751e-06
1290,542.8216552734375,143.7957000732422,21.781005859375,50.92340087890625,0.00859430618584156
1290,465.0989685058594,158.19882202148438,21.9775390625,52.793212890625,6.479881994891912e-05
1290,514.21826171875,153.28565979003906,21.1927490234375,51.346038818359375,2.351521743548801e-06
1290,0.0,164.4227752685547,15.45485782623291,57.01361083984375,5.4849729167472105e-06
1290,521.0608520507812,157.07188415527344,24.3116455078125,57.539306640625,3.428018544582301e-06
1290,536.0702514648438,151.4237823486328,24.4920654296875,59.103668212890625,0.030229877680540085
1290,547.6992797851562,152.98590087890625,25.7548828125,61.52032470703125,2.4846331143635325e-05
1290,1.5994367599487305,173.94027709960938,22.439449310302734,53.330322265625,0.0001336323912255466
1290,16.153087615966797,175.8389892578125,21.395896911621094,52.727325439453125,7.243674190249294e-05
1290,530.065185546875,159.00706481933594,23.4366455078125,55.110504150390625,6.835100066382438e-05
1290,526.6588745117188,148.40199279785156,36.2236328125,85.19113159179688,2.0183419110253453e-05
1290,9.659553527832031,179.9216766357422,20.966266632080078,50.88165283203125,0.0003858476411551237
1290,539.8093872070312,158.53659057617188,27.8489990234375,66.26803588867188,0.00010309346544090658
1290,55.55316925048828,181.96426391601562,21.612152099609375,50.8199462890625,9.522048640064895e-05
1290,0.0,186.9821014404297,15.000767707824707,55.355621337890625,1.9770350263570435e-06
1290,337.09375,147.75247192382812,57.26220703125,136.10784912109375,1.9964039893238805e-05
1290,610.150634765625,402.39593505859375,30.349365234375,78.10406494140625,2.6058150979224592e-06
1290,600.01318359375,359.2663269042969,40.48681640625,121.23367309570312,1.2131701623729896e-05
1320,0.0,168.86581420898438,14.746301651000977,50.7373046875,1.5519353837589733e-05
1320,472.0922546386719,164.93203735351562,22.40936279296875,54.223541259765625,4.864204129262362e-06
1320,514.0758056640625,162.31210327148438,21.7734375,52.695709228515625,1.4085878774494631e-06
1320,534.6439819335938,157.76937866210938,23.0989990234375,54.348052978515625,0.12241198122501373
1320,2.3806543350219727,178.25912475585938,21.549942016601562,51.0631103515625,0.016416238620877266
1320,13.636929512023926,176.31158447265625,22.917980194091797,54.471771240234375,4.30108884756919e-05
1320,522.3679809570312,163.15504455566406,25.81396484375,61.5260009765625,0.0001493428717367351
1320,541.9203491210938,160.29359436035156,23.6312255859375,57.0474853515625,0.0003735115460585803
1320,548.9223022460938,164.88296508789062,25.4610595703125,58.445098876953125,2.241776201117318e-06
1320,0.0,154.80613708496094,24.09135627746582,91.092529296875,2.713096591833164e-06
1320,518.3330688476562,156.1764678955078,36.0477294921875,88.89505004882812,7.672430228922167e-07
1320,530.5934448242188,168.4351806640625,21.8917236328125,52.03094482421875,0.0001566175342304632
1320,0.0,105.02839660644531,59.774295806884766,305.94744873046875,6.1852106227888726e-06
1320,7.869258880615234,183.22055053710938,21.845314025878906,51.890167236328125,0.009536045603454113
1320,529.96240234375,160.4231719970703,32.026123046875,75.48291015625,0.001857108436524868
1320,0.0,186.52432250976562,15.630986213684082,55.879425048828125,1.6430049072369002e-05
1320,194.5157012939453,118.24043273925781,89.19425964355469,226.86924743652344,1.746764041854476e-06
1320,215.10748291015625,154.6025848388672,61.514495849609375,150.09925842285156,1.6442651030956767e-05
1320,343.78155517578125,154.54714965820312,59.287841796875,139.459716796875,1.5310552043956704e-05
1320,601.5740356445312,359.6072692871094,38.92596435546875,120.89273071289062,5.2237260206311475e-06
1350,459.1092834472656,168.40762329101562,21.5205078125,50.708160400390625,2.7676528588926885e-06
1350,465.7015380859375,169.83541870117188,21.5216064453125,51.162506103515625,0.000991826644167304
1350,471.9403381347656,165.77255249023438,21.24981689453125,51.805633544921875,1.600766154297162e-05
1350,477.6875305175781,169.40289306640625,24.5419921875,58.81787109375,3.7495938158826903e-06
1350,529.3609619140625,171.44468688964844,21.5179443359375,50.89373779296875,0.0006917289574630558
1350,541.8899536132812,171.77772521972656,23.9503173828125,56.08349609375,5.6952926570374984e-06
1350,471.02783203125,179.19140625,24.083984375,57.540191650390625,8.19015838260384e-07
1350,521.1806640625,173.4253387451172,25.093017578125,61.229705810546875,8.484678983222693e-05
1350,534.0377807617188,173.20742797851562,24.8514404296875,59.7615966796875,9.728038276080042e-05
1350,526.86376953125,157.4689483642578,34.3428955078125,86.0113525390625,1.5185373740678187e-06
1350,600.8414916992188,359.64996337890625,39.65850830078125,120.85003662109375,1.0304873285349458e-05
1380,7.5003557205200195,184.68336486816406,24.094867706298828,57.246368408203125,1.4732600902789272e-05
1380,15.400397300720215,191.00018310546875,21.67205047607422,51.366546630859375,6.874597602291033e-06
1380,512.068359375,181.9313507080078,22.797119140625,56.39910888671875,4.349481969256885e-06
1380,0.0,166.41551208496094,23.994600296020508,97.11067199707031,1.0762186093415949e-06
1380,2.640347480773926,195.83233642578125,21.509998321533203,51.2000732421875,0.00023162302386481315
1380,0.0,197.5133514404297,15.369293212890625,54.2684326171875,1.9597147911554202e-05
1380,0.0,120.49765014648438,52.06499099731445,229.18020629882812,1.0129024303751066e-05
1380,209.29592895507812,173.12574768066406,58.914398193359375,134.8777313232422,7.842558261472732e-06
1380,0.0,380.8621520996094,54.778472900390625,99.63784790039062,1.784088453860022e-05
1380,600.4717407226562,359.62689208984375,40.02825927734375,120.87310791015625,6.4315381678170525e-06
1410,0.0,184.7808380126953,14.432095527648926,51.140594482421875,2.0646348275477067e-05
1410,502.95233154296875,178.62086486816406,22.30517578125,53.99481201171875,2.0155596303084167e-06
1410,0.9389238357543945,194.64793395996094,22.91030502319336,54.10015869140625,0.0012182153295725584
1410,15.391596794128418,191.35592651367188,22.301738739013672,52.906829833984375,3.1479094104724936e-06
1410,496.99676513671875,183.38034057617188,22.446044921875,54.60394287109375,1.0184022357861977e-05
1410,0.0,153.03988647460938,30.998958587646484,127.86380004882812,2.8238600862096064e-06
1410,0.0,120.47135925292969,61.15998840332031,311.3316650390625,7.167521289375145e-06
1410,7.701616287231445,201.0015411376953,21.16878890991211,50.6370849609375,0.00029585554148070514
1410,0.0,203.55560302734375,15.5718994140625,53.54583740234375,4.239180634613149e-05
1410,0.0,378.0647888183594,54.64845275878906,102.43521118164062,1.5933261238387786e-05
1410,599.6260375976562,362.84906005859375,40.87396240234375,117.65093994140625,5.535599029826699e-06
1440,495.57757568359375,184.05862426757812,23.66925048828125,56.3720703125,1.0177758440477191e-06
1440,0.0,194.58522033691406,13.585908889770508,50.74462890625,2.651609611348249e-05
1440,7.878278732299805,200.26242065429688,24.016887664794922,58.22320556640625,4.517171419138322e-06
1440,25.3477783203125,200.49026489257812,21.666656494140625,53.846893310546875,1.3783673239231575e-05
1440,32.231040954589844,199.68016052246094,21.387413024902344,52.1639404296875,4.696849828178529e-06
1440,627.2796020507812,203.19284057617188,13.22039794921875,50.622344970703125,3.921539246221073e-06
1440,0.0,205.89588928222656,16.296388626098633,59.05216979980469,5.1220990826550405e-06
1440,0.0,178.08209228515625,23.11100196838379,102.16616821289062,1.0403172154838103e-06
1440,17.94829559326172,206.54933166503906,21.71307373046875,51.63594055175781,1.2658460946113337e-05
1440,0.0,378.0849609375,54.775814056396484,102.4150390625,1.0382544132880867e-05
1440,598.7013549804688,362.85833740234375,41.79864501953125,117.64166259765625,7.199967967608245e-06
1470,627.6588745117188,202.12950134277344,12.84112548828125,51.8675537109375,6.609297088289168e-06
1470,207.8004150390625,177.45982360839844,60.5352783203125,140.75624084472656,3.400160721866996e-06
1470,0.0,380.60125732421875,54.61785888671875,99.89874267578125,1.2934936421515886e-05
1470,598.919921875,362.7587890625,41.580078125,117.7412109375,5.64945275982609e-06
1500,0.0,181.05014038085938,16.633533477783203,60.469696044921875,4.572515081235906e-06
1500,6.469991683959961,193.63427734375,23.10654067993164,55.144622802734375,0.0001029036138788797
1500,170.53041076660156,191.2806854248047,21.720977783203125,51.815216064453125,5.150691777089378e-06
1500,545.9326782226562,184.231689453125,22.7845458984375,52.574005126953125,4.245283889758866e-06
1500,0.0,117.33460998535156,41.900413513183594,233.5693817138672,7.646508493053261e-06
1500,0.6790580749511719,199.33448791503906,21.877037048339844,51.675384521484375,0.002246204065158963
1500,15.568619728088379,198.8682098388672,21.389102935791016,51.606842041015625,1.1543711480044294e-05
1500,552.4310913085938,190.07861328125,22.995849609375,54.46063232421875,1.2641016837733332e-05
1500,0.0,157.859375,29.78514862060547,120.19464111328125,2.1565656425082125e-06
1500,0.0,131.08934020996094,60.094566345214844,305.5810546875,1.0198687050433364e-05
1500,176.167236328125,199.02186584472656,22.01513671875,51.98602294921875,0.0012625162489712238
1500,0.0,379.7659912109375,54.823875427246094,100.7340087890625,1.0417912562843412e-05
1500,598.5720825195312,363.90106201171875,41.92791748046875,116.59893798828125,8.191961569536943e-06
1530,0.0,184.9594268798828,15.105330467224121,55.38580322265625,2.9688383165193954e-06
1530,0.0,378.90679931640625,55.10438537597656,101.59320068359375,8.676311153976712e-06
1530,599.1705932617188,365.1895751953125,41.32940673828125,115.3104248046875,4.832692866330035e-06
1530,578.1720581054688,326.7049560546875,62.32794189453125,153.7950439453125,3.5952157304564025e-06
1560,0.0,185.78558349609375,14.439311981201172,50.825103759765625,1.2219028576510027e-05
1560,0.347930908203125,195.30593872070312,22.87198257446289,54.0797119140625,0.0009314079070463777
1560,0.0,113.3382797241211,43.41979217529297,237.04241943359375,1.2464100109355059e-05
1560,14.841638565063477,198.0435333251953,21.08930015563965,51.995697021484375,1.231476926477626e-05
1560,0.0,156.5177001953125,30.36370277404785,124.59716796875,3.1826291433389997e-06
1560,0.0,127.79917907714844,61.39921569824219,308.21673583984375,5.8443583839107305e-06
1560,7.635951042175293,201.57696533203125,21.06381607055664,50.804931640625,0.00022037488815840334
1560,0.0,207.09266662597656,15.798431396484375,57.21684265136719,3.802685114351334e-06
1560,0.0,412.1325988769531,33.25165939331055,68.36740112304688,6.122614649939351e-06
1560,0.0,378.26385498046875,54.62313461303711,102.23614501953125,1.1629735126916785e-05
1560,598.7350463867188,362.8092041015625,41.76495361328125,117.6907958984375,7.11657366991858e-06
1590,594.9822998046875,0.0,45.5177001953125,122.3299331665039,4.090921265742509e-06
1590,469.6197204589844,174.3487091064453,24.85443115234375,58.266021728515625,5.483047971210908e-06
1590,48.39824676513672,190.6768798828125,22.860809326171875,57.08233642578125,7.4458448580116965e-06
1590,63.5813102722168,197.14382934570312,21.176334381103516,51.502044677734375,2.921236227848567e-05
1590,465.74676513671875,187.5037078857422,22.08538818359375,51.857635498046875,0.0009161444031633437
1590,57.66825866699219,194.18775939941406,20.845046997070312,50.578826904296875,4.616779551724903e-05
1590,36.020973205566406,202.9765625,21.587379455566406,52.114532470703125,5.551982667384436e-06
1590,40.6259651184082,194.68373107910156,27.057308197021484,65.83280944824219,5.674137355526909e-07
1590,627.458984375,201.29684448242188,13.041015625,52.0662841796875,5.729226359107997e-06
1590,231.80795288085938,169.22866821289062,59.28765869140625,138.19671630859375,7.109505531843752e-06
1590,0.0,414.6573791503906,33.6434211730957,65.84262084960938,3.708784333866788e-06
1590,0.0,340.56451416015625,63.370609283447266,139.93548583984375,8.78903938428266e-06
1590,599.071533203125,363.8757019042969,41.428466796875,116.62429809570312,5.960627731838031e-06
1590,577.1475219726562,324.13336181640625,63.35247802734375,156.36663818359375,5.204571607464459e-06
1620,0.0,414.2673645019531,33.58060073852539,66.23263549804688,2.1502446543308906e-06
1620,0.0,341.83355712890625,63.42597961425781,138.66644287109375,2.076436794595793e-05
1620,599.2836303710938,364.70806884765625,41.21636962890625,115.79193115234375,5.187208444112912e-06
1650,0.0,189.54595947265625,16.777023315429688,61.82122802734375,1.2076375242031645e-05
1650,5.979832649230957,200.9168701171875,23.30895233154297,55.964263916015625,4.6346973249455914e-05
1650,56.728736877441406,201.62716674804688,20.773727416992188,50.642486572265625,1.2421051906130742e-05
1650,0.0,126.1734848022461,39.19492721557617,234.4981689453125,1.1314082257740665e-05
1650,17.303604125976562,204.6374053955078,21.42190170288086,51.37371826171875,1.713275992187846e-06
1650,0.0,164.95370483398438,27.39557456970215,115.33648681640625,5.893016805202933e-06
1650,0.0,143.83267211914062,57.13492965698242,299.1177978515625,1.3033763934799936e-05
1650,0.0,209.9003143310547,21.397960662841797,51.43070983886719,0.02484501525759697
1650,0.0,377.06121826171875,54.029136657714844,103.43878173828125,4.754154360853136e-06
1650,600.2289428710938,366.8334655761719,40.27105712890625,113.66653442382812,4.466640348255169e-06
1680,466.0045166015625,192.06358337402344,21.615478515625,51.474822998046875,0.00019786530174314976
1680,23.853960037231445,205.0635528564453,21.81794548034668,51.26190185546875,2.6480138330953196e-05
1680,28.726722717285156,206.31666564941406,27.616470336914062,64.32765197753906,7.437025487888604e-05
1680,10.569677352905273,210.37794494628906,21.937198638916016,53.56672668457031,6.807763384131249e-07
1680,17.026405334472656,212.6182098388672,23.9521484375,57.13911437988281,2.5164677936118096e-05
1680,19.94719123840332,209.97653198242188,30.952978134155273,73.6123046875,0.000177790381712839
1680,3.1262989044189453,201.5050048828125,37.00402069091797,91.30715942382812,1.0504398233024403e-05
1680,607.8959350585938,216.81980895996094,23.8095703125,56.68330383300781,1.6349924862879561e-06
1680,615.9475708007812,214.39332580566406,23.4676513671875,55.32008361816406,4.605714366334723e-06
1680,626.88623046875,215.86888122558594,13.61376953125,51.09468078613281,1.982211870199535e-06
1680,0.042176246643066406,227.04592895507812,25.30078887939453,59.80810546875,6.949764497221622e-07
1680,8.019563674926758,221.8755340576172,26.022428512573242,64.81642150878906,1.314564906351734e-05
1680,18.01321029663086,201.72471618652344,44.449668884277344,109.27058410644531,4.186640126135899e-06
1680,0.0,375.47021484375,54.957969665527344,105.02978515625,3.7482175230252324e-06
1680,599.7339477539062,364.3530578613281,40.76605224609375,116.14694213867188,4.176072707195999e-06
1710,18.748416900634766,191.5377655029297,21.391677856445312,51.448883056640625,9.693850188341457e-06
1710,0.0,189.59967041015625,15.830524444580078,55.973663330078125,3.6748162983712973e-06
1710,24.00998306274414,198.34872436523438,22.15081024169922,51.208740234375,0.0013142507523298264
1710,465.8785095214844,191.10208129882812,21.53009033203125,50.7655029296875,0.00044298547436483204
1710,472.87640380859375,187.50506591796875,22.32843017578125,53.097137451171875,1.1875152949869516e-06
1710,10.048954963684082,195.95669555664062,21.334537506103516,53.0111083984375,5.755276561103528e-06
1710,559.8941650390625,193.15252685546875,21.1832275390625,50.58251953125,0.0001388680684613064
1710,625.9442138671875,196.0888671875,14.5557861328125,59.68438720703125,6.541260972880991e-06
1710,1.5229053497314453,202.00372314453125,21.051389694213867,50.8790283203125,6.787684105802327e-05
1710,0.0,210.16192626953125,15.270890235900879,54.6817626953125,3.1700942599854898e-06
1710,618.391845703125,200.86187744140625,22.108154296875,87.37847900390625,8.909285497793462e-06
1710,605.0797119140625,164.46218872070312,35.4202880859375,147.9212646484375,9.353230416309088e-05
1710,592.0879516601562,148.65704345703125,48.41204833984375,223.90765380859375,0.00013313230010680854
1710,612.361083984375,212.0203857421875,28.138916015625,115.166748046875,1.9469787730486132e-05
1740,7.460558891296387,195.34832763671875,21.50507354736328,51.523284912109375,5.234941909293411e-06
1740,620.0214233398438,426.063720703125,20.47857666015625,54.436279296875,3.1652818961447338e-06
1740,609.5095825195312,406.82232666015625,30.99041748046875,73.67767333984375,4.250975962349912e-06
1740,599.1546630859375,363.0283508300781,41.3453369140625,117.47164916992188,8.550698112230748e-06
1740,577.8074340820312,321.35308837890625,62.69256591796875,159.14691162109375,7.928912964416668e-06
1770,473.4707946777344,175.5196533203125,23.26055908203125,54.138641357421875,9.804610272112768e-06
1770,480.22235107421875,180.14688110351562,22.14453125,52.990936279296875,1.265621540369466e-05
1770,610.1503295898438,405.2277526855469,30.34967041015625,75.27224731445312,4.737503331853077e-06
1770,600.19775390625,364.3584289550781,40.30224609375,116.14157104492188,7.893115252954885e-06
1770,578.7465209960938,322.9795227050781,61.75347900390625,157.52047729492188,4.2903106987068895e-06
1800,611.3359985351562,118.69800567626953,29.16400146484375,142.26748657226562,8.828269528748933e-06
1800,479.8130187988281,168.121337890625,25.604248046875,59.16485595703125,0.00013834453420713544
1800,627.1658325195312,171.10101318359375,13.33416748046875,52.9656982421875,2.948196424767957e-06
1800,592.125732421875,100.53987121582031,48.374267578125,230.27989196777344,5.932985914114397e-06
1800,488.3546447753906,176.88673400878906,21.36279296875,51.42578125,3.8216352550080046e-05
1800,625.62158203125,185.78201293945312,14.87841796875,64.10568237304688,1.355152744508814e-05
1800,617.3621215820312,170.1901397705078,23.13787841796875,101.47264099121094,1.8344380805501714e-05
1800,305.45782470703125,166.58319091796875,58.27838134765625,137.09384155273438,3.253199975006282e-05
1800,291.8334045410156,128.81256103515625,90.64410400390625,215.26571655273438,1.3666650602317532e-06
1800,622.5142822265625,200.4786834716797,17.9857177734375,82.28099060058594,1.6545413018320687e-05
1800,599.9159545898438,362.0368957519531,40.58404541015625,118.46310424804688,4.7353578338515945e-06
1830,486.98779296875,153.95843505859375,22.2738037109375,53.45672607421875,5.814803898829268e-06
1830,478.7185974121094,164.15402221679688,26.662109375,63.5810546875,0.002665432868525386
1830,487.9491271972656,159.24058532714844,31.840606689453125,73.44784545898438,1.8438775441609323e-05
1830,468.1626281738281,168.756591796875,21.3614501953125,52.72393798828125,1.779002104740357e-06
1830,475.5137023925781,169.55824279785156,21.49835205078125,51.029876708984375,5.7673314586281776e-05
1830,486.1080017089844,178.2120819091797,22.49188232421875,53.557464599609375,0.044834014028310776
1830,493.4728088378906,177.2318115234375,21.428863525390625,52.74908447265625,0.0010114600881934166
1830,473.51959228515625,179.5618896484375,26.29052734375,63.818084716796875,3.7542631616815925e-05
1830,468.805419921875,166.506103515625,36.984375,90.19989013671875,3.850531356874853e-06
1830,311.2312316894531,161.68605041503906,60.50103759765625,143.1454315185547,2.813940227497369e-05
1830,297.8495788574219,124.6312026977539,89.3465576171875,217.67971801757812,6.199140898388578e-06
1830,134.38790893554688,133.59365844726562,93.6954345703125,227.04434204101562,1.5875162944212207e-06
1830,602.1221923828125,360.29022216796875,38.3778076171875,120.20977783203125,5.630283794744173e-06
