30,91.79242706298828,185.67706298828125,21.390274047851562,51.051513671875,5.014935595681891e-06
30,8.1787748336792,202.25640869140625,21.409420013427734,52.114105224609375,8.892351615941152e-06
30,16.401514053344727,206.0941619873047,21.354597091674805,50.83625793457031,2.949020199594088e-06
30,0.5703554153442383,209.14926147460938,21.542606353759766,50.71112060546875,0.00014268905215431005
30,95.70010375976562,200.17677307128906,22.019332885742188,52.433746337890625,5.505469289346365e-06
30,609.286376953125,211.34396362304688,20.712890625,50.524932861328125,4.567038922687061e-05
30,616.4439697265625,209.95138549804688,21.5830078125,52.70989990234375,2.3178281480795704e-05
30,627.0232543945312,209.35572814941406,13.47674560546875,52.03266906738281,2.154091271222569e-05
30,602.3514404296875,214.97824096679688,21.0247802734375,50.64398193359375,9.931948625307996e-06
30,0.0,217.51638793945312,15.34567928314209,55.674896240234375,2.9432236260618083e-05
30,607.387939453125,219.92935180664062,26.00537109375,59.575531005859375,3.3469648315076483e-06
30,610.533935546875,407.6129150390625,29.966064453125,72.8870849609375,1.2216047252877615e-05
30,597.0513305664062,363.1898498535156,43.44866943359375,117.31015014648438,7.843231287552044e-06
60,439.607421875,190.08819580078125,22.640380859375,53.337432861328125,1.9876842998201028e-06
60,0.0,201.67697143554688,13.861886978149414,50.6337890625,1.4189468856784515e-05
60,552.2825927734375,205.00733947753906,24.2481689453125,55.72999572753906,3.6322599044069648e-06
60,559.9154663085938,206.4737091064453,24.2161865234375,56.56309509277344,8.42203644424444e-06
60,610.1707763671875,407.3504333496094,30.3292236328125,73.14956665039062,9.921298442350235e-06
60,599.3843994140625,362.2853698730469,41.1156005859375,118.21463012695312,1.7282656699535437e-05
60,578.9757690429688,317.039794921875,61.52423095703125,163.460205078125,6.611269782297313e-06
90,2.979374885559082,184.07492065429688,20.767200469970703,50.500335693359375,6.666007720923517e-06
90,627.0958251953125,179.8397979736328,13.4041748046875,52.206146240234375,6.670109087281162e-06
90,464.56341552734375,185.94400024414062,23.34228515625,55.042694091796875,2.1852686131751398e-06
90,471.9486083984375,184.9265594482422,23.65716552734375,55.897308349609375,3.02552871289663e-06
90,627.3822631835938,202.15277099609375,13.11773681640625,51.414459228515625,1.2049478755216114e-05
90,626.8761596679688,224.02566528320312,13.62384033203125,50.800750732421875,4.856509804085363e-06
90,610.5842895507812,408.75189208984375,29.91571044921875,71.74810791015625,6.536677119584056e-06
90,598.0576171875,361.4929504394531,42.4423828125,119.00704956054688,6.948909685888793e-06
90,576.12353515625,322.24200439453125,64.37646484375,158.25799560546875,8.12719008536078e-06
120,126.7568359375,175.01141357421875,21.858734130859375,52.9791259765625,6.19491743236722e-07
120,185.14291381835938,168.76852416992188,21.26055908203125,51.679534912109375,4.21773802372627e-06
120,120.40711975097656,180.8488311767578,21.899322509765625,51.222137451171875,0.013925518840551376
120,113.61006927490234,164.71287536621094,37.294471740722656,82.22149658203125,2.5908211682690307e-06
120,177.57400512695312,174.1804656982422,21.64642333984375,51.699127197265625,1.62272117449902e-05
120,456.3022766113281,186.48406982421875,22.61053466796875,54.07763671875,1.436975367141713e-06
120,473.0105285644531,184.89039611816406,24.05181884765625,56.30023193359375,4.466099653654965e-06
120,481.09716796875,183.1498565673828,23.6519775390625,54.749114990234375,1.0403913620393723e-05
120,495.8320007324219,185.7204132080078,22.847076416015625,53.697906494140625,2.2598460418521427e-05
120,528.2451171875,186.24513244628906,22.773681640625,53.658843994140625,4.135272320127115e-06
120,536.8651733398438,185.87887573242188,22.5361328125,53.345855712890625,3.5826331441057846e-05
120,543.7442626953125,183.37779235839844,23.5191650390625,54.69293212890625,2.5883762191369897e-06
120,463.9909362792969,189.64352416992188,24.104736328125,56.784759521484375,2.339474121981766e-06
120,487.4584655761719,185.93760681152344,24.86163330078125,57.95318603515625,1.4548776562151033e-05
120,504.9924621582031,188.70338439941406,21.778350830078125,51.346649169921875,2.1312263925210573e-05
120,513.5103149414062,189.76031494140625,21.32470703125,51.584197998046875,2.7657697501126677e-05
120,519.5958862304688,189.81666564941406,23.5684814453125,54.685699462890625,3.3319008707621833e-06
120,551.2844848632812,190.65940856933594,23.7088623046875,55.530242919921875,2.938713805633597e-06
120,558.58642578125,192.36328125,23.919189453125,54.7789306640625,3.392141707081464e-06
120,600.003662109375,361.0386962890625,40.496337890625,119.4613037109375,5.7131360335915815e-06
150,515.0062866210938,171.8251495361328,20.9111328125,51.131256103515625,3.0769006116315722e-06
150,86.20303344726562,177.55422973632812,27.542816162109375,65.26406860351562,1.5553107459709281e-06
150,1.4007959365844727,188.18109130859375,22.802276611328125,53.7532958984375,3.8969446904957294e-06
150,82.337646484375,186.98220825195312,22.129302978515625,52.12091064453125,4.601154068950564e-05
150,487.47186279296875,187.30181884765625,22.93194580078125,53.26995849609375,1.2380525049593416e-06
150,0.0,192.41360473632812,15.289400100708008,54.34588623046875,4.170759439148242e-06
150,545.8197631835938,190.14755249023438,23.5418701171875,56.30670166015625,2.8980057322769426e-06
150,553.160888671875,187.88673400878906,21.560546875,51.70184326171875,0.0001784946070984006
150,559.6532592773438,189.7261962890625,22.0277099609375,53.079681396484375,3.81809841201175e-05
150,567.5042724609375,192.52841186523438,25.0318603515625,58.368316650390625,9.632306046114536e-07
150,548.7254028320312,190.320556640625,30.8162841796875,70.556396484375,1.0511322216189e-05
150,627.7119140625,203.12615966796875,12.7880859375,50.6607666015625,4.748417268274352e-05
150,618.5243530273438,211.1977081298828,20.9368896484375,50.55705261230469,9.333911293651909e-06
150,608.354248046875,216.61036682128906,23.489990234375,56.01390075683594,4.343252385297092e-06
150,626.90380859375,225.03195190429688,13.59619140625,51.643310546875,3.4917086395580554e-06
180,128.64822387695312,174.68267822265625,21.937652587890625,52.51324462890625,7.670228114875499e-07
180,49.33696365356445,184.02261352539062,22.77627944946289,54.347198486328125,2.440559910610318e-06
180,627.2933349609375,191.22039794921875,13.2066650390625,58.29925537109375,1.175404577224981e-05
180,0.0,199.51605224609375,15.550849914550781,53.37237548828125,1.6201729522435926e-05
180,566.6486206054688,197.7224884033203,25.3426513671875,58.818206787109375,6.44438205199549e-06
180,575.3010864257812,200.8927764892578,22.034423828125,52.59503173828125,6.7763880906568374e-06
180,610.9009399414062,411.8870849609375,29.59906005859375,68.6129150390625,4.018504114355892e-06
180,599.0845947265625,363.318603515625,41.4154052734375,117.181396484375,4.4881217036163434e-06
210,186.21791076660156,163.15533447265625,23.13873291015625,55.33941650390625,1.150015918938152e-06
210,169.52195739746094,169.63107299804688,21.67999267578125,51.992919921875,6.299603228399064e-06
210,178.3056640625,169.24624633789062,21.187347412109375,50.71148681640625,9.587440217728727e-06
210,190.412841796875,168.50390625,27.438232421875,65.47247314453125,6.061715339455986e-06
210,0.0,177.61581420898438,14.057308197021484,50.915191650390625,1.4350130186358001e-05
210,96.40168762207031,171.76559448242188,21.073471069335938,50.649444580078125,4.01688851070503e-07
210,589.1123046875,124.35345458984375,51.3876953125,229.9122314453125,4.832181275560288e-06
210,611.0499877929688,193.03953552246094,29.45001220703125,77.38172912597656,3.666086058728979e-06
210,625.0313110351562,198.18446350097656,15.46868896484375,62.41465759277344,2.415266408206662e-06
210,601.3162841796875,202.72540283203125,32.324951171875,73.4974365234375,3.4458724258001894e-05
210,614.6915893554688,219.86703491210938,22.8009033203125,55.479522705078125,4.630501280189492e-06
210,626.551025390625,222.92364501953125,13.948974609375,53.354278564453125,5.634548870148137e-06
210,609.170654296875,226.84426879882812,21.585205078125,51.81158447265625,3.405351162655279e-05
210,609.938720703125,412.3840026855469,30.561279296875,68.11599731445312,4.6026757445361e-06
210,598.156494140625,362.45086669921875,42.343505859375,118.04913330078125,5.008535936212866e-06
240,0.0,152.17691040039062,15.520564079284668,57.895416259765625,5.587768555415096e-06
240,6.770735740661621,161.2506866455078,25.291309356689453,59.772705078125,2.9722179988311836e-06
240,15.072399139404297,162.75558471679688,24.960174560546875,57.646087646484375,1.1289337180642178e-06
240,111.1670150756836,161.6573028564453,23.848167419433594,56.148681640625,4.207532765576616e-05
240,0.0,170.06759643554688,24.7304744720459,57.44195556640625,1.1099294169980567e-05
240,0.0,177.098388671875,13.252079010009766,50.6036376953125,1.1341792742314283e-05
270,0.0,176.46343994140625,15.569267272949219,54.67950439453125,5.4539059419767e-06
270,8.227225303649902,178.52012634277344,21.6781005859375,51.893035888671875,1.9962290025432594e-06
300,464.022705078125,166.35240173339844,21.52490234375,50.697967529296875,6.047655006113928e-06
300,627.9161987304688,153.45655822753906,12.58380126953125,50.987335205078125,1.9809474451903952e-06
300,40.1098518371582,175.97634887695312,23.127304077148438,54.160858154296875,1.8608501477501704e-06
330,473.8662414550781,163.4589080810547,22.83770751953125,53.489044189453125,4.980438006896293e-06
330,17.641590118408203,173.57781982421875,21.780345916748047,51.173828125,4.217134573991643e-06
330,24.389087677001953,178.26177978515625,22.378860473632812,53.2840576171875,1.1560347957129125e-05
330,31.102811813354492,175.7252197265625,23.539796829223633,54.723297119140625,3.2161487979465164e-06
330,74.51985168457031,174.81605529785156,22.58154296875,53.703369140625,1.5006385183369275e-06
330,81.43614196777344,178.63180541992188,21.846954345703125,51.574920654296875,2.72928700724151e-05
330,599.36279296875,363.79498291015625,41.13720703125,116.70501708984375,4.425672159413807e-06
360,9.397991180419922,166.30084228515625,22.98709487915039,53.932220458984375,3.0689648156112526e-06
360,15.74687385559082,174.7533416748047,22.298810958862305,53.552703857421875,7.518673373851925e-05
360,10.00455093383789,184.39886474609375,23.158161163330078,55.202545166015625,6.4177033891610336e-06
390,79.64105987548828,176.3669891357422,23.142166137695312,54.557403564453125,1.7630076172281406e-06
390,16.488609313964844,173.3666534423828,23.085556030273438,54.081939697265625,1.0826218385773245e-05
420,423.49114990234375,173.24095153808594,23.791259765625,53.84417724609375,1.4822202501818538e-05
420,469.9604797363281,172.4778289794922,26.09783935546875,61.7431640625,6.027416020515375e-06
420,478.618408203125,172.90216064453125,25.8392333984375,61.149169921875,2.080577814922435e-06
450,628.0853881835938,162.6634063720703,12.41461181640625,51.117340087890625,2.4714419851079583e-05
450,11.314445495605469,188.37063598632812,21.671039581298828,52.39056396484375,5.93266940995818e-06
450,18.10663604736328,186.87203979492188,20.957447052001953,51.02520751953125,9.922707977239043e-05
480,607.747802734375,155.9934539794922,22.87646484375,53.71405029296875,4.751773303723894e-05
480,601.6748046875,161.77891540527344,22.8758544921875,53.693939208984375,1.2269168109924067e-05
480,583.9647216796875,169.20407104492188,24.3839111328125,56.9708251953125,3.5378536722419085e-06
480,592.5814819335938,168.2926483154297,23.7825927734375,56.868316650390625,1.7092532971219043e-06
480,0.0,175.63299560546875,14.543169975280762,55.48358154296875,7.649490726180375e-06
540,0.0,175.5494384765625,15.226792335510254,56.002166748046875,1.2371540833555628e-05
570,17.047298431396484,183.66184997558594,21.472633361816406,50.80859375,3.4273223263880936e-06
600,16.899581909179688,183.49232482910156,22.02695083618164,52.15020751953125,3.697917009048979e-06
630,17.70993423461914,186.90003967285156,21.256671905517578,50.50885009765625,9.025357940117829e-06
660,23.44949722290039,188.00701904296875,21.536537170410156,51.33935546875,1.144032103184145e-05
690,10.499095916748047,185.97897338867188,21.239788055419922,50.594482421875,8.901131877792068e-06
690,17.55533218383789,184.999267578125,21.167522430419922,50.91448974609375,6.7117380240233615e-06
750,241.33151245117188,176.98162841796875,21.352386474609375,51.89263916015625,0.0013941890792921185
750,165.8528289794922,85.06605529785156,148.17359924316406,314.16162109375,5.217019861447625e-06
750,244.25257873535156,174.37741088867188,27.143692016601562,64.46047973632812,1.022019478114089e-05
750,17.203588485717773,183.4232177734375,22.15117835998535,52.3387451171875,4.445956619747449e-06
780,247.73916625976562,173.54779052734375,22.5926513671875,54.135467529296875,0.00034758643596433103
780,17.669618606567383,184.49508666992188,21.582914352416992,51.564483642578125,2.4792268504825188e-06
870,465.53192138671875,174.6715087890625,22.74462890625,54.221893310546875,6.189188570715487e-05
870,479.54058837890625,172.6134490966797,22.77899169921875,53.694488525390625,1.4082655752645223e-06
870,0.0,176.3181915283203,14.564292907714844,54.584442138671875,9.573188435751945e-06
870,470.6935119628906,177.84530639648438,26.54888916015625,61.6776123046875,4.926256679027574e-06
900,627.0505981445312,120.79493713378906,13.44940185546875,52.9862060546875,2.235378133264021e-06
900,619.4839477539062,118.87599182128906,21.01605224609375,100.3197021484375,1.8594274706629221e-06
900,0.0,181.96669006347656,16.288532257080078,56.69732666015625,1.9822966351057403e-05
900,627.8268432617188,176.773193359375,12.67315673828125,51.638153076171875,8.985861313703936e-06
900,0.0,151.07086181640625,27.082359313964844,117.69668579101562,1.5868290574871935e-06
900,0.6377763748168945,195.88604736328125,21.93709945678711,50.8978271484375,0.0029871470760554075
900,5.44132137298584,193.92388916015625,25.39179229736328,60.901824951171875,1.7827056581154466e-05
900,0.0,205.34298706054688,16.1547794342041,60.728485107421875,4.804830950888572e-06
900,601.98681640625,360.5523376464844,38.51318359375,119.94766235351562,5.149095613887766e-06
930,551.554931640625,194.2305908203125,22.693359375,53.6795654296875,3.429758180573117e-06
930,375.29705810546875,190.89370727539062,21.7315673828125,51.657440185546875,1.824982427933719e-05
930,477.65191650390625,200.63150024414062,21.26995849609375,50.915008544921875,1.848074134613853e-06
930,0.7996530532836914,204.6348114013672,21.78337860107422,51.195770263671875,0.00011546064342837781
930,6.683114051818848,202.6676025390625,23.54135513305664,56.196502685546875,2.359238533244934e-05
930,480.4159851074219,197.98806762695312,27.0809326171875,63.9483642578125,1.080437232303666e-05
930,0.0,213.29940795898438,15.514387130737305,54.32318115234375,1.2922608220833354e-05
930,0.0,193.78549194335938,21.45789337158203,100.6053466796875,2.712685272854287e-06
930,602.0630493164062,362.4844055175781,38.43695068359375,118.01559448242188,5.58823739993386e-06
960,627.5281372070312,44.80950164794922,12.97186279296875,50.50897216796875,8.178990537999198e-05
960,33.035186767578125,204.3517303466797,22.134437561035156,52.77119445800781,2.0511035472736694e-05
960,40.53340148925781,204.35675048828125,22.355239868164062,53.028167724609375,1.3630283319798764e-06
960,57.64298629760742,204.8128662109375,21.395915985107422,50.5113525390625,0.02067854255437851
960,607.1685180664062,207.52076721191406,21.1590576171875,51.49592590332031,0.000380418001441285
960,521.4904174804688,212.3061981201172,21.421630859375,50.67027282714844,1.706847979221493e-05
960,626.9573974609375,209.5468292236328,13.5426025390625,57.58110046386719,8.792492735665292e-06
960,50.61027526855469,208.40899658203125,21.281845092773438,50.51947021484375,2.3069098460837267e-05
960,63.7776985168457,206.54550170898438,22.114986419677734,52.92877197265625,3.5643639421323314e-05
990,0.0,196.47018432617188,16.15789794921875,57.153961181640625,9.013797352963593e-06
990,6.686199188232422,199.7057342529297,22.38977813720703,54.240234375,0.00017099942488130182
990,0.0,178.2735137939453,22.214153289794922,97.79408264160156,4.705871106125414e-06
990,1.1246862411499023,209.161865234375,22.578659057617188,53.205322265625,0.00024209593539126217
990,0.0,215.97032165527344,14.431777000427246,50.85057067871094,5.5079133744584396e-05
990,584.5966796875,221.1182098388672,21.8382568359375,51.96278381347656,2.8195438517286675e-06
990,591.4208984375,222.00289916992188,25.6451416015625,60.96710205078125,1.1947730854444671e-05
990,601.181884765625,239.16514587402344,21.2906494140625,51.59245300292969,1.3186153410060797e-05
990,608.365478515625,240.7694549560547,20.887939453125,50.78257751464844,3.715264028869569e-05
990,593.4483032226562,244.5513153076172,21.1611328125,51.26820373535156,9.445080877412693e-07
990,616.967529296875,247.9295654296875,21.847412109375,51.07208251953125,2.153125706172432e-06
990,627.4310913085938,249.9931640625,13.06890869140625,51.16558837890625,7.358346920227632e-06
990,0.0,341.5266418457031,60.50065612792969,138.97335815429688,7.3898386290238705e-06
1020,72.50698852539062,90.03091430664062,22.651504516601562,53.30604553222656,2.4453063815599307e-05
1020,0.0,223.52423095703125,14.246797561645508,55.547607421875,3.632063453551382e-05
1020,0.0,200.90396118164062,20.21428680419922,97.72109985351562,8.869433258951176e-06
1020,600.3628540039062,364.33880615234375,40.13714599609375,116.16119384765625,3.771545607378357e-06
1050,412.14691162109375,158.80377197265625,21.1357421875,50.78173828125,3.985993316746317e-06
1050,419.21612548828125,160.21975708007812,21.367431640625,50.811553955078125,0.0028297188691794872
1050,1.3847694396972656,206.337646484375,25.642940521240234,59.216583251953125,2.9948464543849695e-06
1050,8.91545295715332,204.70895385742188,29.850522994995117,72.24343872070312,4.353887197794393e-05
1050,11.059328079223633,222.92041015625,21.43773651123047,50.556243896484375,0.014524216763675213
1050,22.56340789794922,218.13095092773438,20.551429748535156,50.687286376953125,4.546668606053572e-06
1050,536.2564697265625,217.48374938964844,23.2103271484375,53.39088439941406,1.4892813169353758e-06
1050,0.0,224.7166748046875,15.221805572509766,53.86175537109375,1.2636339306482114e-05
1050,626.852294921875,223.1426544189453,13.647705078125,58.04750061035156,2.9469701985362917e-05
1050,3.7932958602905273,227.1202392578125,21.70317840576172,51.639984130859375,2.121654870279599e-05
1080,449.3101501464844,128.89813232421875,22.3233642578125,52.6329345703125,2.7195728762308136e-06
1080,457.29742431640625,131.22616577148438,23.0142822265625,54.7305908203125,2.6504843845032156e-05
1080,463.93670654296875,138.05020141601562,22.07574462890625,51.711639404296875,0.0007292040972970426
1080,470.2288513183594,141.85321044921875,22.0638427734375,52.221710205078125,4.306720438762568e-05
1110,547.0711669921875,16.1744384765625,93.361083984375,223.1577606201172,4.37453381891828e-05
1110,49.775733947753906,91.24513244628906,37.52638244628906,90.43362426757812,3.717874960784684e-06
1110,558.8984985351562,65.49618530273438,59.6263427734375,141.7421875,7.941496005514637e-05
1110,29.202308654785156,40.01573944091797,88.46598815917969,210.84942626953125,8.666288522363175e-06
1110,43.49981689453125,72.0927734375,56.90428161621094,135.47427368164062,1.366088599752402e-05
1110,564.3916625976562,110.986083984375,37.266845703125,86.0360107421875,6.696438504150137e-06
1110,39.22331237792969,106.06852722167969,44.70164489746094,109.29605102539062,5.738002528232755e-06
1140,0.0,37.49745178222656,16.68209457397461,61.9283447265625,1.0837664376595058e-05
1140,0.0,27.954307556152344,24.012779235839844,104.65241241455078,1.484918175265193e-05
1140,0.0,0.0,48.400535583496094,206.9829559326172,1.1320624935251544e-06
1140,581.7971801757812,70.58476257324219,24.01611328125,55.754425048828125,1.9274530131951906e-05
1140,90.10710144042969,83.43997192382812,21.904617309570312,52.45391845703125,5.823289029649459e-06
1140,551.3245849609375,72.20478820800781,31.8634033203125,78.357421875,0.015496204607188702
1140,564.2161254882812,66.53013610839844,31.48388671875,77.28578186035156,0.026763778179883957
1140,574.2303466796875,74.95060729980469,26.1700439453125,60.32965087890625,0.0007293329108506441
1140,589.7822875976562,78.4216079711914,25.458740234375,59.388267517089844,3.296071326985839e-06
1140,572.7720336914062,62.56763458251953,36.903564453125,88.87889862060547,6.997819582466036e-05
1140,626.7579956054688,90.50411224365234,13.74200439453125,50.68187713623047,8.381876796192955e-06
1140,546.6643676757812,85.14994049072266,26.7237548828125,63.10039520263672,0.0009734946652315557
1140,543.1061401367188,60.73567199707031,46.3602294921875,110.453369140625,1.2794001122529153e-05
1140,569.959716796875,85.80657958984375,21.2254638671875,52.063323974609375,1.5145301404118072e-05
1140,617.4332275390625,95.5871353149414,23.0667724609375,54.174781799316406,7.507384452765109e-06
1170,0.0,114.96034240722656,13.248442649841309,50.73345947265625,4.968269877281273e-06
1170,627.5360107421875,130.8340606689453,12.9639892578125,51.849578857421875,2.671587026270572e-06
1170,0.0,135.3275604248047,15.478425025939941,56.686004638671875,1.9372675978956977e-06
1200,625.6309814453125,135.15155029296875,14.8690185546875,53.4754638671875,3.402842048672028e-05
1200,617.9996948242188,117.21266174316406,22.50030517578125,94.82748413085938,1.2354104001133237e-05
1200,601.9854125976562,142.42581176757812,25.7911376953125,59.6529541015625,0.00038030813448131084
1200,616.0878295898438,144.95704650878906,21.6343994140625,51.409393310546875,0.001078583998605609
1200,595.4505615234375,146.80039978027344,20.7127685546875,50.98046875,4.353855729277711e-06
1200,609.6995849609375,149.1582489013672,24.2177734375,58.0352783203125,0.30781906843185425
1200,624.1356201171875,150.89735412597656,16.3643798828125,54.668426513671875,0.0016385464696213603
1200,590.4736938476562,92.71493530273438,50.02630615234375,221.76351928710938,7.223528882605024e-06
1200,616.8960571289062,160.3531951904297,22.003662109375,51.564300537109375,0.0017791468417271972
1200,626.0922241210938,166.80812072753906,14.40777587890625,59.09423828125,5.137377229402773e-06
1230,16.309436798095703,158.82606506347656,21.853675842285156,51.402313232421875,6.895648766658269e-06
1230,32.492469787597656,158.48123168945312,22.073829650878906,50.61822509765625,5.871996472706087e-05
1230,10.174111366271973,163.36622619628906,21.958171844482422,52.26873779296875,2.598318587843096e-06
1230,599.5045166015625,360.6139831542969,40.9954833984375,119.88601684570312,4.07199240726186e-06
1260,599.0255126953125,361.2339782714844,41.4744873046875,119.26602172851562,8.003998118510935e-06
1320,345.0208740234375,184.54563903808594,26.80841064453125,64.17581176757812,3.2123602977662813e-06
1320,25.547840118408203,207.80540466308594,21.724082946777344,51.40382385253906,7.913028639450204e-06
1350,154.89292907714844,185.51324462890625,23.35699462890625,54.7403564453125,4.860323315369897e-06
1350,166.87506103515625,188.18548583984375,22.289337158203125,54.417022705078125,4.508395704760915e-06
1350,210.7043914794922,191.87661743164062,21.86138916015625,51.34503173828125,0.9209988713264465
1350,8.820123672485352,193.60389709472656,21.37533187866211,51.20623779296875,9.627658528188476e-07
1350,161.85833740234375,197.06829833984375,21.5050048828125,50.7872314453125,0.0006378446705639362
1350,140.81411743164062,131.04713439941406,142.32046508789062,288.44189453125,4.371488557808334e-06
1350,223.67039489746094,191.5534210205078,20.462310791015625,50.74725341796875,8.297282647617976e-07
1350,601.4071655273438,195.1411895751953,23.178955078125,54.431488037109375,7.42925806207495e-07
1350,609.4697875976562,193.88475036621094,23.0399169921875,56.252044677734375,8.311090823553968e-06
1350,617.2786254882812,195.05848693847656,21.421875,51.199951171875,1.9827919459203258e-05
1350,627.4925537109375,201.7577362060547,13.0074462890625,50.78533935546875,8.173859532689676e-05
1350,578.1895141601562,203.44131469726562,21.60986328125,50.568572998046875,9.30564601731021e-06
1380,575.7449951171875,173.49378967285156,23.3685302734375,56.486663818359375,5.627331120194867e-06
1380,584.7182006835938,176.32846069335938,21.4835205078125,51.996612548828125,2.1252168153296225e-05
1380,83.4512710571289,187.27906799316406,23.284988403320312,55.777984619140625,4.0804161471896805e-06
1380,233.2940673828125,189.0828857421875,21.108551025390625,51.1700439453125,8.039877684495877e-06
1380,96.09228515625,195.80410766601562,21.302886962890625,50.722503662109375,0.3147279620170593
1380,592.119384765625,184.5831756591797,21.092529296875,51.54876708984375,2.3847837837820407e-06
1380,610.46337890625,188.2187957763672,21.883544921875,51.352264404296875,1.1157419066876173e-05
1380,46.14785385131836,114.08257293701172,103.40179443359375,251.65145874023438,8.862729373504408e-06
1380,616.4310302734375,192.91763305664062,22.8482666015625,53.8316650390625,2.3018996216706e-05
1380,26.009992599487305,204.71966552734375,22.419633865356445,52.3001708984375,3.353059946675785e-05
1380,33.23347854614258,200.29837036132812,23.70905303955078,55.87908935546875,8.661783795105293e-05
1380,44.23429870605469,199.70724487304688,25.707870483398438,59.61376953125,0.0037474692799150944
1380,35.52032470703125,170.76748657226562,47.4639892578125,99.04257202148438,2.1032885797467316e-06
1380,0.0,147.34210205078125,114.50605010986328,279.6097412109375,1.1353567970218137e-05
1380,53.501373291015625,195.36514282226562,26.554733276367188,63.806976318359375,0.9999890327453613
1380,61.9564323425293,199.76116943359375,24.149372100830078,55.864715576171875,0.023955589160323143
1380,72.24751281738281,200.0767364501953,21.533920288085938,51.123931884765625,5.970612164674094e-06
1380,82.05119323730469,183.25942993164062,35.13960266113281,82.0411376953125,1.6605039263595245e-06
1380,627.7396240234375,201.55662536621094,12.7603759765625,50.64483642578125,2.6633055313141085e-05
1380,0.0,207.2503662109375,15.67829418182373,56.623321533203125,2.1145669961697422e-05
1380,17.623886108398438,210.77908325195312,21.961750030517578,51.4603271484375,8.908563359000254e-06
1380,89.67988586425781,198.69644165039062,21.773147583007812,51.505157470703125,0.8790409564971924
1380,102.81360626220703,197.80453491210938,21.865280151367188,53.174530029296875,3.6611949326470494e-05
1380,8.761453628540039,214.16549682617188,22.372314453125,52.0311279296875,6.772122560505522e-07
1410,627.50830078125,166.70736694335938,12.99169921875,51.074066162109375,1.953623950612382e-06
1410,0.0,177.3140411376953,14.661280632019043,50.5841064453125,7.865418410801794e-06
1410,162.86643981933594,180.77613830566406,22.192779541015625,51.08624267578125,6.481618765974417e-05
1410,545.115966796875,177.87979125976562,21.4227294921875,52.24102783203125,1.9042995518248063e-06
1410,554.0040893554688,175.4957275390625,21.4925537109375,51.624267578125,1.963722070286167e-06
1410,567.0515747070312,176.3645477294922,21.3240966796875,51.595001220703125,8.501379488734528e-05
1410,574.823486328125,171.5062255859375,22.2293701171875,53.13128662109375,4.275133505871054e-06
1410,170.69998168945312,185.1065673828125,21.358551025390625,50.99530029296875,0.000679800461512059
1410,617.7288818359375,179.58612060546875,22.7711181640625,55.6339111328125,7.149075827328488e-06
1410,5.581506729125977,187.3617706298828,23.155216217041016,55.3017578125,9.797599886951502e-06
1410,40.9979362487793,194.7433319091797,21.20262908935547,51.209686279296875,9.755103747011162e-06
1410,181.84568786621094,187.56655883789062,21.474639892578125,51.73785400390625,0.0001241757272509858
1410,627.2822875976562,184.79583740234375,13.21771240234375,55.68963623046875,4.1268991481047124e-05
1410,0.0,126.88634490966797,44.278564453125,223.511474609375,4.369887847133214e-06
1410,0.0,193.69166564941406,21.790725708007812,53.456573486328125,0.0006542615010403097
1410,47.528377532958984,196.13973999023438,21.158565521240234,51.209808349609375,2.1570760509348474e-05
1410,0.0,204.6873779296875,14.633298873901367,52.839111328125,1.303416138398461e-05
1410,0.0,174.28289794921875,23.997241973876953,97.8602294921875,1.3857734302291647e-05
1440,592.1022338867188,161.62405395507812,23.6492919921875,54.707855224609375,1.162213493444142e-06
1440,561.47314453125,168.54661560058594,21.5645751953125,51.181915283203125,2.663568466232391e-06
1440,568.903076171875,167.96351623535156,21.35546875,51.616485595703125,5.792736601506476e-07
1440,576.3817138671875,166.1416473388672,21.5595703125,51.738677978515625,3.281852968939347e-06
1440,585.6753540039062,165.67288208007812,21.47705078125,51.695648193359375,3.886815648002084e-06
1440,130.16806030273438,184.61976623535156,22.60394287109375,52.61273193359375,1.2639295619010227e-06
1440,137.75975036621094,187.95738220214844,22.199249267578125,52.574798583984375,8.184941179933958e-06
1440,0.0,194.146728515625,14.656635284423828,55.19439697265625,2.137763885912136e-06
1470,579.3345947265625,159.34396362304688,30.532470703125,73.0257568359375,9.692454113974236e-06
1470,570.03515625,169.840087890625,23.5406494140625,54.90667724609375,4.437509687704733e-06
1470,577.927001953125,172.01795959472656,21.4599609375,51.089935302734375,0.00032419097260572016
1470,590.909912109375,168.73873901367188,22.7086181640625,55.242950439453125,2.320299472557963e-06
1470,607.2449951171875,166.10403442382812,27.471923828125,65.82086181640625,7.235374596348265e-06
1470,615.8277587890625,169.86444091796875,22.16748046875,52.66961669921875,0.0003764319990295917
1470,603.4237670898438,171.5973663330078,20.90283203125,50.53033447265625,1.5632336953785853e-06
1470,538.00732421875,64.4190673828125,102.49267578125,323.8388671875,3.4435265661159065e-06
1470,584.779541015625,177.4268035888672,21.2967529296875,50.542938232421875,0.1384764015674591
1470,624.9793090820312,174.26881408691406,15.52069091796875,54.052520751953125,0.00019632242037914693
1470,113.95574951171875,190.7593536376953,21.836288452148438,51.267181396484375,9.189939760290144e-07
1470,0.0,193.23594665527344,15.574581146240234,53.6201171875,3.965662108385004e-05
1470,600.3604736328125,362.3951721191406,40.1395263671875,118.10482788085938,5.73566057937569e-06
1500,609.8670043945312,132.47183227539062,30.63299560546875,85.57574462890625,2.969446995848557e-06
1500,608.7124633789062,154.73948669433594,22.3507080078125,51.515045166015625,4.37567759945523e-05
1500,599.728271484375,144.94293212890625,34.6375732421875,83.68289184570312,0.18506872653961182
1500,623.810546875,150.6457977294922,16.689453125,64.05453491210938,2.7193471396458335e-05
1500,586.9642333984375,130.31246948242188,49.806396484375,116.40740966796875,0.0007242892170324922
1500,593.3366088867188,80.54502868652344,47.16339111328125,226.74916076660156,2.405804252703092e-06
1500,595.41064453125,172.1233673095703,21.33447265625,51.705535888671875,1.3226632290752605e-05
1500,592.5796508789062,158.98519897460938,31.16259765625,73.34130859375,5.596717983280541e-06
1500,462.92486572265625,180.45262145996094,21.67559814453125,51.277069091796875,2.5999372610385763e-06
1500,586.9713134765625,176.2427215576172,21.6685791015625,52.64373779296875,4.722864730410947e-07
1500,539.6912231445312,94.72360229492188,100.80877685546875,291.16937255859375,3.89879169233609e-05
1500,605.8583374023438,175.69676208496094,22.69677734375,53.166015625,0.024842940270900726
1500,612.73974609375,172.44737243652344,23.8753662109375,56.372161865234375,0.0003486401401460171
1500,627.640869140625,177.49766540527344,12.859130859375,50.930908203125,4.188465027255006e-05
1530,610.1238403320312,183.03326416015625,21.130859375,50.51910400390625,0.00018232747970614582
1530,41.739898681640625,186.36143493652344,22.50995635986328,54.412628173828125,6.836194756942859e-07
1530,88.7912368774414,183.7384033203125,22.359771728515625,52.9049072265625,3.545940853655338e-05
1530,96.16529083251953,182.86624145507812,22.502090454101562,52.333099365234375,4.419631295604631e-05
1530,81.5969009399414,189.94996643066406,22.32025146484375,52.369293212890625,7.66489320085384e-05
1530,530.1580200195312,101.53851318359375,110.34197998046875,300.408203125,8.892580808605999e-06
1530,613.4133911132812,180.6404266357422,27.08660888671875,63.0841064453125,2.9935479687992483e-05
1530,625.85302734375,183.76019287109375,14.64697265625,53.93096923828125,9.875020623439923e-05
1530,102.750244140625,187.71119689941406,23.157516479492188,54.933197021484375,1.008334152174939e-06
1530,48.31866455078125,196.16583251953125,21.059837341308594,50.84979248046875,2.5904455469571985e-06
1560,626.8486938476562,113.27717590332031,13.65130615234375,53.18505859375,3.8296398997772485e-05
1560,623.4404296875,117.85200500488281,17.0595703125,76.9124755859375,6.9625953074137215e-06
1560,610.3563232421875,180.50503540039062,22.4959716796875,54.729339599609375,2.301616405020468e-05
1560,41.35917663574219,192.64785766601562,21.92022705078125,51.863006591796875,7.469624279110576e-07
1560,80.85702514648438,191.291015625,22.172576904296875,50.7432861328125,9.037451036419952e-07
1560,605.904052734375,189.60275268554688,20.7264404296875,50.53173828125,8.466012332064565e-06
1560,532.8330078125,106.05979919433594,107.6669921875,306.50469970703125,5.91820798945264e-06
1560,624.8394165039062,185.53330993652344,15.66058349609375,53.422332763671875,0.0001887490216176957
1560,616.48095703125,191.9986114501953,21.2667236328125,50.866851806640625,0.00032539269886910915
1590,627.2435913085938,119.54029846191406,13.25640869140625,55.62603759765625,6.549067620653659e-05
1590,73.91312408447266,176.5243377685547,25.300933837890625,59.384124755859375,1.2162329767306801e-05
1590,86.74825286865234,187.9254608154297,21.684432983398438,51.682159423828125,0.0004131002351641655
1590,608.772216796875,186.5839080810547,26.973876953125,64.04006958007812,9.89102954918053e-06
1590,540.5419921875,84.83448791503906,99.9580078125,313.87200927734375,3.0378307656064862e-06
1590,623.9138793945312,188.5143280029297,16.58612060546875,52.923309326171875,0.00023635002435185015
1590,41.471412658691406,199.63221740722656,21.345619201660156,51.260406494140625,7.112143975973595e-06
1590,48.07176208496094,197.73915100097656,21.329574584960938,51.020904541015625,1.095617108148872e-06
1590,80.66089630126953,194.1576385498047,22.276397705078125,52.080810546875,0.004059177357703447
1590,74.79234313964844,181.18414306640625,35.715301513671875,81.28546142578125,5.8453397286939435e-06
1590,96.43011474609375,190.5027313232422,21.615493774414062,51.221832275390625,0.0003049230435863137
1590,102.42904663085938,190.1600341796875,23.455673217773438,55.641510009765625,2.798200057441136e-06
1590,55.942604064941406,198.2374267578125,21.920135498046875,52.0396728515625,2.4474348947478575e-07
1620,627.7416381835938,123.07035827636719,12.75836181640625,50.5352783203125,0.0007493068114854395
1620,623.2703857421875,122.73921966552734,17.2296142578125,77.97376251220703,2.3618611521669663e-05
1620,615.4976806640625,185.21307373046875,25.0023193359375,67.64340209960938,1.921172724905773e-06
1620,625.1729736328125,187.78164672851562,15.3270263671875,55.033355712890625,9.570030670147389e-05
1620,35.40129089355469,203.8546142578125,21.400596618652344,50.7421875,0.00013922498328611255
1620,46.482364654541016,200.8865966796875,21.55447006225586,51.539794921875,8.481565600959584e-07
1650,10.645092010498047,199.4997100830078,24.10033416748047,56.02630615234375,1.3182607290218584e-05
1650,18.687774658203125,209.4248504638672,21.918228149414062,51.60096740722656,0.000432430679211393
1650,11.351987838745117,196.43508911132812,35.58672332763672,79.39456176757812,1.0296729442416108e-06
1650,30.157306671142578,208.96839904785156,22.25012969970703,52.36482238769531,4.0846964566298993e-07
1650,628.2560424804688,207.72454833984375,12.24395751953125,56.18212890625,1.966289573829272e-06
1680,451.6304626464844,206.6676788330078,21.7427978515625,51.60108947753906,0.000249797769356519
1680,445.1564025878906,211.2948455810547,21.13177490234375,51.44474792480469,1.6802419850137085e-05
1680,461.2131042480469,209.28982543945312,21.627197265625,52.15985107421875,1.0200282076766598e-06
1680,615.2562255859375,210.189208984375,22.1531982421875,52.031158447265625,6.414686595235253e-06
1710,0.0,165.392333984375,16.379119873046875,56.402099609375,5.180626976653002e-05
1710,0.0,180.62750244140625,23.52057647705078,59.512176513671875,9.220967331202701e-05
1710,8.112913131713867,180.75180053710938,22.551128387451172,51.85723876953125,4.56562775070779e-05
1710,14.612552642822266,182.29791259765625,23.476913452148438,55.437774658203125,1.0966230547637679e-05
1710,0.0,192.60568237304688,16.41531753540039,60.30401611328125,7.930614629003685e-06
1710,0.0,153.34552001953125,27.405498504638672,126.719482421875,1.234328351529257e-06
1710,1.850947380065918,180.37513732910156,32.47705078125,75.54837036132812,3.999307409685571e-06
1710,472.1872863769531,205.96072387695312,21.70440673828125,51.914459228515625,1.7139002466137754e-06
1710,488.74737548828125,212.47525024414062,21.23809814453125,50.963836669921875,6.03570842940826e-05
1710,530.3490600585938,216.8367156982422,23.0748291015625,53.69978332519531,4.9408416089136153e-05
1710,537.9448852539062,223.69894409179688,21.9423828125,53.02490234375,0.00017595717508811504
1710,546.1194458007812,222.313232421875,21.5823974609375,51.677642822265625,0.0003830671194009483
1710,558.4221801757812,221.85186767578125,22.273193359375,52.897064208984375,1.2725418855552562e-05
1710,552.503662109375,226.72894287109375,22.3856201171875,52.635528564453125,0.0003043990582227707
1740,107.50003051757812,193.54627990722656,21.537887573242188,51.055877685546875,3.427777119213715e-05
1740,491.89990234375,209.20053100585938,22.09295654296875,51.36553955078125,1.2141806109866593e-05
1740,497.3591003417969,215.71910095214844,22.094146728515625,52.64903259277344,0.0036093052476644516
1740,512.5511474609375,217.8418731689453,21.9202880859375,52.11863708496094,0.0004879715561401099
1740,503.5279235839844,220.3497314453125,22.911468505859375,54.692108154296875,0.0006329271709546447
1740,490.5787048339844,225.35145568847656,21.253173828125,51.93376159667969,8.170069122570567e-06
1740,494.6026916503906,228.7854461669922,26.068450927734375,63.15376281738281,1.6921585199725087e-07
1740,592.9713134765625,188.45309448242188,47.5286865234375,236.1376953125,6.990931524342159e-06
1740,609.8936157226562,217.87033081054688,30.60638427734375,141.6868896484375,1.0836589353857562e-05
1740,610.5648193359375,411.26971435546875,29.9351806640625,69.23028564453125,4.968544999428559e-06
1740,599.0711669921875,365.8226623535156,41.4288330078125,114.67733764648438,8.812657142698299e-06
1740,579.1885986328125,325.51959228515625,61.3114013671875,154.98040771484375,1.6753781437728321e-06
1770,77.86663055419922,184.62106323242188,21.679214477539062,51.918243408203125,0.0001387154625263065
1770,75.80030822753906,168.60186767578125,36.05401611328125,80.37515258789062,6.16167483258323e-07
1770,14.852706909179688,133.4183349609375,136.9375457763672,280.11004638671875,4.2885803850367665e-06
1770,85.99491882324219,185.69937133789062,21.53546142578125,50.637420654296875,0.9838590025901794
1770,92.42086029052734,182.46139526367188,22.679763793945312,53.9261474609375,1.0272424333379604e-05
1770,0.0,342.68798828125,62.28758239746094,137.81201171875,1.0912231118709315e-05
1800,43.42003631591797,175.3539276123047,25.030990600585938,58.650665283203125,6.926964852027595e-05
1800,577.900146484375,169.48959350585938,24.5748291015625,57.004669189453125,1.4062140508031007e-05
1800,18.828819274902344,176.88768005371094,24.156532287597656,56.725921630859375,3.0252458600443788e-06
1800,29.062767028808594,179.20892333984375,22.25238037109375,51.626861572265625,0.0002404165279585868
1800,34.87651443481445,175.76943969726562,26.84442138671875,63.640899658203125,0.9727479815483093
1800,591.9347534179688,178.83941650390625,20.619140625,51.563751220703125,2.7426198357716203e-05
1800,0.0,164.8575897216797,100.24118041992188,268.043701171875,6.832747658336302e-06
1800,28.06340980529785,163.25747680664062,42.812171936035156,100.44525146484375,2.368096829741262e-06
1800,51.620643615722656,177.56849670410156,25.65253448486328,60.25408935546875,2.7213657176616834e-06
1800,585.767578125,184.63589477539062,21.4173583984375,51.25738525390625,0.00010162740363739431
1800,24.656784057617188,178.1394500732422,31.37274169921875,72.6614990234375,6.450946966651827e-05
1800,425.1941223144531,201.51382446289062,21.39947509765625,51.480865478515625,4.4682465158985e-06
1800,581.0382080078125,187.06431579589844,30.8502197265625,72.79899597167969,2.251259320473764e-05
1800,591.7845458984375,195.55331420898438,21.51611328125,53.8330078125,1.0397486221336294e-05
1800,417.1993103027344,204.74554443359375,21.91912841796875,53.489959716796875,7.970983801897091e-07
1800,626.9808959960938,209.80418395996094,13.51910400390625,52.83811950683594,5.360193426895421e-06
1830,439.1529846191406,188.0778350830078,24.65277099609375,59.62969970703125,9.262995263270568e-06
1830,568.2123413085938,193.7259979248047,22.2738037109375,52.076416015625,1.5328298104577698e-05
1830,574.9332275390625,191.28353881835938,22.6937255859375,53.42822265625,9.442817827221006e-06
1830,442.1767578125,186.8603973388672,31.83135986328125,77.17201232910156,3.1997419682738837e-06
