30,362.8311462402344,169.840576171875,22.18353271484375,52.888397216796875,3.1922836569719948e-06
30,345.2117004394531,178.71932983398438,21.87823486328125,53.087615966796875,3.056574132642709e-05
30,283.0927429199219,75.14169311523438,152.693115234375,314.234375,2.25920348384534e-06
30,374.33935546875,183.62872314453125,21.9332275390625,51.304412841796875,5.650232424159185e-07
30,353.3070373535156,187.31890869140625,22.77606201171875,55.59539794921875,2.172126869481872e-06
30,367.8246765136719,186.36822509765625,21.47503662109375,50.7154541015625,0.00017984183796215802
30,359.6861877441406,188.45069885253906,25.1497802734375,58.824920654296875,3.2955433653114596e-06
60,609.4448852539062,145.08815002441406,21.3621826171875,52.05859375,3.945961907447781e-06
60,345.2861328125,176.44996643066406,22.37664794921875,52.961517333984375,9.795862570172176e-05
60,125.4240493774414,269.3345642089844,45.301292419433594,112.65704345703125,1.5304580301744863e-05
90,627.3089599609375,50.245750427246094,13.1910400390625,55.51875305175781,8.123996849462856e-06
90,351.18109130859375,171.43020629882812,22.39996337890625,53.000213623046875,6.36498680250952e-06
90,345.56256103515625,177.12933349609375,22.392333984375,53.032806396484375,0.00027030566707253456
90,120.86871337890625,225.59725952148438,59.166168212890625,142.6900634765625,8.401732884522062e-06
90,123.85924530029297,269.6039123535156,45.444496154785156,113.48406982421875,1.0327715244784486e-05
120,627.5845947265625,50.577354431152344,12.9154052734375,55.356536865234375,7.817840923962649e-06
120,344.9261169433594,181.35923767089844,23.5234375,55.52191162109375,1.4484000530501362e-05
120,384.1143493652344,184.32510375976562,21.56756591796875,52.21728515625,0.00012338199303485453
120,432.47113037109375,182.29873657226562,21.156494140625,51.417938232421875,2.6556624561635545e-06
120,124.64199829101562,269.13641357421875,44.40283203125,111.14422607421875,1.4817043847870082e-05
150,627.348388671875,51.43285369873047,13.151611328125,54.98817443847656,2.3438633434125222e-05
150,344.8769836425781,181.12571716308594,23.54296875,55.105712890625,3.1567589758196846e-05
150,384.3051452636719,183.7667999267578,22.17962646484375,53.509307861328125,2.3015023543848656e-05
150,391.778076171875,184.04226684570312,22.46661376953125,54.178680419921875,5.044002136855852e-06
150,432.3767395019531,182.790283203125,20.84625244140625,50.86761474609375,2.081068032566691e-06
150,124.58018493652344,269.424560546875,44.234222412109375,110.42266845703125,9.332851732324343e-06
180,344.9334411621094,178.83917236328125,21.96783447265625,51.979217529296875,6.146803207229823e-05
180,432.4787292480469,181.5502471923828,21.1324462890625,51.415191650390625,7.333582288993057e-06
180,124.20179748535156,270.46923828125,45.7479248046875,113.69244384765625,1.4274171917350031e-05
210,627.8857421875,52.991615295410156,12.6142578125,55.07733154296875,2.064532418444287e-05
210,339.15771484375,174.25064086914062,22.00799560546875,52.1300048828125,3.4537217288743705e-05
210,344.0877685546875,182.2672576904297,22.519775390625,53.189666748046875,0.00025595101760700345
210,432.6617736816406,182.731689453125,20.5870361328125,50.597442626953125,2.982030082421261e-06
210,351.326416015625,190.08938598632812,20.3289794921875,50.6768798828125,1.2493904932853184e-06
210,339.74951171875,187.23345947265625,30.7672119140625,73.88955688476562,1.7806871255743317e-05
210,124.32454681396484,269.1434326171875,44.13263702392578,110.9573974609375,7.882486897869967e-06
240,344.2179870605469,184.59165954589844,22.4140625,52.4705810546875,0.0002871755859814584
240,431.5272521972656,182.20211791992188,23.24041748046875,56.24853515625,1.2999340469832532e-05
240,416.9050598144531,190.15916442871094,21.2587890625,50.537506103515625,1.9757062545977533e-05
240,424.96820068359375,188.339111328125,21.27484130859375,51.317108154296875,1.4026244571141433e-05
270,551.9188842773438,172.39083862304688,23.9150390625,55.93994140625,1.0543228199821897e-05
270,626.9025268554688,171.609619140625,13.59747314453125,50.8507080078125,1.971903884623316e-06
270,544.626220703125,177.7418212890625,24.716796875,57.83001708984375,2.265491093567107e-05
270,343.50030517578125,183.60418701171875,22.3916015625,52.777435302734375,0.0010101234074681997
270,432.63812255859375,184.76895141601562,22.2093505859375,53.0059814453125,6.4604801082168706e-06
270,338.622802734375,190.8409423828125,22.202392578125,55.285552978515625,3.214045818822342e-06
270,590.9879760742188,151.72146606445312,49.51202392578125,238.298095703125,1.555349081172608e-05
300,0.0,164.0873565673828,14.86103343963623,53.662567138671875,8.624784641142469e-06
300,337.57696533203125,169.2137908935547,25.3101806640625,60.166839599609375,2.7849291655002162e-05
300,350.1670227050781,177.69866943359375,21.09588623046875,50.732666015625,6.601625500479713e-05
300,553.10791015625,171.44210815429688,20.97216796875,50.766265869140625,6.307087005552603e-06
300,567.6233520507812,178.82192993164062,24.6644287109375,57.362457275390625,8.169068314600736e-05
300,344.42352294921875,185.17584228515625,22.7884521484375,53.050872802734375,0.0062623280100524426
300,561.9304809570312,183.32704162597656,20.7716064453125,51.530487060546875,4.1085844713961706e-05
300,331.6508483886719,190.7607421875,21.1844482421875,51.76458740234375,8.962333595263772e-07
300,350.97381591796875,193.32070922851562,20.989501953125,51.562103271484375,3.801085040322505e-05
300,340.3539733886719,189.60098266601562,30.31158447265625,71.99026489257812,1.4832510714768432e-05
300,600.7208251953125,362.71875,39.7791748046875,117.78125,7.68088830227498e-06
300,580.0474243164062,319.9631652832031,60.45257568359375,160.53683471679688,9.814392569751362e-07
330,1.751626968383789,154.8616485595703,23.193172454833984,54.638641357421875,3.223662815798889e-06
330,0.0,163.66250610351562,16.248123168945312,54.0628662109375,3.0894279916537926e-05
330,1.455301284790039,173.52386474609375,22.61650848388672,53.443359375,8.881222311174497e-05
330,0.0,181.32418823242188,14.579011917114258,52.983856201171875,2.5698700483189896e-06
330,0.0,155.2306671142578,22.507537841796875,100.7685546875,2.4639882667543134e-06
330,346.2339782714844,186.93441772460938,22.82861328125,54.418212890625,5.6017885071923956e-05
330,351.8622131347656,198.14596557617188,20.6700439453125,50.7235107421875,2.9107161481078947e-06
330,617.1387939453125,211.4420928955078,20.59814453125,50.83842468261719,4.327437181927962e-06
330,627.470947265625,210.5591583251953,13.029052734375,52.39564514160156,1.905601311591454e-05
330,608.6065673828125,215.3288116455078,24.0135498046875,55.41545104980469,4.305780021240935e-05
330,609.5029907226562,408.759521484375,30.99700927734375,71.740478515625,3.6668482152890647e-06
330,599.5996704101562,364.43243408203125,40.90032958984375,116.06756591796875,3.6896351502946345e-06
360,0.0,167.2003936767578,20.877344131469727,51.395721435546875,3.719287633430213e-05
360,120.34878540039062,161.9692840576172,23.913421630859375,56.83221435546875,1.9503773728501983e-05
360,627.891845703125,160.56878662109375,12.608154296875,52.77239990234375,2.2070796603657072e-06
360,0.0,148.81906127929688,23.181055068969727,97.8564453125,4.302738034311915e-06
360,0.0,177.97959899902344,16.08823013305664,59.456085205078125,4.142396846873453e-06
360,359.3293762207031,186.70860290527344,22.42578125,52.995849609375,2.7893600417883135e-05
360,418.0629577636719,186.7334747314453,22.01318359375,53.62225341796875,1.4406816717382753e-06
360,487.39874267578125,189.8532257080078,23.1641845703125,54.06689453125,3.168433977407403e-05
360,121.59916687011719,206.61097717285156,21.049957275390625,51.21708679199219,4.496896053751698e-06
360,620.4326171875,429.555908203125,20.0673828125,50.944091796875,4.383260602480732e-06
360,610.0925903320312,411.4574279785156,30.40740966796875,69.04257202148438,5.5792220337025356e-06
360,598.453857421875,364.080078125,42.046142578125,116.419921875,1.223785147885792e-05
390,504.2835693359375,186.75384521484375,21.3714599609375,51.092071533203125,4.450015694601461e-06
390,432.1763000488281,185.6075439453125,22.24267578125,52.847442626953125,6.0902591940248385e-05
390,424.9841613769531,188.798583984375,23.62200927734375,56.896240234375,8.852499377098866e-06
390,497.7439270019531,192.31210327148438,22.870635986328125,54.232666015625,7.309525972232223e-05
390,511.18475341796875,191.9965057373047,22.3402099609375,52.95367431640625,6.145064617157914e-06
390,488.4104309082031,194.53294372558594,25.241973876953125,59.564666748046875,1.3023584415350342e-06
390,546.283935546875,150.58937072753906,93.4178466796875,226.22422790527344,1.0722819752118085e-05
390,592.1507568359375,127.50929260253906,48.3492431640625,235.1025848388672,5.423310085461708e-06
390,119.66522979736328,204.98236083984375,25.717018127441406,58.57421875,1.2230932043166831e-05
390,487.435546875,180.0223388671875,37.52960205078125,90.38632202148438,2.1836310679645976e-06
390,501.501708984375,198.53269958496094,26.6002197265625,62.19477844238281,0.0001694304373813793
390,607.0140380859375,174.9283447265625,33.4859619140625,142.0660400390625,3.9636051951674744e-06
390,567.398681640625,190.39630126953125,55.7164306640625,138.8358154296875,0.00029586683376692235
390,627.2506103515625,222.54000854492188,13.2493896484375,52.0478515625,6.368052709149197e-06
390,576.927001953125,231.01693725585938,24.10986328125,57.9964599609375,6.3501256590825506e-06
390,588.4967651367188,228.2738037109375,29.89599609375,69.966064453125,5.647043508361094e-07
390,561.670166015625,231.18353271484375,22.041748046875,56.1878662109375,4.986635758541524e-06
390,558.616455078125,222.35960388183594,32.9959716796875,76.89710998535156,1.548913132864982e-05
390,564.179443359375,208.3616180419922,39.5428466796875,98.30168151855469,1.0427097549836617e-05
390,575.0000610351562,220.98953247070312,39.7430419921875,97.7781982421875,0.0021330046001821756
390,606.9395141601562,233.49200439453125,26.73876953125,60.3533935546875,5.6925287026388105e-06
390,582.1196899414062,237.84701538085938,27.7054443359375,67.02728271484375,1.2907347809232306e-05
390,624.6226196289062,237.34060668945312,15.87738037109375,64.01947021484375,1.2289568985579535e-05
390,617.2421264648438,218.65347290039062,23.25787353515625,96.60870361328125,2.8426113203749992e-05
390,569.6332397460938,235.811279296875,27.7646484375,68.80255126953125,1.3826963368046563e-05
390,595.8594360351562,237.777099609375,30.0833740234375,73.0836181640625,9.487620218351367e-07
390,584.8711547851562,227.06475830078125,43.0325927734375,101.56396484375,2.456059337418992e-05
390,597.73681640625,221.91534423828125,42.76318359375,112.51611328125,4.091213668289129e-06
390,620.1640014648438,426.2787780761719,20.33599853515625,54.221221923828125,5.889016847504536e-06
390,610.3472900390625,406.47967529296875,30.1527099609375,74.02032470703125,6.006449893902754e-06
390,598.6199340820312,365.1877746582031,41.88006591796875,115.31222534179688,1.7501723050372675e-05
390,578.506591796875,323.3570556640625,61.993408203125,157.1429443359375,1.0216258488071617e-05
420,443.753662109375,184.70925903320312,22.4019775390625,52.7144775390625,1.0598789685900556e-06
420,455.88726806640625,188.834228515625,21.765869140625,53.242218017578125,0.001188909518532455
420,463.264404296875,190.1400604248047,22.34344482421875,55.5035400390625,7.968334830366075e-05
420,471.40411376953125,191.2938232421875,21.57110595703125,51.374908447265625,8.360495121451095e-05
420,567.5247802734375,193.401123046875,22.406982421875,52.956939697265625,0.00047250432544387877
420,447.8538818359375,191.50390625,25.0972900390625,59.25433349609375,0.0013330810470506549
420,467.1030578613281,190.10357666015625,30.340087890625,72.87405395507812,3.246762844355544e-06
420,440.9856872558594,197.01654052734375,25.7291259765625,62.576202392578125,7.135255600587698e-06
420,448.25750732421875,179.255126953125,34.514404296875,86.78961181640625,2.576417045929702e-06
420,561.5204467773438,201.0982666015625,23.747314453125,56.179351806640625,0.00015752635954413563
420,0.0,346.79376220703125,60.93242645263672,133.70623779296875,5.950943432253553e-06
450,596.0792236328125,0.0,44.4207763671875,124.32830047607422,5.786900601378875e-06
450,446.0333251953125,185.9319305419922,21.93902587890625,52.22918701171875,0.000268699717707932
450,453.96490478515625,182.14500427246094,24.83099365234375,59.860137939453125,0.9450727105140686
450,463.4076843261719,180.281005859375,24.923095703125,60.365936279296875,0.33855101466178894
450,473.07135009765625,180.63853454589844,24.27008056640625,58.4884033203125,0.9971747398376465
450,486.8643493652344,182.26487731933594,21.89959716796875,51.850830078125,0.0006291778990998864
450,494.1868591308594,181.80978393554688,25.473968505859375,60.89300537109375,3.8827256503282115e-05
450,499.08837890625,176.69728088378906,30.720703125,71.4566650390625,1.266012986889109e-06
450,353.0485534667969,192.93527221679688,23.55865478515625,55.599578857421875,3.893626853823662e-05
450,391.73944091796875,157.04443359375,125.495361328125,272.16632080078125,5.059399427409517e-06
450,357.9501953125,201.47079467773438,24.7606201171875,56.9234619140625,0.00011784657544922084
450,467.3294982910156,176.376953125,35.07073974609375,80.35992431640625,0.0004961342783644795
450,479.0108337402344,187.08609008789062,24.54827880859375,58.565765380859375,0.01504293829202652
450,481.6998596191406,180.6293487548828,31.313323974609375,77.30747985839844,0.00016151592717505991
450,447.9535217285156,192.50083923339844,25.99298095703125,61.858306884765625,0.0016924007795751095
450,0.0,163.99105834960938,29.22926902770996,141.29562377929688,3.6524340885080164e-06
450,452.9620361328125,199.13092041015625,27.647216796875,67.34799194335938,2.673214112292044e-05
450,458.0808410644531,189.73020935058594,34.0555419921875,80.55842590332031,1.5087018255144358e-05
450,0.0,149.3291473388672,46.528873443603516,223.6054229736328,3.250189138270798e-06
450,600.3509521484375,365.36956787109375,40.1490478515625,115.13043212890625,5.867590971320169e-06
480,468.07232666015625,161.33396911621094,35.53802490234375,87.21209716796875,1.765713363965915e-06
480,472.2941589355469,171.90489196777344,25.38677978515625,59.6915283203125,0.009736388921737671
480,451.464111328125,175.767333984375,23.1558837890625,54.102386474609375,6.255902553675696e-05
480,451.45513916015625,156.3972625732422,44.83062744140625,108.04417419433594,5.512403731700033e-06
480,487.486572265625,176.80653381347656,23.2982177734375,53.85369873046875,0.015240445733070374
480,550.5821533203125,181.56568908691406,24.6593017578125,57.718475341796875,4.14648893638514e-05
480,463.56787109375,174.89447021484375,27.234130859375,64.31414794921875,0.024971628561615944
480,479.27362060546875,175.50074768066406,26.139892578125,62.552734375,0.8878812789916992
480,528.17138671875,182.83999633789062,21.6807861328125,51.291717529296875,0.14459624886512756
480,346.23193359375,184.79071044921875,22.0523681640625,51.74114990234375,4.412846828927286e-05
480,455.8160400390625,179.10623168945312,27.35284423828125,65.57977294921875,0.99732506275177
480,431.6661682128906,128.61114501953125,97.83773803710938,236.98373413085938,3.008289013450849e-06
480,495.4070129394531,182.6033477783203,22.003326416015625,52.44671630859375,0.0004993322072550654
480,520.1383056640625,182.35977172851562,23.055419921875,55.37420654296875,0.8186719417572021
480,457.65142822265625,136.3341827392578,131.91015625,281.26702880859375,1.1045682185795158e-05
480,506.7046813964844,187.42796325683594,21.805572509765625,52.855255126953125,9.793358913157135e-05
480,537.3213500976562,188.7592010498047,21.822509765625,51.50714111328125,0.5061513185501099
480,544.5730590820312,190.71412658691406,24.6861572265625,58.73419189453125,0.38467153906822205
480,556.2189331054688,192.75845336914062,25.7059326171875,60.799774169921875,8.639132283860818e-05
480,547.9833984375,180.0845489501953,39.0975341796875,92.06825256347656,2.132861118298024e-05
480,474.16876220703125,191.09457397460938,20.72802734375,50.88623046875,1.8265529433847405e-05
480,514.9977416992188,191.45059204101562,21.2437744140625,52.076446533203125,0.0009269653237424791
480,514.5772705078125,171.30743408203125,32.8870849609375,77.26815795898438,0.0002339968050364405
480,521.8135986328125,181.17147827148438,32.338134765625,81.535888671875,5.527234316105023e-05
480,533.165283203125,185.21849060058594,32.12744140625,78.19444274902344,0.0001096607229555957
480,548.4376220703125,199.07586669921875,27.556884765625,63.6441650390625,0.009590882807970047
480,505.9768981933594,167.1900634765625,50.640167236328125,117.08419799804688,2.0473255517572397e-06
480,538.3035278320312,190.78213500976562,38.195068359375,93.07708740234375,0.00032480162917636335
480,523.0565795898438,179.83493041992188,56.0257568359375,134.21157836914062,6.6227921706740744e-06
480,619.720947265625,426.125732421875,20.779052734375,54.374267578125,4.503758646023925e-06
480,610.3796997070312,406.2000732421875,30.12030029296875,74.2999267578125,8.715961484995205e-06
480,599.4303588867188,358.75714111328125,41.06964111328125,121.74285888671875,4.282829650037456e-06
510,0.0,110.72099304199219,15.2700777053833,54.65057373046875,9.281370694225188e-06
510,489.3179016113281,171.7404022216797,22.05889892578125,52.490692138671875,9.461830632062629e-05
510,510.7093505859375,169.18853759765625,21.0318603515625,51.481964111328125,3.726910654222593e-05
510,473.7823791503906,174.318359375,22.14288330078125,52.056396484375,0.000264798232819885
510,462.93048095703125,163.8925323486328,46.00738525390625,106.04270935058594,6.054528057575226e-06
510,562.2673950195312,181.3352508544922,21.6153564453125,50.61627197265625,0.0014474927447736263
510,440.5562744140625,175.6019744873047,22.22528076171875,53.554473876953125,5.3417825256474316e-05
510,447.81646728515625,174.84576416015625,24.021240234375,57.462005615234375,6.715642371091235e-07
510,466.31329345703125,177.3076171875,25.8935546875,61.176788330078125,0.00024390607723034918
510,503.5517272949219,173.455322265625,21.735321044921875,52.038330078125,0.9036550521850586
510,532.7417602539062,167.7799072265625,33.9398193359375,81.66238403320312,4.9112088163383305e-05
510,575.4784545898438,185.75343322753906,21.9312744140625,52.3482666015625,0.007900778204202652
510,459.2364501953125,181.41384887695312,22.02069091796875,54.132293701171875,3.162020448144176e-06
510,483.4858703613281,176.96533203125,29.080810546875,70.03961181640625,0.0022140152286738157
510,495.06585693359375,171.65008544921875,28.55755615234375,69.73202514648438,0.006859735585749149
510,504.7630920410156,165.56243896484375,31.285736083984375,73.65713500976562,2.659727670106804e-06
510,532.0610961914062,184.01339721679688,23.46142578125,56.317291259765625,9.097550446313107e-07
510,543.4063110351562,188.92262268066406,22.073974609375,52.42059326171875,0.009480562061071396
510,551.9825439453125,188.80116271972656,22.8646240234375,54.198516845703125,4.0197253838414326e-05
510,499.07513427734375,121.37477111816406,137.9466552734375,294.133544921875,5.822900675411802e-06
510,597.205322265625,187.4979248046875,23.423583984375,55.2626953125,0.07908958941698074
510,604.9708862304688,186.68856811523438,22.51611328125,54.540985107421875,2.7939313440583646e-05
510,627.1234130859375,187.08819580078125,13.3765869140625,51.23089599609375,5.845607574883616e-06
510,471.72119140625,180.36280822753906,28.725341796875,68.724853515625,0.9949101805686951
510,567.9747314453125,188.86093139648438,22.189453125,52.593780517578125,0.9098458886146545
510,560.8067016601562,175.42507934570312,34.9781494140625,82.31692504882812,1.4548055332852527e-05
510,586.1199340820312,188.08242797851562,21.2381591796875,51.152069091796875,0.000581678468734026
510,592.8034057617188,177.1641082763672,35.3572998046875,80.05482482910156,0.0005453904741443694
510,467.1185607910156,196.40834045410156,22.2998046875,55.383270263671875,2.0535147996270098e-05
510,561.0921020507812,193.32571411132812,24.573486328125,58.47637939453125,5.044025965617038e-05
510,620.3960571289062,428.7803955078125,20.10394287109375,51.7196044921875,1.0328296411898918e-05
510,610.0953369140625,411.6712646484375,30.4046630859375,68.8287353515625,5.395817879616516e-06
510,599.1890869140625,366.53839111328125,41.3109130859375,113.96160888671875,9.489153853792232e-06
510,577.78173828125,326.7738952636719,62.71826171875,153.72610473632812,4.055877070641145e-06
540,546.1266479492188,166.54293823242188,20.86328125,50.604095458984375,5.442927431431599e-05
540,588.5970458984375,152.9083251953125,48.0045166015625,120.26812744140625,0.0001452290453016758
540,590.257568359375,106.60630798339844,50.242431640625,223.4085235595703,1.314254041062668e-05
540,352.8321838378906,161.52188110351562,22.16192626953125,52.716400146484375,7.408156307064928e-06
540,464.95208740234375,171.50962829589844,21.8675537109375,54.183807373046875,2.2176664060680196e-05
540,585.1209716796875,171.9625244140625,23.0660400390625,54.759979248046875,1.6028452591854148e-05
540,602.83837890625,164.6395721435547,32.3701171875,78.86984252929688,0.0004339833976700902
540,625.624755859375,167.2763214111328,14.875244140625,52.83447265625,4.1079889342654496e-05
540,619.62158203125,160.07997131347656,20.87841796875,79.60714721679688,5.6460281484760344e-05
540,475.0097961425781,170.4983367919922,21.09417724609375,51.9417724609375,0.0001050656646839343
540,399.0072021484375,84.14437866210938,150.76922607421875,303.65899658203125,5.506335128302453e-06
540,551.06982421875,171.1560516357422,21.44580078125,52.2978515625,0.00012917908316012472
540,458.0942077636719,180.69956970214844,21.46148681640625,51.14874267578125,0.16463260352611542
540,513.3262329101562,176.65745544433594,23.32177734375,55.42474365234375,9.980409231502563e-06
540,521.0183715820312,175.82691955566406,23.858154296875,56.17034912109375,2.121074248861987e-05
540,531.19140625,175.05380249023438,22.081787109375,51.86279296875,0.0001533277245471254
540,539.1663208007812,173.2012481689453,22.0892333984375,52.45550537109375,0.005626755766570568
540,586.0361328125,174.89906311035156,30.0595703125,72.36593627929688,0.6471001505851746
540,599.624267578125,178.59979248046875,24.172607421875,57.235443115234375,6.732052861480042e-05
540,608.3056640625,179.38296508789062,23.4014892578125,54.66815185546875,0.00013949288404546678
540,451.1905212402344,169.2025146484375,34.31341552734375,79.39996337890625,8.479159077978693e-06
540,467.7290954589844,172.85986328125,30.44158935546875,68.77880859375,1.0273669204252656e-06
540,481.4706726074219,174.51669311523438,21.23565673828125,51.3369140625,2.934081931016408e-05
540,538.7850952148438,152.54637145996094,101.71490478515625,271.05322265625,4.288924174034037e-06
540,593.8003540039062,172.50546264648438,34.4306640625,82.40814208984375,0.9996628761291504
540,626.0425415039062,185.4169464111328,14.45745849609375,51.830322265625,7.643915159860626e-05
540,451.55438232421875,185.75350952148438,21.64508056640625,52.494232177734375,1.9479648472042754e-05
540,531.6434936523438,174.66119384765625,32.492431640625,77.63900756835938,3.604125959100202e-05
540,542.9978637695312,182.89724731445312,23.453125,57.998779296875,8.410775080847088e-06
540,578.142333984375,182.2751007080078,27.786865234375,63.3607177734375,7.109161401785968e-07
540,609.4159545898438,180.02845764160156,31.08404541015625,84.17012023925781,0.9318000078201294
540,463.45977783203125,188.0240478515625,22.94573974609375,55.907012939453125,4.052617896377342e-06
540,621.29638671875,192.86134338378906,19.20361328125,64.51106262207031,0.001128338510170579
540,601.899169921875,196.4187469482422,22.8909912109375,54.484619140625,1.8614109649206512e-06
540,609.71337890625,200.0345458984375,22.7613525390625,54.59625244140625,6.066973946872167e-05
540,625.41259765625,215.03524780273438,15.08740234375,55.590972900390625,4.5110882638255134e-05
570,0.0,153.5557861328125,15.294777870178223,54.819000244140625,3.872250545100542e-06
570,578.515625,163.47003173828125,23.673583984375,56.566192626953125,7.956534682307392e-05
570,527.9841918945312,165.7598419189453,20.3673095703125,50.955657958984375,0.005066081881523132
570,553.1019287109375,165.8319091796875,21.866943359375,52.01123046875,8.485808393743355e-06
570,453.7389831542969,107.19281005859375,139.16128540039062,287.39453125,8.084394721663557e-06
570,535.556396484375,168.57969665527344,21.3763427734375,51.457000732421875,9.331195542472415e-06
570,506.7593688964844,173.4647216796875,21.572967529296875,51.64849853515625,2.44799921347294e-05
570,520.9880981445312,170.91998291015625,21.522216796875,51.19036865234375,0.0038675828836858273
570,571.7898559570312,172.39312744140625,21.9180908203125,53.586029052734375,2.473839458616567e-06
570,581.404052734375,170.638916015625,27.070556640625,64.461181640625,0.17752720415592194
570,590.3152465820312,170.15261840820312,24.49072265625,59.161895751953125,5.089356636744924e-05
570,598.9515991210938,173.02972412109375,26.929443359375,62.478668212890625,2.5765799364307895e-05
570,609.0316772460938,172.67294311523438,22.8848876953125,55.3416748046875,7.526270928792655e-05
570,614.6437377929688,173.50035095214844,25.8345947265625,59.584686279296875,0.0003544966457411647
570,625.9093017578125,176.2971649169922,14.5906982421875,53.595458984375,5.703846545657143e-05
570,514.7430419921875,174.9792938232422,22.591796875,54.2379150390625,4.489406637731008e-05
570,514.8714599609375,170.3357391357422,32.2265625,75.25,1.9696693925652653e-05
570,581.746826171875,161.05784606933594,38.193603515625,92.89019775390625,5.80311389057897e-05
570,605.495849609375,179.8253173828125,31.412841796875,75.50848388671875,9.248324204236269e-06
570,622.7097778320312,182.82083129882812,17.79022216796875,71.18231201171875,8.438371878582984e-06
570,571.31201171875,174.19515991210938,34.9610595703125,82.89251708984375,7.149185421440052e-06
570,627.7039794921875,207.93638610839844,12.7960205078125,51.24583435058594,9.43184659263352e-06
600,553.8472290039062,147.0745086669922,24.274658203125,57.876190185546875,3.892171662300825e-05
600,627.2144165039062,142.8301239013672,13.28558349609375,51.37945556640625,3.140332182738348e-06
600,561.4353637695312,156.67893981933594,21.5263671875,51.018707275390625,0.6344385147094727
600,575.8724975585938,159.26539611816406,21.769287109375,52.1494140625,0.006399862468242645
600,616.4683227539062,151.7417755126953,24.03167724609375,57.651397705078125,7.44655471862643e-06
600,568.95703125,159.47386169433594,21.2882080078125,50.77081298828125,0.044931959360837936
600,583.9017333984375,158.7359619140625,20.9532470703125,52.146820068359375,0.00016125862020999193
600,593.4815063476562,158.42091369628906,21.0003662109375,52.069122314453125,1.5897176126600243e-06
600,603.551025390625,158.09266662597656,21.645751953125,52.08087158203125,1.3590743037639186e-05
600,609.8291015625,162.8856658935547,21.5145263671875,51.15411376953125,3.956856744480319e-05
600,554.1439208984375,144.61471557617188,36.0794677734375,81.32839965820312,1.330154191236943e-05
600,497.0919189453125,105.4576416015625,132.5213623046875,278.17437744140625,3.3526159768371144e-06
600,626.3621826171875,164.31236267089844,14.1378173828125,54.10150146484375,0.0005632750107906759
600,612.423828125,116.80167388916016,28.076171875,130.08615112304688,4.517477009358117e-06
600,568.0684814453125,62.580413818359375,72.4315185546875,318.64276123046875,3.291186658316292e-06
600,450.8603515625,164.52017211914062,21.620361328125,51.358062744140625,5.321329581420287e-07
630,626.2249145507812,130.5626220703125,14.27508544921875,53.349609375,3.792916322709061e-05
630,611.1001586914062,91.16630554199219,29.39984130859375,131.55307006835938,1.733878525556065e-05
630,603.4526977539062,137.00942993164062,21.834716796875,52.5614013671875,9.491824130236637e-06
630,554.8209228515625,56.61418151855469,85.6790771484375,297.19207763671875,7.24287201592233e-06
630,623.2296142578125,139.6951446533203,17.2703857421875,65.852294921875,0.000650537374895066
630,611.9354248046875,144.80247497558594,20.936279296875,51.051239013671875,0.0003773996722884476
630,595.9029541015625,91.74964141845703,44.5970458984375,223.53341674804688,5.9323891036910936e-05
630,617.653076171875,132.88677978515625,22.846923828125,99.52972412109375,0.0007784193730913103
630,624.5880126953125,162.19126892089844,15.9119873046875,71.94622802734375,1.6260317352134734e-05
630,606.6549682617188,126.35762786865234,33.84503173828125,136.26235961914062,7.956996705615893e-05
660,614.3041381835938,161.04217529296875,21.6024169921875,50.68280029296875,3.2758172892499715e-05
660,607.05810546875,167.23214721679688,21.5382080078125,51.3931884765625,0.01501645427197218
660,597.5128173828125,171.00802612304688,21.1402587890625,52.4522705078125,0.0004609056923072785
660,594.9803466796875,152.70713806152344,36.756103515625,80.2515869140625,2.9361535780481063e-06
660,535.1768798828125,104.91236877441406,105.3231201171875,292.0245361328125,7.660478331672493e-06
660,627.5546875,169.93165588378906,12.9453125,51.681976318359375,1.0593216757115442e-05
660,611.1514282226562,169.31500244140625,28.974365234375,66.49331665039062,5.482347660290543e-06
690,577.4611206054688,165.91493225097656,21.8223876953125,52.461456298828125,7.007488602539524e-05
690,582.7098999023438,171.42861938476562,21.995361328125,53.722900390625,3.361150902492227e-06
690,0.0,183.93011474609375,15.342501640319824,54.7852783203125,1.6232273992500268e-05
720,624.17333984375,163.54701232910156,16.32666015625,54.1845703125,0.0016860273899510503
720,609.9568481445312,121.73062133789062,30.54315185546875,127.20321655273438,5.4146435104485136e-06
720,563.4200439453125,57.67036437988281,77.0799560546875,319.57122802734375,1.2456650438252836e-05
720,590.9714965820312,92.15560913085938,49.52850341796875,240.58523559570312,1.5417599570355378e-05
720,616.43798828125,167.50401306152344,24.06201171875,64.80029296875,2.2844111299491487e-05
720,626.1311645507812,180.2280731201172,14.36883544921875,52.323394775390625,3.683032264234498e-05
720,0.0,191.9642791748047,15.722558975219727,54.551910400390625,1.8221962818643078e-05
750,8.548730850219727,188.96054077148438,22.13553237915039,53.077362060546875,7.089936116244644e-05
750,182.19236755371094,172.9364471435547,22.704742431640625,54.0946044921875,0.0005206306232139468
750,191.29171752929688,173.31143188476562,20.783447265625,51.54754638671875,6.717206360917771e-06
750,178.02133178710938,183.4213409423828,20.966766357421875,51.238555908203125,8.298783541249577e-06
750,0.0,199.35467529296875,15.971855163574219,53.3323974609375,4.4031829020241275e-05
750,0.0,191.65371704101562,26.195892333984375,65.36346435546875,2.0426839455467416e-06
750,15.365859985351562,194.64938354492188,20.893901824951172,50.67724609375,6.162800218589837e-06
780,163.00515747070312,172.44493103027344,21.554412841796875,51.521759033203125,8.539746340829879e-05
780,434.0285949707031,180.18572998046875,21.03961181640625,50.905029296875,1.8008447568718111e-06
780,156.16639709472656,177.88185119628906,21.48309326171875,51.563873291015625,2.509436853870284e-06
780,444.64007568359375,181.97238159179688,21.3885498046875,50.684417724609375,1.1675441783154383e-05
780,443.7891540527344,164.5577850341797,36.75262451171875,80.0860595703125,8.511148621437314e-07
780,376.145263671875,103.27239990234375,142.2708740234375,298.2624206542969,5.2770014917769e-06
780,599.449951171875,186.86154174804688,21.2476806640625,50.733184814453125,1.6281413763863384e-06
780,622.7994995117188,172.54115295410156,17.70050048828125,75.30825805664062,4.0904296838562004e-06
780,169.0284423828125,177.53085327148438,21.425537109375,51.325164794921875,2.4505814053554786e-06
780,455.6375427246094,181.09445190429688,21.9449462890625,51.51068115234375,0.2295968383550644
780,585.694091796875,187.05148315429688,23.939697265625,57.0181884765625,2.274190410389565e-05
780,587.221923828125,178.41253662109375,37.0545654296875,89.14944458007812,1.3592406276075053e-06
780,0.0,166.47903442382812,21.72686767578125,98.41619873046875,2.631756387927453e-06
780,1.4767084121704102,198.4505615234375,21.720096588134766,51.49798583984375,0.0001718543062452227
780,463.4090270996094,185.6595001220703,21.5018310546875,51.070556640625,6.629041763517307e-06
780,593.236083984375,196.35516357421875,26.25390625,61.83624267578125,0.0013648609165102243
780,617.1145629882812,199.754150390625,22.2181396484375,51.939666748046875,8.234541382989846e-06
780,627.5049438476562,195.7122039794922,12.99505615234375,50.87725830078125,2.8870717869722284e-05
780,449.93902587890625,188.673583984375,21.58404541015625,52.69964599609375,2.517695065762382e-06
780,605.4074096679688,205.46200561523438,23.822021484375,56.927459716796875,0.00025402390747331083
780,0.0,204.2413330078125,15.312950134277344,54.35675048828125,5.242450788500719e-05
780,7.875762939453125,204.4729461669922,21.147968292236328,51.078125,1.3522378139896318e-05
780,588.4274291992188,207.52615356445312,21.4698486328125,53.4925537109375,1.576123963786813e-06
780,624.6507568359375,205.3484649658203,15.8492431640625,61.26615905761719,2.1216910681687295e-05
780,596.953369140625,209.53758239746094,26.778076171875,64.47990417480469,0.9336318969726562
780,612.459228515625,211.17227172851562,26.8548583984375,62.722991943359375,1.0218362149316818e-05
780,612.2946166992188,176.10296630859375,28.20538330078125,129.8956298828125,2.145716098311823e-05
780,587.9965209960938,155.86697387695312,52.50347900390625,227.1707763671875,1.2912862985103857e-05
780,590.03662109375,209.42347717285156,40.6888427734375,91.25822448730469,0.0001872097491286695
780,603.3856201171875,215.7137908935547,28.440673828125,69.04023742675781,4.8794459871714935e-05
780,622.366455078125,217.39768981933594,18.133544921875,78.93373107910156,1.44804807860055e-05
810,433.6717529296875,0.0,101.75238037109375,218.9693145751953,4.4204034566064365e-06
810,443.8030700683594,176.2022705078125,21.45831298828125,50.585784912109375,2.307812792423647e-06
810,240.95330810546875,175.15011596679688,22.011810302734375,52.586090087890625,5.967885499558179e-06
810,459.0718688964844,183.67111206054688,21.92913818359375,51.408538818359375,0.0001547713327454403
810,466.0613098144531,185.43052673339844,21.81561279296875,51.903533935546875,0.003483080305159092
810,478.90728759765625,183.7372589111328,23.38543701171875,55.24505615234375,1.1103010365332011e-05
810,501.247314453125,188.31289672851562,22.1492919921875,52.25244140625,6.161169585539028e-05
810,437.00042724609375,125.0338134765625,137.99932861328125,295.059326171875,1.040560982801253e-05
810,502.9053649902344,172.41397094726562,36.938201904296875,84.02752685546875,6.778900569770485e-07
810,450.5464782714844,185.74264526367188,21.57568359375,51.64019775390625,9.86734448815696e-06
810,511.5873107910156,192.83203125,22.253814697265625,52.2645263671875,0.4084317088127136
810,593.044921875,192.22642517089844,21.5234375,51.102142333984375,8.830138540361077e-06
810,626.3052368164062,195.38571166992188,14.19476318359375,54.39605712890625,0.0004901841166429222
810,618.5829467773438,175.13690185546875,21.91705322265625,90.23214721679688,6.508727437903872e-06
810,568.9742431640625,92.87516784667969,71.5257568359375,319.05633544921875,1.8489718058845028e-05
810,0.09246540069580078,202.3547821044922,23.442733764648438,55.52192687988281,1.564764033901156e-06
810,9.093616485595703,203.29974365234375,22.376190185546875,53.1376953125,1.1115542974948767e-06
810,471.993896484375,189.4492645263672,21.76104736328125,52.86138916015625,5.062314357928699e-06
810,518.8272705078125,196.0680694580078,20.9031982421875,50.9150390625,0.0017799700144678354
810,0.0,209.07330322265625,13.883376121520996,50.570343017578125,7.64977539802203e-06
810,623.8091430664062,203.44784545898438,16.69085693359375,72.98733520507812,7.172882760642096e-06
840,510.21337890625,0.0,97.69140625,151.0334014892578,3.856407147395657e-06
840,608.0244140625,0.0,32.4755859375,75.10953521728516,2.559871063567698e-06
840,592.7095947265625,0.0,47.7904052734375,125.07018280029297,2.6020159566542134e-05
840,0.0,74.94745635986328,15.712669372558594,53.24436950683594,3.7205068110779393e-06
840,479.0760803222656,0.0,146.84823608398438,268.26153564453125,5.688051714969333e-06
840,533.269287109375,0.0,105.4512939453125,200.394775390625,0.003147150157019496
840,586.4509887695312,0.0,54.04901123046875,241.15823364257812,4.376022388896672e-06
840,626.5975952148438,90.67078399658203,13.90240478515625,51.303367614746094,4.573879778035916e-06
840,536.5448608398438,41.42169952392578,67.61083984375,169.44989013671875,9.345188232146029e-07
840,421.37725830078125,159.58807373046875,25.08447265625,58.60614013671875,5.161278295418015e-06
840,241.49411010742188,159.97604370117188,21.99163818359375,53.202056884765625,7.591323537781136e-06
840,416.53668212890625,170.93011474609375,22.08221435546875,52.68621826171875,0.0003040156152565032
840,534.4915161132812,54.76280212402344,103.0753173828125,251.63404846191406,1.9494812022458063e-06
840,74.62932586669922,180.9712371826172,21.641189575195312,52.29498291015625,3.443838795647025e-05
840,492.474853515625,176.0716552734375,21.25469970703125,50.51885986328125,0.013641300611197948
840,484.684814453125,175.9665985107422,21.7984619140625,53.758026123046875,3.5541263514460297e-06
840,483.5550842285156,136.7790069580078,53.653900146484375,124.11158752441406,1.4481116750175715e-07
840,430.82958984375,115.92056274414062,140.24456787109375,284.16741943359375,2.578772728156764e-05
840,504.8165588378906,178.53775024414062,21.469146728515625,51.452850341796875,0.9158731698989868
840,498.2356872558594,165.05043029785156,35.210479736328125,82.35589599609375,1.4994687262515072e-05
840,511.74725341796875,180.48138427734375,22.7965087890625,54.872589111328125,0.005909919738769531
840,508.5800476074219,163.4684295654297,37.123565673828125,90.4051513671875,1.0463893886480946e-05
840,497.964599609375,180.17913818359375,22.17181396484375,53.597503662109375,0.007648833561688662
840,518.587890625,186.1726837158203,22.654296875,54.895355224609375,6.793085049139336e-05
840,627.6341552734375,198.5494842529297,12.8658447265625,51.176910400390625,1.2323745977482758e-05
840,79.23847198486328,190.23680114746094,23.356048583984375,56.12298583984375,2.92500817522523e-06
840,617.5087280273438,206.0749053955078,21.5013427734375,52.23313903808594,1.2971328942512628e-05
840,625.9164428710938,214.74156188964844,14.58355712890625,54.93772888183594,5.745833914261311e-05
840,610.5301513671875,222.43910217285156,20.749755859375,50.91825866699219,5.630369741993491e-06
840,616.0592651367188,218.92356872558594,24.44073486328125,57.50068664550781,4.2101539293071255e-05
840,614.85302734375,182.15992736816406,25.64697265625,122.34645080566406,4.368879672256298e-06
840,626.7896118164062,239.6197967529297,13.71038818359375,51.52699279785156,1.419537056790432e-05
870,6.69344425201416,166.50811767578125,24.726085662841797,58.299224853515625,5.902099474042188e-06
870,0.0,168.32254028320312,15.952943801879883,53.931488037109375,6.469008803833276e-05
870,33.308494567871094,178.441162109375,22.303619384765625,53.171539306640625,3.4970703381986823e-06
870,539.7068481445312,175.3780517578125,22.3485107421875,54.05718994140625,0.010452786460518837
870,534.9572143554688,162.69320678710938,33.0740966796875,77.15960693359375,5.160436558071524e-06
870,498.97088623046875,93.42814636230469,94.018798828125,242.8314971923828,4.294518475944642e-06
870,0.20229244232177734,173.8087615966797,25.892459869384766,61.843048095703125,0.00622467789798975
870,24.787425994873047,178.80831909179688,22.976211547851562,53.82666015625,1.1915973118448164e-05
870,532.9119262695312,176.62278747558594,21.330810546875,51.463836669921875,1.4604520401917398e-05
870,546.5838623046875,172.40895080566406,24.5577392578125,58.39794921875,0.9999810457229614
870,487.3096923828125,140.32484436035156,124.5498046875,268.5145263671875,8.67614562594099e-06
870,557.218505859375,170.242431640625,24.6756591796875,59.933197021484375,0.07697150856256485
870,568.1610717773438,176.0358428955078,21.6697998046875,51.484710693359375,0.002800804330036044
870,569.5118408203125,165.0485382080078,29.9320068359375,71.53958129882812,1.9450393665465526e-05
870,13.314090728759766,178.40121459960938,24.996139526367188,59.18408203125,1.1169917343067937e-05
870,0.0,186.7908172607422,15.139057159423828,54.755889892578125,3.12554620904848e-05
870,0.0,148.12542724609375,31.849044799804688,124.701416015625,1.4670659766125027e-05
870,0.0,125.06549835205078,52.71015548706055,218.10528564453125,1.3628980013891123e-05
870,5.823564529418945,185.72772216796875,26.69321060180664,63.75970458984375,3.703438778757118e-05
870,0.0,206.2859344482422,14.36166000366211,50.78358459472656,2.57544911619334e-06
900,595.8460083007812,0.0,44.65399169921875,124.6197738647461,5.099138888908783e-06
900,503.58477783203125,120.86029815673828,22.2069091796875,52.590614318847656,1.736372178129386e-05
900,498.0184020996094,128.68829345703125,21.754669189453125,51.536956787109375,1.754920776875224e-05
900,501.4759216308594,131.36570739746094,26.789337158203125,62.122711181640625,0.00021500639559235424
900,626.7550048828125,154.08363342285156,13.7449951171875,52.3216552734375,1.2159383913967758e-05
900,344.5849914550781,160.2756805419922,21.6627197265625,52.0128173828125,0.00015278377395588905
900,352.7460632324219,155.78173828125,21.67877197265625,51.6409912109375,1.1123517651867587e-05
900,494.94268798828125,146.4571533203125,26.58807373046875,62.182708740234375,9.948415936378296e-06
900,499.5736083984375,143.13623046875,31.7916259765625,76.56344604492188,1.3348484571906738e-05
900,511.9244384765625,154.26754760742188,20.9276123046875,51.785430908203125,1.8136865946871694e-06
900,504.3963623046875,158.5606689453125,22.285888671875,52.374542236328125,1.8201307057097438e-06
900,610.5913696289062,168.7423553466797,21.50341796875,51.52032470703125,2.5508743419777602e-05
900,625.07861328125,168.6367645263672,15.42138671875,56.080902099609375,0.0007437386084347963
900,339.8372497558594,168.5419921875,21.83355712890625,51.462066650390625,0.0019466476514935493
900,613.6598510742188,154.60557556152344,26.84014892578125,111.14723205566406,7.668234320590273e-05
900,0.0,182.2947235107422,14.021346092224121,54.041839599609375,5.417096872406546e-06
900,601.922607421875,185.4461212158203,21.3095703125,51.7054443359375,7.094699412846239e-06
900,609.4522094726562,181.9718017578125,27.379150390625,63.059844970703125,0.001793683273717761
900,621.9029541015625,179.237060546875,18.5970458984375,68.3270263671875,0.1095065325498581
900,590.494384765625,125.40357971191406,50.005615234375,224.61827087402344,3.0582530598621815e-05
900,561.2980346679688,120.63568115234375,79.20196533203125,290.0311279296875,1.076897660823306e-05
900,625.5816650390625,210.60015869140625,14.9183349609375,53.201629638671875,0.00010879229375859722
900,617.8358154296875,190.2161407470703,22.6641845703125,100.53321838378906,3.2931616260611918e-06
930,590.3656005859375,47.603240966796875,50.1343994140625,242.03741455078125,6.198567916726461e-06
930,353.125,154.1453094482422,21.3841552734375,52.147796630859375,3.144890069961548e-05
930,52.06665802001953,173.07943725585938,21.762069702148438,51.92352294921875,3.991188350482844e-06
930,1.1035118103027344,181.89837646484375,21.780290603637695,51.99920654296875,7.3207188506785315e-06
930,0.0,91.40516662597656,122.77908325195312,297.63232421875,1.3799653970636427e-05
930,344.9778747558594,166.73898315429688,22.13482666015625,53.379150390625,3.17913327307906e-05
930,0.0,186.16114807128906,13.918512344360352,53.891448974609375,0.00010236776870442554
930,0.0,162.9774627685547,21.562225341796875,98.16743469238281,4.8311767386621796e-06
930,0.0,115.19271087646484,48.93498611450195,232.1549072265625,6.466865670518018e-06
930,57.069732666015625,180.2854766845703,21.488494873046875,53.06011962890625,5.252904520602897e-05
960,347.8629150390625,158.61553955078125,20.8782958984375,50.98260498046875,2.0611565560102463e-05
960,0.0,169.67572021484375,15.340705871582031,51.29541015625,2.5592069050617283e-06
960,537.5189208984375,172.02471923828125,20.7105712890625,51.7447509765625,7.512726006098092e-05
960,4.800615310668945,181.13137817382812,22.23169708251953,53.99676513671875,8.172495290637016e-05
960,531.5263061523438,177.97384643554688,21.516357421875,50.89227294921875,1.2578771020343993e-05
960,626.7108764648438,179.17929077148438,13.78912353515625,51.06024169921875,1.781606079021003e-05
960,0.0,184.96881103515625,18.389636993408203,52.558502197265625,0.0045621320605278015
960,0.0,165.79830932617188,24.484973907470703,86.07577514648438,1.543367761769332e-05
960,0.0,119.10003662109375,60.7111930847168,301.93865966796875,1.9550294382497668e-05
960,0.0,203.70187377929688,13.999324798583984,51.359344482421875,1.8348296180192847e-06
990,502.4837951660156,166.3167266845703,22.312896728515625,51.856231689453125,9.128366400545929e-06
990,343.3287658691406,170.43121337890625,21.25030517578125,51.611572265625,7.148721488192677e-05
990,383.69439697265625,174.2362060546875,21.9007568359375,50.854400634765625,1.4847780221316498e-05
990,496.55535888671875,171.3768768310547,22.41961669921875,52.23199462890625,0.00017018757353071123
990,0.0,188.4755859375,13.541135787963867,54.034515380859375,5.117438195156865e-05
990,0.0,165.68182373046875,21.668121337890625,100.09475708007812,7.32840271666646e-06
990,593.2869873046875,106.47576141357422,47.2130126953125,240.385986328125,1.072835220838897e-05
990,627.6543579101562,210.76145935058594,12.84564208984375,51.17750549316406,8.77712773217354e-06
1020,627.5177612304688,107.24689483642578,12.98223876953125,51.95354461669922,8.085235094767995e-06
1020,622.4131469726562,105.05735778808594,18.08685302734375,77.42626953125,6.340123491099803e-06
1020,611.3206176757812,81.36555480957031,29.17938232421875,128.87127685546875,6.518574082292616e-06
1020,355.1304931640625,151.62347412109375,23.7276611328125,55.571380615234375,1.0412112715130206e-05
1020,617.084228515625,126.70247650146484,23.415771484375,105.63809967041016,9.007360858959146e-06
1020,594.2431640625,83.72648620605469,46.2568359375,224.53541564941406,3.79106904802029e-06
1020,366.7073669433594,162.80426025390625,20.79962158203125,51.477325439453125,2.3976797365321545e-06
1020,608.9989013671875,162.61830139160156,22.4437255859375,53.74908447265625,8.135144526022486e-06
1020,603.7214965820312,153.683837890625,34.10986328125,80.61328125,3.241104423068464e-05
1020,625.3220825195312,156.03843688964844,15.17791748046875,62.931671142578125,8.136867108987644e-06
1020,0.0,171.00341796875,14.76675033569336,57.33660888671875,1.370970267089433e-06
1020,359.5533447265625,168.61117553710938,22.00946044921875,51.767181396484375,0.0007843187195248902
1020,601.9907836914062,173.21182250976562,21.4080810546875,52.129241943359375,3.423627504162141e-06
1020,87.28446197509766,175.3726043701172,28.090164184570312,67.3443603515625,6.397207926056581e-06
1020,5.296730041503906,71.39653015136719,152.88629150390625,321.1939697265625,4.645301487471443e-06
1020,347.1903076171875,174.29165649414062,21.35955810546875,51.194976806640625,1.3142353054718114e-05
1020,608.157470703125,182.2095947265625,23.4388427734375,53.594146728515625,7.818511221557856e-05
1020,615.9602661132812,180.31497192382812,21.5743408203125,51.82989501953125,6.521410250570625e-05
1020,33.63908004760742,193.0347137451172,21.47314453125,51.285003662109375,7.749682481517084e-06
1020,353.02044677734375,173.82655334472656,24.7525634765625,59.3387451171875,0.00022363480820786208
1020,627.5234375,187.1195526123047,12.9765625,52.349884033203125,7.453730177076068e-06
1020,0.0,192.21969604492188,14.104169845581055,52.32220458984375,2.9123324566171505e-05
1050,595.3148193359375,0.0,45.1851806640625,127.84217834472656,7.945248398755211e-06
1050,486.9230041503906,165.62022399902344,23.2012939453125,55.65948486328125,4.832227659790078e-06
1050,538.915771484375,163.42428588867188,23.298583984375,55.16925048828125,4.177662049187347e-06
1050,50.69854736328125,181.8472900390625,21.409690856933594,51.62969970703125,5.586894531006692e-06
1050,57.60746765136719,183.30807495117188,21.435150146484375,51.56005859375,0.002670452231541276
1050,117.15262603759766,180.31053161621094,21.00182342529297,50.61651611328125,2.7624248104984872e-05
1050,544.5897827148438,177.7718505859375,22.33984375,52.2899169921875,2.3991549824131653e-05
1050,0.0,82.95982360839844,126.10523986816406,315.393798828125,1.668126969889272e-05
1050,550.9864501953125,183.5845184326172,24.114990234375,56.28961181640625,4.763203833135776e-06
1050,0.0,192.8296356201172,13.57272720336914,53.280548095703125,4.17855080740992e-05
1050,43.322166442871094,193.10646057128906,20.92254638671875,50.93255615234375,6.305986516963458e-06
1080,596.9507446289062,0.0,43.54925537109375,121.76606750488281,3.7821857858943986e-06
1080,1.795863151550293,184.0900115966797,22.028091430664062,51.120391845703125,2.1936077246209607e-05
1080,8.307341575622559,189.0434112548828,22.073680877685547,52.536590576171875,0.505804181098938
1080,617.6133422851562,179.07937622070312,22.08837890625,52.0506591796875,2.3133923150453484e-06
1080,628.2896118164062,178.95172119140625,12.21038818359375,54.81268310546875,3.773318530875258e-05
1080,0.0,192.93441772460938,17.653182983398438,52.3890380859375,0.000519225955940783
1080,0.0,121.53889465332031,62.17622375488281,301.43280029296875,8.466618055535946e-06
1080,0.0,175.38063049316406,31.116134643554688,81.72276306152344,4.3716509026126005e-06
1110,596.3925170898438,0.0,44.10748291015625,121.06236267089844,3.532156142682652e-06
1110,577.451416015625,0.0,63.048583984375,171.53077697753906,1.2939004818690591e-06
1110,627.6544799804688,148.1241912841797,12.84552001953125,51.70440673828125,2.0053269054187695e-06
1110,627.2839965820312,169.37171936035156,13.21600341796875,52.4527587890625,2.2834876290289685e-05
1110,434.14093017578125,182.71310424804688,21.1708984375,50.781219482421875,1.6208246051974129e-06
1110,619.3042602539062,153.33895874023438,21.19573974609375,98.90798950195312,3.991462563135428e-06
1110,442.1251220703125,182.14089965820312,21.24871826171875,50.769744873046875,3.646420736913569e-05
1110,0.0,193.3734893798828,15.840156555175781,53.567108154296875,1.9294098819955252e-05
1110,627.6923828125,191.73655700683594,12.8076171875,51.69873046875,9.701460840005893e-06
1140,486.1297912597656,87.31326293945312,21.11553955078125,50.95375061035156,0.01050964929163456
1140,353.7937927246094,159.8072509765625,21.91717529296875,51.930450439453125,1.8034941604128107e-05
1140,362.00677490234375,153.16973876953125,33.3680419921875,83.94186401367188,2.473485665177577e-06
1140,362.08251953125,168.45021057128906,21.8465576171875,52.391265869140625,0.00024904581368900836
1140,369.66180419921875,171.246826171875,21.88165283203125,51.915252685546875,0.006757542956620455
1140,441.43426513671875,185.4707489013672,21.3990478515625,51.09796142578125,0.00026831115246750414
1140,355.5238342285156,173.09423828125,23.30145263671875,55.3404541015625,5.144775968801696e-06
1140,456.0314025878906,185.6720733642578,21.18206787109375,51.157623291015625,2.3000259261607425e-06
1140,26.33687400817871,190.94163513183594,21.004640579223633,50.6693115234375,2.7182217309018597e-05
1140,464.5936279296875,187.0587615966797,22.5595703125,53.142242431640625,3.6374763112689834e-07
1140,471.79400634765625,189.3177490234375,23.1302490234375,54.329498291015625,3.6989752061344916e-06
1140,479.64599609375,188.64892578125,22.9483642578125,53.87677001953125,6.24129961579456e-06
1140,32.9919548034668,194.4066619873047,21.32049560546875,50.84814453125,0.0001537657662993297
1140,375.7249450683594,180.19976806640625,21.61468505859375,51.925872802734375,0.00014529441250488162
1170,380.0436706542969,167.85888671875,21.4215087890625,50.55560302734375,3.915405977750197e-05
1170,188.1903839111328,168.07550048828125,33.195831298828125,77.48056030273438,0.0004486719553824514
1170,200.88267517089844,177.5166778564453,21.925872802734375,50.5738525390625,0.00021823895804118365
1170,471.384033203125,176.72726440429688,21.184326171875,51.017486572265625,0.0035640548449009657
1170,488.5056457519531,175.65936279296875,21.38525390625,50.563690185546875,0.000712404609657824
1170,188.16867065429688,181.8147430419922,23.234161376953125,55.561431884765625,2.1454399757203646e-05
1170,391.4804992675781,175.5183868408203,21.17779541015625,50.596282958984375,2.3955584765644744e-05
1170,481.303955078125,177.22735595703125,22.4876708984375,53.925384521484375,1.8802995327860117e-05
1170,79.55664825439453,188.9817657470703,21.943862915039062,53.17987060546875,4.581751454679761e-06
1170,196.02618408203125,187.14956665039062,22.73199462890625,54.586151123046875,0.33323386311531067
1170,135.42315673828125,142.78492736816406,131.63812255859375,274.72406005859375,1.1747792996175122e-05
1170,203.11241149902344,185.04986572265625,24.889617919921875,58.854644775390625,0.00017489468154963106
1170,73.30072784423828,201.9894561767578,25.540359497070312,59.44590759277344,6.507200851046946e-06
1170,82.37716674804688,205.7020263671875,21.458663940429688,50.571685791015625,0.00018566973449196666
1170,76.00271606445312,208.36990356445312,30.222885131835938,71.9649658203125,8.962589390648645e-07
1200,609.2742919921875,0.0,31.2257080078125,63.40072250366211,7.380309398286045e-06
1200,591.322509765625,0.0,49.177490234375,126.67798614501953,8.921222615754232e-06
1200,176.05764770507812,168.98988342285156,22.2593994140625,50.923919677734375,3.4227468859171495e-05
1200,161.32244873046875,175.0377655029297,23.185546875,55.40850830078125,6.883756213937886e-06
1200,169.38095092773438,174.13922119140625,20.6646728515625,50.5390625,1.5540177628281526e-05
1200,408.1971130371094,178.122314453125,21.06646728515625,50.890533447265625,2.5852998533082427e-06
1200,447.60723876953125,179.1779022216797,21.57659912109375,51.5009765625,7.322327292058617e-05
1200,1.6927318572998047,192.82151794433594,21.5875244140625,52.235321044921875,1.71686515386682e-05
1200,441.9927062988281,185.6651611328125,23.044677734375,54.518310546875,7.63843308959622e-06
1200,0.0,200.0064697265625,15.202943801879883,52.388916015625,3.825263411272317e-05
1200,0.0,113.35612487792969,60.68802261352539,313.45330810546875,2.2980964331509313e-06
1230,406.54815673828125,177.71676635742188,21.6646728515625,52.791717529296875,6.88034197082743e-05
1230,332.92724609375,87.59196472167969,152.12811279296875,302.78997802734375,8.677180630911607e-06
1230,413.904296875,178.91583251953125,21.13726806640625,51.230224609375,0.018707169219851494
1230,626.3338012695312,186.24952697753906,14.16619873046875,60.635894775390625,2.1106683561811224e-05
1230,49.107200622558594,194.32159423828125,21.997596740722656,51.318023681640625,4.265306870365748e-06
1230,618.7588500976562,179.14984130859375,21.74114990234375,95.36898803710938,7.05095180819626e-06
1230,626.135009765625,205.42514038085938,14.364990234375,62.434173583984375,3.485635534161702e-05
1230,626.1032104492188,226.235107421875,14.39678955078125,62.49493408203125,5.860119927092455e-06
1260,424.38287353515625,182.2415313720703,21.87835693359375,51.18115234375,0.09913810342550278
1260,430.42327880859375,178.23202514648438,22.7216796875,53.652130126953125,3.14726639771834e-05
1260,440.8975524902344,182.1289520263672,21.578369140625,52.874420166015625,6.009182470734231e-06
1260,446.8408508300781,189.22499084472656,24.25762939453125,56.040435791015625,5.16787304150057e-06
1260,601.17529296875,194.6083526611328,21.5540771484375,53.05120849609375,1.719211468298454e-05
1260,607.476806640625,192.18731689453125,25.2462158203125,57.080078125,6.6478692133387085e-06
1260,627.3995971679688,193.06137084960938,13.10040283203125,53.768524169921875,9.820480954658706e-06
1290,611.7206420898438,0.0,28.77935791015625,62.832557678222656,8.938263817981351e-07
1290,595.0759887695312,0.0,45.42401123046875,119.69009399414062,2.84237057712744e-06
1290,169.98367309570312,168.84413146972656,22.271514892578125,51.392425537109375,1.0654473044269253e-05
1290,442.53704833984375,184.508056640625,21.8380126953125,51.876373291015625,0.0013879110338166356
1290,627.54931640625,185.11912536621094,12.95068359375,52.168792724609375,4.247278411639854e-05
1290,192.34519958496094,193.22251892089844,22.438079833984375,52.165771484375,1.5271876691258512e-05
1290,448.5730895996094,189.62249755859375,22.4195556640625,53.420654296875,1.7124024452641606e-05
1290,472.2975769042969,189.0701446533203,23.1820068359375,54.58148193359375,0.0013700734125450253
1290,504.981689453125,193.16885375976562,22.211181640625,52.440643310546875,2.48301075771451e-05
1290,0.0,200.89215087890625,15.774032592773438,57.426605224609375,5.463375146064209e-06
1290,368.29656982421875,199.17372131347656,22.1572265625,51.87744140625,2.2822512619313784e-05
1290,466.6778259277344,193.5898895263672,21.01092529296875,50.910400390625,4.552247901301598e-06
1290,479.0449523925781,194.64744567871094,24.16595458984375,56.222625732421875,2.819162000378128e-05
1290,623.7665405273438,189.68312072753906,16.73345947265625,74.74476623535156,6.066191417630762e-06
1290,361.1186218261719,202.15826416015625,23.36883544921875,54.843994140625,7.820503014954738e-06
1320,597.1815795898438,0.0,43.31842041015625,122.85157012939453,1.3687978253074107e-06
1320,433.0569152832031,180.98545837402344,23.0106201171875,54.5897216796875,1.8567091046861606e-06
1320,441.79046630859375,183.21542358398438,23.59307861328125,54.2904052734375,6.734820999554358e-06
1320,470.916748046875,181.09213256835938,22.10498046875,52.46014404296875,0.00021733522589784116
1320,479.0459289550781,183.88925170898438,22.682861328125,54.170013427734375,0.0004277046537026763
1320,451.1030578613281,184.7269287109375,21.39520263671875,50.67352294921875,0.0013972849119454622
1320,445.4211730957031,169.4818572998047,35.54443359375,84.12945556640625,9.362244099975214e-07
1320,458.6111755371094,180.97430419921875,24.3311767578125,58.950408935546875,0.023735418915748596
1320,460.4092102050781,172.92733764648438,36.560302734375,83.64572143554688,8.2069061591028e-07
1320,519.8401489257812,187.21730041503906,20.5084228515625,50.51336669921875,9.948842489393428e-06
1320,512.0609130859375,189.7019500732422,23.92010498046875,55.124359130859375,7.933032611617818e-05
1320,0.9336814880371094,208.4163360595703,21.2504940032959,51.19047546386719,0.0003116909065283835
1320,7.619040489196777,205.00482177734375,21.667396545410156,52.6376953125,4.423628706717864e-05
1320,546.5568237304688,197.88563537597656,22.3250732421875,50.882232666015625,0.0001327964273514226
1320,0.0,218.81959533691406,15.12873363494873,54.86753845214844,1.9341594452271238e-05
1320,599.9849243164062,365.6446533203125,40.51507568359375,114.8553466796875,7.929994353617076e-06
1320,578.5890502929688,324.2349853515625,61.91094970703125,156.2650146484375,6.511981155199464e-06
1350,597.2031860351562,0.0,43.29681396484375,123.17279815673828,1.1645345239230664e-06
1350,544.8853759765625,177.8370361328125,22.1910400390625,52.31036376953125,5.097360917716287e-05
1350,378.4281921386719,188.1566162109375,20.94476318359375,50.633697509765625,8.95211655915773e-07
1350,437.60955810546875,137.8607177734375,130.9915771484375,289.90625,3.595013367885258e-06
1350,507.2737731933594,183.66339111328125,25.762298583984375,60.995330810546875,1.9536631953087635e-05
1350,537.7196044921875,186.9863739013672,26.4786376953125,60.32452392578125,0.0003592402208596468
1350,548.2112426757812,189.2271728515625,25.4884033203125,61.42718505859375,0.02187315933406353
1350,556.0408325195312,185.4330291748047,26.0062255859375,59.158538818359375,3.2229967473540455e-05
1350,64.60234069824219,188.7820587158203,23.529510498046875,54.829864501953125,7.321608427446336e-05
1350,456.8299560546875,196.2388153076172,20.7222900390625,50.75189208984375,8.656219506519847e-06
1350,484.52789306640625,190.29193115234375,22.51885986328125,53.347381591796875,1.8141441614716314e-05
1350,494.66900634765625,183.73422241210938,25.1539306640625,59.9451904296875,0.9999421834945679
1350,0.0,200.5887451171875,16.251876831054688,56.79217529296875,3.690275661938358e-06
1350,502.3485412597656,174.38841247558594,36.609893798828125,92.02626037597656,4.2299973301851423e-07
1350,540.0684814453125,183.79116821289062,35.521728515625,88.07086181640625,4.173799970885739e-05
1350,491.05596923828125,198.41104125976562,20.88934326171875,52.287017822265625,5.460213287733495e-06
1350,485.36175537109375,178.096923828125,35.8492431640625,84.9190673828125,0.00012798413808923215
1350,501.4232482910156,194.023193359375,25.417083740234375,60.87603759765625,7.581433237646706e-06
1380,385.2747497558594,190.5614013671875,22.107666015625,51.183441162109375,5.6143453548429534e-05
1380,391.6961364746094,186.02072143554688,22.4254150390625,52.71026611328125,1.618094574951101e-05
1380,399.8537902832031,185.73057556152344,22.63787841796875,52.46649169921875,7.929767775749497e-07
1380,555.5701293945312,178.4588623046875,21.7525634765625,52.45281982421875,2.577076156740077e-05
1380,567.97998046875,177.88482666015625,33.0916748046875,78.76510620117188,0.0003160422493238002
1380,593.0219116210938,182.63717651367188,22.475341796875,52.899566650390625,1.2378150131553411e-05
1380,608.19091796875,185.14547729492188,21.0963134765625,50.633941650390625,0.0005535489181056619
1380,408.1764831542969,188.64395141601562,22.5203857421875,52.79754638671875,1.5032755982247181e-06
1380,545.0126953125,172.07460021972656,35.06396484375,85.44627380371094,0.00048267599777318537
1380,561.5158081054688,183.11553955078125,23.415771484375,57.528900146484375,4.082230225321837e-05
1380,579.3842163085938,184.03688049316406,29.23583984375,67.49697875976562,4.32503511547111e-05
1380,600.2300415039062,188.91297912597656,25.506103515625,58.3087158203125,0.00023341276391875
1380,555.7055053710938,173.06527709960938,37.3323974609375,89.919677734375,0.9999997615814209
1380,590.6106567382812,178.90081787109375,32.9210205078125,79.83441162109375,0.000195194486877881
1380,612.478271484375,190.0772705078125,26.84228515625,61.71832275390625,7.622721568623092e-06
1380,0.0,209.42901611328125,16.099159240722656,55.872039794921875,0.1544199138879776
1380,0.0,146.72329711914062,43.19406509399414,235.52337646484375,1.8783854102366604e-05
1380,0.0,163.0647430419922,63.26078414916992,292.696044921875,1.6445943401777185e-05
1380,0.0,182.3258514404297,30.692384719848633,117.00660705566406,7.450291377608664e-06
1380,6.542605400085449,208.0474853515625,21.985050201416016,52.886962890625,2.0332172425696626e-05
1380,379.1445007324219,199.3828582763672,22.15325927734375,52.45355224609375,4.1583634811104275e-06
1380,602.4998779296875,192.08619689941406,33.1761474609375,77.35047912597656,0.0002218751615146175
1380,617.2438354492188,180.20208740234375,23.25616455078125,104.97470092773438,3.028158289453131e-06
1380,0.0,195.37899780273438,21.220848083496094,84.901123046875,0.000976349925622344
1380,0.0,228.39089965820312,15.883806228637695,62.7747802734375,8.717183845874388e-06
1410,595.1047973632812,0.0,45.39520263671875,119.7710952758789,2.9476170766429277e-06
1410,120.26937103271484,184.19461059570312,22.19470977783203,51.718658447265625,1.3256801139505114e-05
1410,168.52459716796875,186.2953643798828,22.0869140625,52.44384765625,2.3758426323183812e-05
1410,126.57942199707031,191.3385467529297,21.908599853515625,51.4561767578125,2.964707391583943e-06
1410,170.55780029296875,201.39414978027344,21.5537109375,50.939422607421875,7.387329242192209e-05
1410,0.0,176.1897735595703,20.79702377319336,100.19139099121094,1.6563457393203862e-05
1410,121.50525665283203,200.61569213867188,23.12609100341797,53.630889892578125,0.00028734293300658464
1410,0.0,208.47926330566406,14.1375732421875,55.70957946777344,3.6407502193469554e-05
1440,151.8761444091797,199.52667236328125,21.522918701171875,51.94073486328125,6.365684839693131e-06
1440,361.28533935546875,197.87289428710938,21.4210205078125,50.621978759765625,1.9239118955738377e-06
1470,339.3681640625,197.2062225341797,21.1976318359375,50.930328369140625,1.649012483539991e-05
1470,0.0,204.01243591308594,13.88978099822998,55.88224792480469,7.375326822511852e-05
1470,0.0,183.27671813964844,21.229759216308594,100.16673278808594,6.357857728289673e-06
1470,0.0,135.13621520996094,45.65763854980469,234.36439514160156,2.5769872991077136e-06
1500,219.30154418945312,195.11602783203125,21.31121826171875,51.07562255859375,0.0001231376372743398
1500,98.22164916992188,201.64205932617188,22.517547607421875,53.97723388671875,1.1865499800478574e-05
1500,400.9563293457031,195.49127197265625,21.05548095703125,50.50689697265625,0.000429800886195153
1500,408.42352294921875,195.05413818359375,21.47906494140625,51.442718505859375,3.054706439797883e-06
1500,0.0,212.27723693847656,13.291131019592285,54.21424865722656,3.0740106012672186e-05
1500,344.30157470703125,204.41021728515625,21.4671630859375,52.228912353515625,0.000456793699413538
1500,351.3318176269531,200.71466064453125,22.4132080078125,56.0213623046875,1.1509569048939738e-05
1530,370.4562683105469,184.90103149414062,21.8701171875,52.6392822265625,0.0005647169891744852
1530,408.2933044433594,192.90960693359375,21.0712890625,50.805023193359375,2.032188422163017e-05
1530,14.136453628540039,201.2738037109375,21.567533493041992,51.460357666015625,0.009840657003223896
1530,3.8588085174560547,203.20509338378906,21.60723304748535,51.378448486328125,9.622650395613164e-06
1530,345.14996337890625,200.7796173095703,21.14306640625,50.56976318359375,0.13939878344535828
1530,362.6277770996094,194.85574340820312,20.6915283203125,51.093475341796875,6.023893092788057e-06
1530,0.0,208.04266357421875,14.862136840820312,54.490142822265625,1.6305250483128475e-06
1530,337.9979553222656,204.53350830078125,24.91571044921875,60.24102783203125,6.395245145540684e-05
1560,415.92010498046875,184.97616577148438,21.764892578125,52.0447998046875,0.0002809174475260079
1560,1.3830223083496094,196.70211791992188,23.621850967407227,56.136077880859375,3.2454718166263774e-06
1560,345.0308837890625,194.5527801513672,21.42559814453125,51.29833984375,0.00015079959121067077
1560,14.481966018676758,203.5301513671875,22.909154891967773,54.0260009765625,4.8703732318244874e-06
1560,7.714898109436035,210.3483123779297,22.35730743408203,53.41035461425781,0.00014475840725935996
1590,430.533447265625,176.32252502441406,21.33428955078125,50.606414794921875,9.537857295072172e-06
1590,425.5596923828125,170.99000549316406,30.4835205078125,70.7459716796875,9.704477270133793e-05
1590,535.3887939453125,171.0043182373047,24.227294921875,56.489715576171875,1.798537232389208e-05
1590,547.9788818359375,168.21554565429688,31.8863525390625,75.260498046875,4.051350515510421e-06
1590,424.3092956542969,185.11277770996094,22.2548828125,53.164642333984375,0.0007546357810497284
1590,543.3305053710938,177.29470825195312,25.3126220703125,57.93865966796875,4.235000687913271e-06
1590,553.1122436523438,179.88482666015625,21.482666015625,50.740447998046875,1.2273639185877983e-05
1590,559.4034423828125,181.73365783691406,23.458984375,54.83380126953125,4.345024990470847e-06
1590,0.0,186.348876953125,13.471023559570312,50.83221435546875,2.8647782528423704e-06
1590,0.0,173.6087646484375,19.22393798828125,77.74386596679688,3.5951643440057524e-06
1590,345.0406494140625,193.2446746826172,21.42266845703125,50.817901611328125,0.0004935814067721367
1590,616.1044311523438,188.96292114257812,24.39556884765625,68.6187744140625,3.4287181733816396e-06
1590,626.0549926757812,194.60391235351562,14.44500732421875,55.2352294921875,9.288648288929835e-05
1590,627.2947998046875,213.40870666503906,13.2052001953125,51.06071472167969,2.960113761218963e-06
1650,627.2374877929688,170.29885864257812,13.26251220703125,50.58660888671875,5.628270628221799e-06
1650,64.20449829101562,192.5538787841797,22.27911376953125,53.948944091796875,5.918305419072567e-07
1650,0.0,199.54031372070312,14.802059173583984,55.42254638671875,2.4618625502625946e-06
1650,59.42637252807617,203.091552734375,21.295154571533203,50.64630126953125,2.667341505002696e-05
1680,433.47320556640625,42.80413055419922,20.832275390625,51.02656555175781,2.666263208084274e-05
1680,627.4428100585938,155.12265014648438,13.05718994140625,52.578277587890625,4.313054432714125e-06
1680,619.3629150390625,137.666259765625,21.1370849609375,99.0198974609375,2.588326651675743e-06
1680,627.2014770507812,177.5256805419922,13.29852294921875,51.3138427734375,4.008440737379715e-05
1680,9.378861427307129,193.4608917236328,22.415950775146484,54.0498046875,2.3782019979989855e-06
1680,0.0,201.99757385253906,14.053333282470703,53.90081787109375,1.490069098508684e-05
1680,0.0,110.81993103027344,60.732994079589844,315.92333984375,2.3437150957761332e-06
1680,2.8884992599487305,202.10763549804688,21.48263931274414,51.09356689453125,3.527561375449295e-06
1680,33.569549560546875,200.99282836914062,21.034835815429688,50.98974609375,1.289315059693763e-05
1680,17.647594451904297,202.23648071289062,21.037841796875,51.066925048828125,1.1237401849939488e-05
1680,26.28548812866211,201.227294921875,21.247787475585938,51.699615478515625,8.51792447065236e-06
1710,0.0,179.49420166015625,15.732933044433594,59.316650390625,4.7784546950424556e-06
1710,439.048583984375,174.47628784179688,27.89727783203125,66.93740844726562,2.2336178062687395e-06
1710,357.5821228027344,70.75006103515625,153.32171630859375,319.7478332519531,3.0123369469947647e-06
1710,66.11430358886719,193.4196319580078,21.028457641601562,50.746002197265625,1.595903086126782e-06
1710,346.0948181152344,189.6002960205078,22.00628662109375,51.636077880859375,1.0313699931430165e-05
1710,627.9188842773438,191.9275665283203,12.58111572265625,50.95703125,5.5106429499574006e-06
1710,0.0,203.14764404296875,14.155092239379883,50.7366943359375,0.0001407300151186064
1710,0.0,174.43231201171875,22.022071838378906,98.48587036132812,1.2754431736539118e-05
1710,0.0,216.87591552734375,15.210236549377441,58.78887939453125,8.596502993896138e-06
1740,194.6075439453125,174.23269653320312,23.046783447265625,53.758026123046875,6.687351287837373e-06
1740,202.3155059814453,176.03494262695312,21.777099609375,50.530426025390625,0.00021458738774526864
1740,482.00518798828125,183.49127197265625,21.25616455078125,50.79559326171875,0.0004677581018768251
1740,507.1050109863281,179.32498168945312,21.852142333984375,52.399871826171875,7.957243724376895e-06
1740,520.3994140625,180.6871795654297,22.020751953125,53.423553466796875,1.5001538486103527e-05
1740,183.0246124267578,182.0751953125,22.645843505859375,53.1439208984375,2.2011096007190645e-05
1740,0.0,191.56011962890625,13.868803024291992,50.54840087890625,1.4380118045664858e-05
1740,473.32135009765625,179.9314727783203,28.000732421875,67.44479370117188,1.8809582797985058e-06
1740,404.90771484375,102.02822875976562,146.53619384765625,296.5472717285156,1.5450521459570155e-05
1740,496.7207336425781,184.0475311279297,20.530059814453125,50.814697265625,5.8458522289583925e-06
1740,475.4849548339844,96.21519470214844,111.54690551757812,261.23443603515625,1.0195215509156696e-05
1740,526.878173828125,187.14871215820312,21.0078125,50.806060791015625,5.143544694874436e-05
1740,7.454916000366211,198.31536865234375,22.18743133544922,53.531524658203125,1.4939963875804096e-05
1740,0.0,177.85986328125,21.949792861938477,96.44882202148438,1.563181513120071e-06
1740,487.1994323730469,190.74575805664062,21.76739501953125,52.62432861328125,3.294328780611977e-05
1740,514.1752319335938,190.3681640625,21.9649658203125,52.98065185546875,6.017272244207561e-05
1740,0.0,206.87118530273438,15.051114082336426,55.201934814453125,2.9173968869145028e-05
1770,190.19163513183594,165.55026245117188,25.31982421875,60.688934326171875,7.4779236456379294e-06
1770,179.67111206054688,169.11026000976562,24.55902099609375,55.7615966796875,2.676373696886003e-06
1770,187.01171875,177.5819091796875,21.10888671875,50.61639404296875,0.020015526562929153
1770,578.2299194335938,184.61373901367188,21.8507080078125,50.53436279296875,4.101991726201959e-05
1770,151.55955505371094,186.34677124023438,21.89080810546875,53.06494140625,0.00014482330880127847
1770,511.0429992675781,179.8445281982422,26.697296142578125,64.32131958007812,3.831212779914495e-06
1770,519.6959838867188,183.430908203125,21.23388671875,51.733428955078125,0.00035142889828421175
1770,529.3359375,186.65982055664062,22.019775390625,53.51361083984375,8.040169632295147e-06
1770,538.8746948242188,180.37705993652344,29.6380615234375,69.033447265625,1.6278837620120612e-06
1770,616.4437866210938,183.68753051757812,21.527099609375,53.818145751953125,1.642096322029829e-05
1770,627.0509643554688,181.130859375,13.44903564453125,52.00384521484375,6.224726803338854e-06
1770,537.81005859375,192.87631225585938,21.5936279296875,51.3221435546875,0.00022147678828332573
1770,571.6994018554688,189.94219970703125,20.8709716796875,51.39984130859375,1.773312033037655e-05
1770,584.1971435546875,190.89317321777344,23.1951904296875,54.648162841796875,0.9897181987762451
1770,578.1553955078125,178.89686584472656,33.8253173828125,78.06999206542969,0.00012036086991429329
1770,339.0519714355469,193.4344940185547,21.66455078125,50.9918212890625,1.0912980542343576e-05
1770,526.2608642578125,156.8638458251953,114.2391357421875,273.35546875,1.27431367218378e-05
1770,598.6557006835938,189.1942138671875,25.013916015625,60.853973388671875,0.00047499261563643813
1770,610.0974731445312,195.19442749023438,22.2625732421875,53.58856201171875,0.00014794987509958446
1770,608.189453125,182.896240234375,32.310546875,82.31161499023438,2.231451617262792e-05
1770,2.659125328063965,205.593994140625,21.120967864990234,50.508941650390625,3.1089989533938933e-06
1770,615.7161865234375,203.5021514892578,21.76953125,51.3416748046875,0.010708825662732124
1770,624.5637817382812,201.39093017578125,15.93621826171875,52.60638427734375,0.0002983487502206117
1770,0.0,209.09568786621094,14.563819885253906,53.80647277832031,5.869393589819083e-06
1770,589.3687133789062,190.71763610839844,26.41162109375,63.7515869140625,0.011370972730219364
1770,626.6167602539062,222.17161560058594,13.88323974609375,51.44841003417969,2.3909483388706576e-06
1800,627.7362060546875,151.09828186035156,12.7637939453125,51.67181396484375,3.231407390558161e-06
1800,585.6844482421875,163.29103088378906,23.563720703125,55.63409423828125,1.3841846339346375e-05
1800,605.4571533203125,153.4159698486328,31.434326171875,74.68145751953125,0.00023998937103897333
1800,619.07080078125,142.66590881347656,21.42919921875,88.53958129882812,2.2390315280063078e-05
1800,591.2279663085938,170.0308837890625,25.451416015625,60.449920654296875,0.3550417125225067
1800,609.1115112304688,171.78456115722656,21.7452392578125,51.751800537109375,0.00147581088822335
1800,616.5775146484375,171.49623107910156,21.8175048828125,51.415679931640625,0.0021925277542322874
1800,625.765625,168.43641662597656,14.734375,52.358978271484375,0.0006345414440147579
1800,589.7244873046875,154.07362365722656,36.1181640625,85.38180541992188,7.872892638260964e-06
1800,120.52522277832031,192.81390380859375,21.1058349609375,51.328857421875,1.7082314798244624e-06
1800,599.71337890625,177.28636169433594,22.183349609375,52.506622314453125,0.0010528278071433306
1800,626.227294921875,183.87416076660156,14.272705078125,56.84503173828125,2.2474018805951346e-06
1800,0.0,210.1565399169922,12.921228408813477,53.89607238769531,1.7165246390504763e-05
1830,465.34771728515625,178.5605010986328,21.73016357421875,50.86346435546875,3.5956050851382315e-05
