30,618.127197265625,116.27474975585938,22.372802734375,101.92047119140625,1.7725089492159896e-05
30,616.4857177734375,155.85585021972656,22.2991943359375,53.50360107421875,2.5405372070963494e-05
30,625.638671875,163.48118591308594,14.861328125,58.914154052734375,1.560047712700907e-05
30,0.0,173.5030059814453,15.015068054199219,53.02374267578125,3.83470387532725e-06
30,627.25537109375,183.2377471923828,13.24462890625,51.13323974609375,4.1770604184421245e-06
60,257.652099609375,136.56265258789062,22.7452392578125,53.5162353515625,5.55706310478854e-06
60,262.070556640625,139.6147918701172,25.8438720703125,61.071258544921875,1.1660564268822782e-05
60,251.47520446777344,158.90748596191406,23.761703491210938,57.10540771484375,3.5810207918984815e-05
60,258.6036071777344,156.78955078125,22.70361328125,53.36187744140625,0.0023730474058538675
60,270.6126708984375,156.47921752929688,20.82373046875,50.90789794921875,9.63628917816095e-06
60,262.1315612792969,163.97775268554688,25.62664794921875,58.822784423828125,1.4549609659297857e-05
60,600.1461181640625,359.8475341796875,40.3538818359375,120.6524658203125,5.001857516617747e-06
90,58.497703552246094,158.65423583984375,21.504241943359375,51.698089599609375,9.322212463303003e-06
90,137.46617126464844,158.4912872314453,22.0595703125,51.841156005859375,6.319580734270858e-06
90,37.84294891357422,184.09547424316406,25.57952117919922,59.500030517578125,1.3698543170903577e-06
90,601.5414428710938,364.3428039550781,38.95855712890625,116.15719604492188,3.925939836335601e-06
120,410.85528564453125,0.0,143.59100341796875,285.6966857910156,0.0011881464160978794
120,466.980224609375,72.3538589477539,68.8406982421875,167.84423828125,4.662699211621657e-06
120,437.7647705078125,13.292037963867188,89.12786865234375,228.2146759033203,0.0010954812169075012
120,444.2095642089844,91.46073913574219,64.2314453125,161.72067260742188,2.0826975742238574e-05
150,0.0,61.1678466796875,76.13348388671875,341.73675537109375,1.149919171439251e-05
150,29.186492919921875,50.75506591796875,144.92527770996094,349.42010498046875,3.989566903328523e-05
150,62.50269317626953,96.53227996826172,99.28820037841797,242.10147094726562,0.00015569556853733957
150,0.0,2.7201080322265625,135.61654663085938,357.4544677734375,0.00023015117039903998
210,514.3228759765625,157.7773895263672,21.209228515625,50.745849609375,0.00011617616837611422
210,0.0,215.46307373046875,21.64725685119629,100.695556640625,3.957342869398417e-06
210,0.0,246.28614807128906,14.451144218444824,56.16569519042969,6.290178589551942e-06
240,602.3569946289062,205.43174743652344,21.6224365234375,50.89654541015625,3.8746037489545415e-07
240,627.2413330078125,207.38607788085938,13.2586669921875,57.6253662109375,9.286612112191506e-06
270,32.331878662109375,194.71414184570312,21.674789428710938,51.663421630859375,1.7143678405773244e-06
270,626.9328002929688,192.90550231933594,13.56719970703125,56.740234375,1.1307426575513091e-05
270,40.84151840209961,198.8323516845703,21.353912353515625,51.18621826171875,2.0807770795272518e-07
270,574.63037109375,204.77569580078125,22.656005859375,54.024658203125,2.2071722014516126e-06
270,567.8563842773438,210.16896057128906,21.9073486328125,51.18928527832031,3.0451250495389104e-05
270,627.6937866210938,216.076416015625,12.80621337890625,50.75152587890625,2.892894599426654e-06
270,562.1600341796875,216.14959716796875,20.75537109375,52.060546875,9.332587796961889e-05
300,622.56689453125,205.07286071777344,17.93310546875,81.55049133300781,4.212745352560887e-06
300,607.028564453125,174.34751892089844,33.471435546875,139.8690948486328,1.4276908586907666e-05
300,591.3723754882812,141.3961181640625,49.12762451171875,237.71868896484375,5.060962848801864e-06
330,617.4807739257812,250.92062377929688,21.371337890625,52.5411376953125,3.931072569685057e-06
330,627.8989868164062,250.86862182617188,12.60101318359375,53.14642333984375,9.005711945064832e-06
360,626.847412109375,190.13653564453125,13.652587890625,57.397430419921875,3.5656967156683095e-06
360,0.0,198.47767639160156,15.444377899169922,58.0634765625,2.918457312262035e-06
390,619.393798828125,145.80429077148438,21.106201171875,53.851715087890625,9.753205631568562e-06
390,590.7213134765625,80.14529418945312,49.7786865234375,245.79763793945312,5.15843885295908e-06
390,625.8485717773438,157.83099365234375,14.65142822265625,52.66748046875,0.0004182193661108613
390,510.89739990234375,179.57943725585938,25.1829833984375,60.085479736328125,3.249850851716474e-05
390,617.1112060546875,162.81983947753906,23.3887939453125,60.646636962890625,1.5732672181911767e-05
390,614.5548706054688,132.11688232421875,25.94512939453125,121.37176513671875,7.707037184445653e-06
390,498.6466064453125,183.28346252441406,23.6688232421875,54.961151123046875,4.816396540263668e-05
390,498.7805480957031,165.97470092773438,34.075408935546875,80.15386962890625,1.8734608602244407e-06
390,506.4373779296875,190.75537109375,22.003173828125,52.476776123046875,0.009223886765539646
390,622.408203125,171.9005584716797,18.091796875,77.884521484375,1.5855184756219387e-05
390,436.2859802246094,128.0657501220703,137.40225219726562,289.931396484375,1.0696784556785133e-05
390,518.826904296875,190.52816772460938,21.77294921875,51.749969482421875,3.708382791955955e-05
390,500.2477722167969,193.63751220703125,32.485260009765625,77.20562744140625,3.1393562949233456e-06
420,249.04873657226562,172.20010375976562,26.40478515625,62.40533447265625,3.874281537719071e-05
420,176.01528930664062,73.12930297851562,151.33251953125,318.2607421875,1.2666999282373581e-05
420,126.28712463378906,171.5975341796875,27.139923095703125,66.11294555664062,2.0720890461234376e-06
420,244.95994567871094,175.85997009277344,20.650344848632812,50.753326416015625,2.7355254132999107e-05
420,627.1946411132812,177.09927368164062,13.30535888671875,51.54095458984375,3.282638772361679e-06
420,89.66534423828125,184.26412963867188,21.999252319335938,52.8048095703125,3.0411206353164744e-06
420,95.32075500488281,181.84625244140625,25.42999267578125,59.373687744140625,6.354612560244277e-05
420,103.65656280517578,182.261962890625,24.050491333007812,55.337615966796875,1.389747740176972e-05
420,122.37325286865234,180.40435791015625,22.487892150878906,54.100494384765625,0.0001774663687683642
420,544.4890747070312,195.37008666992188,23.856689453125,55.90411376953125,9.616155693947803e-06
420,98.40147399902344,170.95130920410156,34.80265808105469,86.47511291503906,6.054303867131239e-07
420,110.03987884521484,180.74566650390625,25.94428253173828,62.69964599609375,3.792713687289506e-05
420,532.297607421875,182.4281768798828,36.2486572265625,85.91093444824219,5.704555405827705e-06
420,569.6680908203125,206.48947143554688,21.408447265625,51.01800537109375,6.447183841373771e-05
420,539.461669921875,207.99237060546875,25.4169921875,61.02752685546875,0.0003019808209501207
420,487.2455749511719,172.8939208984375,125.55642700195312,279.5982666015625,2.3972979761310853e-06
420,550.2141723632812,206.53282165527344,23.7127685546875,56.82890319824219,0.9984508752822876
420,558.7989501953125,207.06890869140625,21.3546142578125,51.096466064453125,0.36360451579093933
420,550.8815307617188,193.6090850830078,35.1917724609375,83.68156433105469,3.227175739084487e-06
420,582.669189453125,205.69137573242188,22.2303466796875,53.60693359375,6.42234408587683e-06
420,531.764892578125,212.32015991210938,21.489501953125,52.46002197265625,1.906277429952752e-05
420,576.223388671875,210.5729217529297,21.791015625,51.14588928222656,0.015371489338576794
450,544.6798706054688,166.8229217529297,22.7762451171875,53.714263916015625,3.3444855489506153e-06
450,539.284912109375,177.2716522216797,22.045166015625,51.139404296875,2.9452596663759323e-06
450,224.34707641601562,181.7978973388672,21.83709716796875,53.258575439453125,7.431869107676903e-06
480,0.0,164.93338012695312,15.9068603515625,57.4793701171875,3.595489943108987e-06
480,1.5678586959838867,179.438232421875,20.8040771484375,50.535186767578125,2.2118387278169394e-05
480,8.280757904052734,179.66793823242188,23.03101348876953,55.598785400390625,3.477149220998399e-05
480,203.31930541992188,181.23699951171875,21.024993896484375,50.6536865234375,1.4572609643437318e-06
480,0.0,185.1080322265625,14.458089828491211,54.3048095703125,3.2075079161586473e-06
480,49.10470199584961,185.28721618652344,21.18197250366211,51.29144287109375,8.015608727873769e-06
480,0.0,188.82652282714844,25.230182647705078,59.5667724609375,3.1161141578195384e-06
480,16.335735321044922,188.96456909179688,21.266719818115234,51.4248046875,9.817801037570462e-05
480,21.531679153442383,184.943603515625,25.061750411987305,58.35760498046875,3.20187937177252e-05
480,10.803935050964355,182.56390380859375,30.593143463134766,73.1324462890625,1.0215683687420096e-05
480,0.0,200.7083282470703,16.093721389770508,61.77415466308594,6.496381956822006e-06
480,5.137031555175781,196.49560546875,27.014266967773438,64.12130737304688,2.946532276837388e-06
480,0.0,174.1472930908203,36.814369201660156,97.46525573730469,1.9055058828598703e-06
510,0.0,174.14222717285156,16.103296279907227,55.200469970703125,1.1674728739308193e-05
510,1.3640251159667969,185.29412841796875,21.830421447753906,51.4923095703125,0.0008820572402328253
510,14.918597221374512,183.757568359375,23.174560546875,55.763702392578125,4.014926162199117e-06
510,6.604358673095703,188.45372009277344,22.92639923095703,55.966949462890625,0.00010372712858952582
510,0.0,193.58238220214844,16.391427993774414,60.228302001953125,1.2357520972727798e-05
510,0.0,171.98043823242188,23.44146728515625,100.99237060546875,2.3089325623004697e-05
510,0.0,136.27073669433594,46.736602783203125,219.62123107910156,3.931830178771634e-06
540,82.30841064453125,199.8571014404297,21.076751708984375,51.419769287109375,4.843013812205754e-06
540,95.99254608154297,199.57199096679688,22.1578369140625,52.107086181640625,4.683774648128747e-07
540,89.13495635986328,205.0862579345703,21.553054809570312,51.94273376464844,3.338004262332106e-06
540,599.980712890625,362.56707763671875,40.519287109375,117.93292236328125,9.83644258667482e-06
570,434.32086181640625,171.29942321777344,21.860107421875,51.453521728515625,4.610821179085178e-06
570,440.94805908203125,168.8276824951172,21.80584716796875,50.986480712890625,2.955166337414994e-06
570,448.1258850097656,168.76580810546875,22.019287109375,52.4425048828125,1.473146880925924e-06
570,0.0,195.32769775390625,14.13499641418457,53.069183349609375,6.860843313916121e-06
570,0.0,177.0517120361328,22.145174026489258,99.00425720214844,4.987258307664888e-06
570,0.0,209.49066162109375,16.317516326904297,57.578125,8.42484769236762e-06
570,0.0,230.3329315185547,13.082119941711426,50.85023498535156,3.8092623526608804e-06
600,520.1039428710938,204.6508331298828,23.4796142578125,56.33570861816406,2.102205826304271e-06
600,625.9022216796875,242.6522674560547,14.5977783203125,58.41331481933594,1.7947787682714988e-06
600,605.882568359375,250.2857666015625,34.617431640625,142.18023681640625,8.357336582776043e-07
600,591.1954345703125,229.70571899414062,49.3045654296875,245.79888916015625,4.236551831127144e-06
630,466.2282409667969,176.69601440429688,20.790283203125,50.653350830078125,7.940203431644477e-06
630,471.93377685546875,178.685791015625,22.9368896484375,54.5457763671875,0.0002319960913155228
630,601.3959350585938,360.22314453125,39.10406494140625,120.27685546875,4.961768809153e-06
660,488.9962463378906,144.9198760986328,24.277740478515625,59.067047119140625,2.830854555213591e-06
660,485.0162048339844,133.29405212402344,38.955474853515625,92.24420166015625,0.0004955545882694423
660,486.2546081542969,109.43241119384766,55.354705810546875,140.016357421875,0.00037471239920705557
660,477.95123291015625,75.33837127685547,82.746826171875,201.97830200195312,5.265221989247948e-05
660,466.8206787109375,39.62486267089844,119.114501953125,282.348876953125,9.978421076084487e-06
660,433.16455078125,174.45416259765625,22.89068603515625,54.068145751953125,3.341010824442492e-06
660,440.2429504394531,171.9872283935547,23.23895263671875,54.156524658203125,1.5245027498167474e-05
660,511.9662170410156,133.4886474609375,45.474334716796875,108.302734375,9.87035582511453e-06
660,525.639892578125,170.2685546875,27.461669921875,64.19061279296875,8.669264389027376e-06
660,491.9790344238281,149.72323608398438,38.965423583984375,94.58380126953125,3.3114399684563978e-06
660,498.0265197753906,142.49774169921875,51.287384033203125,124.29916381835938,4.44015540779219e-06
690,627.8283081054688,199.2333221435547,12.67169189453125,51.1884765625,1.3194909115554765e-05
690,601.0741577148438,362.5970458984375,39.42584228515625,117.9029541015625,8.322029316332191e-06
720,0.0,181.79229736328125,14.919351577758789,55.9874267578125,2.721926102822181e-05
720,627.3963012695312,189.02574157714844,13.10369873046875,51.62677001953125,1.0624347851262428e-05
720,616.3150024414062,196.63253784179688,23.852783203125,54.641754150390625,2.70199097940349e-06
720,627.786865234375,207.7111053466797,12.713134765625,51.24983215332031,2.0985798983019777e-05
750,0.0,169.99853515625,16.080760955810547,53.569061279296875,1.9458853785181418e-05
750,6.79322624206543,170.0946502685547,21.685775756835938,52.05047607421875,3.2230541364697274e-06
750,601.9715576171875,362.18994140625,38.5284423828125,118.31005859375,4.634724973584525e-06
810,626.5551147460938,168.05020141601562,13.94488525390625,57.038726806640625,2.6289617380825803e-06
810,0.0,177.2760467529297,15.651590347290039,53.161895751953125,3.2137515972863184e-06
840,0.0,151.01321411132812,12.85395622253418,50.53125,2.264376007587998e-06
840,395.1294250488281,172.76513671875,22.16119384765625,51.6712646484375,1.360926398774609e-05
840,0.0,167.27371215820312,15.03921127319336,54.455078125,1.266263825527858e-05
870,627.73486328125,178.9647979736328,12.76513671875,51.659088134765625,6.791410669393372e-06
900,0.0,69.376708984375,13.768556594848633,51.43255615234375,2.811118747558794e-06
900,1.3130683898925781,71.30482482910156,26.219301223754883,62.24928283691406,2.6488749426789582e-05
900,8.223618507385254,76.42674255371094,26.923446655273438,66.24468994140625,0.2767512798309326
900,0.0,80.86399841308594,18.18341827392578,60.98780822753906,3.130369350401452e-06
900,1.6941852569580078,79.40104675292969,39.93748474121094,93.90109252929688,0.0019855068530887365
900,0.0,71.07415008544922,25.713260650634766,118.58496856689453,2.090643647534307e-06
900,0.0,45.836585998535156,49.2051887512207,210.59292602539062,2.1640094928443432e-05
990,628.1705322265625,201.7248992919922,12.3294677734375,50.583526611328125,2.7542139378056163e-06
990,611.3544311523438,407.178955078125,29.14556884765625,73.321044921875,4.486837951844791e-06
990,601.307861328125,361.13592529296875,39.192138671875,119.36407470703125,7.881350938987453e-06
1050,90.78755187988281,160.15977478027344,23.355636596679688,54.276031494140625,7.64427659305511e-06
1080,600.15234375,365.1764221191406,40.34765625,115.32357788085938,6.300895165622933e-06
1080,579.6368408203125,317.7020568847656,60.8631591796875,162.79794311523438,6.489731731562642e-06
1140,592.015869140625,199.51385498046875,23.167236328125,53.047027587890625,4.79886375615024e-06
1170,0.0,161.87109375,13.375001907348633,50.822357177734375,3.423124780965736e-06
1170,160.0111846923828,185.03070068359375,21.42901611328125,51.010955810546875,8.689748938195407e-07
1200,136.1410369873047,186.99090576171875,22.383026123046875,53.764556884765625,1.3669831560036982e-06
1200,124.62449645996094,198.03778076171875,21.667938232421875,53.15924072265625,1.561950375617016e-05
1200,131.5401611328125,196.98928833007812,21.10601806640625,50.8355712890625,0.0003043935284949839
1230,0.0,147.36912536621094,13.829964637756348,51.335479736328125,5.163621608517133e-06
1230,1.9573144912719727,148.9449920654297,21.104225158691406,51.250701904296875,2.790759253912256e-06
1230,0.0,131.54586791992188,24.631601333618164,101.74777221679688,4.429839464137331e-06
1230,0.0,157.03501892089844,17.337207794189453,60.806854248046875,5.483304448716808e-06
1230,120.07543182373047,176.3415069580078,21.882606506347656,51.477783203125,0.0032346409279853106
1230,6.888650894165039,149.4928436279297,43.07731628417969,104.37484741210938,6.326653237920254e-05
1230,186.03372192382812,182.5693359375,22.691192626953125,53.04998779296875,7.244778316817246e-06
1230,57.50817108154297,197.5238037109375,20.671920776367188,50.639129638671875,1.394348487337993e-06
1230,64.31993103027344,197.768310546875,23.994766235351562,54.9417724609375,1.8808900676958729e-06
1230,71.7385482788086,205.3880157470703,22.0294189453125,51.73896789550781,1.3106568076182157e-05
1230,79.16423034667969,206.6664276123047,21.188919067382812,51.86817932128906,1.7886035266201361e-06
1260,597.1849365234375,0.0,43.3150634765625,121.22945404052734,1.478810554544907e-05
1260,574.9053344726562,0.0,65.59466552734375,169.92922973632812,2.3848406272009015e-06
1260,452.81298828125,160.30593872070312,26.61846923828125,62.736297607421875,1.64614948516828e-06
1260,441.957763671875,167.97779846191406,22.67559814453125,54.76983642578125,1.386172698403243e-05
1260,441.51190185546875,155.1695556640625,33.63232421875,80.90228271484375,3.4420163501636125e-06
1260,448.20068359375,173.20176696777344,23.8428955078125,57.062255859375,0.0003830490750260651
1260,628.0283203125,222.91033935546875,12.4716796875,57.566680908203125,2.695142939046491e-06
1260,600.7674560546875,360.3748474121094,39.7325439453125,120.12515258789062,4.2362726162537e-06
1290,1.6387310028076172,166.21066284179688,23.648605346679688,55.90167236328125,1.025740675686393e-05
1290,24.75390625,171.90553283691406,21.54620361328125,51.2908935546875,8.47343253553845e-05
1290,151.5406951904297,169.52703857421875,22.522705078125,54.4432373046875,1.4579000890080351e-05
1290,475.6990051269531,161.70045471191406,31.4530029296875,73.59368896484375,2.3781246909493348e-06
1290,7.714461326599121,175.2404327392578,21.708702087402344,53.063079833984375,1.649614750931505e-05
1290,19.124074935913086,177.928466796875,21.58347511291504,52.025970458984375,1.247415298166743e-06
1290,30.653850555419922,176.240966796875,21.654273986816406,51.394622802734375,5.927110123593593e-06
1290,137.6005096435547,176.09072875976562,21.3956298828125,50.913970947265625,3.8956510252319276e-05
1290,143.3882598876953,174.03704833984375,24.478973388671875,56.88604736328125,0.008939416147768497
1290,474.06005859375,175.62258911132812,21.8265380859375,52.1470947265625,1.0962829719574074e-06
1290,481.3460693359375,177.74905395507812,21.89727783203125,52.068603515625,7.886043022153899e-06
1290,0.0,185.0357208251953,13.42344856262207,50.63641357421875,1.2080176929885056e-05
1290,487.1339111328125,181.5716094970703,23.20977783203125,54.51824951171875,8.93564720172435e-06
1290,0.0,163.86468505859375,22.749998092651367,102.93069458007812,1.5327216260629939e-06
1290,1.5321168899536133,187.7838592529297,20.755149841308594,50.98675537109375,1.1896307114511728e-05
1320,595.4896850585938,0.0,45.01031494140625,117.72956085205078,6.117355496826349e-06
1320,119.0448226928711,175.17332458496094,23.738059997558594,55.69512939453125,1.204046293423744e-05
1320,505.1744689941406,178.69874572753906,21.872589111328125,53.047088623046875,5.927511210757075e-06
1320,0.0,176.64414978027344,15.283313751220703,54.015869140625,6.302295332716312e-06
1320,87.91519927978516,182.9573516845703,21.109161376953125,50.781341552734375,1.6890748156583868e-05
1320,106.05774688720703,180.07862854003906,21.228195190429688,50.93890380859375,6.286975803959649e-06
1320,113.85842895507812,183.30715942382812,21.791748046875,51.356719970703125,0.00010250159539282322
1320,499.7140197753906,185.1202850341797,21.260833740234375,51.70367431640625,5.03107912663836e-06
1350,22.708633422851562,157.96080017089844,40.63330078125,99.56645202636719,0.00013123787357471883
1350,1.2633323669433594,180.3418426513672,22.215763092041016,53.888671875,0.00015371182234957814
1350,3.1819963455200195,169.05569458007812,32.43796920776367,77.25161743164062,8.280176552943885e-05
1350,43.39421463012695,182.28933715820312,21.88290786743164,50.731109619140625,9.731779755384196e-06
1350,35.18187713623047,165.18807983398438,36.224395751953125,84.37347412109375,8.44280730234459e-05
1350,61.6982536315918,179.98052978515625,23.777729034423828,54.89593505859375,1.894145316327922e-05
1350,30.986663818359375,183.48486328125,29.060501098632812,66.35720825195312,1.113995040213922e-05
1350,46.579593658447266,184.21136474609375,26.64980697631836,63.62957763671875,0.009590375237166882
1350,7.628396034240723,190.7779083251953,22.40679931640625,53.608856201171875,0.0010467033134773374
1350,55.36997985839844,191.64401245117188,21.769241333007812,50.60711669921875,1.1934293979720678e-05
1350,615.5823974609375,198.4839630126953,22.6549072265625,54.810150146484375,0.0002433537010801956
1350,15.475064277648926,196.6160430908203,20.7548828125,51.385467529296875,6.601335917366669e-05
1350,603.978515625,203.13436889648438,21.7479248046875,52.313507080078125,3.2373050089518074e-06
1350,626.63916015625,202.22427368164062,13.86083984375,51.444305419921875,0.00022803655883762985
1350,593.074462890625,132.0216064453125,47.425537109375,238.06637573242188,4.7958260438463185e-06
1350,3.0660858154296875,200.04946899414062,21.654293060302734,52.056060791015625,1.305955447605811e-05
1350,41.368003845214844,194.22817993164062,24.8599853515625,60.62445068359375,0.00014553969958797097
1350,43.777626037597656,173.34164428710938,38.02362823486328,89.94619750976562,2.1429200387501623e-06
1350,609.7977905273438,207.4752197265625,22.5684814453125,53.097137451171875,0.00020017943461425602
1350,612.112060546875,204.8982696533203,28.387939453125,71.74668884277344,2.5735962481121533e-05
1350,625.3969116210938,219.4444122314453,15.10308837890625,61.34782409667969,2.385794005022035e-06
1380,609.2952880859375,146.7295684814453,24.7291259765625,59.0885009765625,5.865459570486564e-06
1380,624.4059448242188,154.70257568359375,16.09405517578125,56.712432861328125,8.469205931760371e-05
1380,600.4879760742188,162.78952026367188,22.107666015625,52.887237548828125,0.05336824432015419
1380,615.6043090820312,159.9564208984375,22.4068603515625,52.495208740234375,0.0023026391863822937
1380,0.0,169.9801025390625,15.943042755126953,55.445098876953125,8.69137602421688e-06
1380,606.4954833984375,161.9114990234375,24.171142578125,58.703887939453125,0.0037079781759530306
1380,616.7990112304688,143.30563354492188,23.70098876953125,91.2515869140625,6.986546395637561e-06
1380,0.0,149.80636596679688,24.004926681518555,99.760986328125,2.387915174040245e-06
1380,593.8633422851562,153.77938842773438,34.26611328125,82.392333984375,9.206473805534188e-06
1380,626.6808471679688,172.3851318359375,13.81915283203125,53.058990478515625,1.6766483895480633e-05
1380,0.0,187.98866271972656,15.309663772583008,57.769012451171875,2.291793180120294e-06
1410,627.5258178710938,158.2910614013672,12.97418212890625,56.180419921875,1.4970140910008922e-05
1440,0.0,151.7843017578125,15.160987854003906,54.939727783203125,3.829660272458568e-06
1470,0.0,132.80868530273438,14.988706588745117,50.81536865234375,1.6299547496601008e-05
1470,0.0,138.6798553466797,23.512962341308594,56.388397216796875,1.454007997381268e-05
1470,0.0,101.6972885131836,28.690383911132812,130.64639282226562,2.909006980189588e-06
1470,6.037835121154785,146.78627014160156,23.351085662841797,56.0467529296875,1.0651547199813649e-05
1470,0.0,152.94729614257812,14.0947847366333,50.97406005859375,1.7140675481641665e-05
1470,0.0,157.70335388183594,23.437225341796875,55.59716796875,1.4198197959558456e-06
1470,56.48179244995117,173.25772094726562,21.767230987548828,50.8287353515625,2.2146103219711222e-05
1500,626.2319946289062,154.10952758789062,14.26800537109375,55.136016845703125,1.2673342098423745e-05
1620,0.0,112.25631713867188,15.51816177368164,60.021209716796875,1.5161627970883274e-06
1620,0.0,128.8275146484375,17.50470733642578,61.85546875,2.8013025712425588e-06
1620,0.0,106.55001831054688,23.211753845214844,108.4630126953125,1.0425666005176026e-05
1620,485.39599609375,147.96719360351562,25.62725830078125,59.419036865234375,2.0543981008813716e-05
1620,496.064208984375,151.5453643798828,22.302001953125,52.781341552734375,9.440638677915558e-06
1620,501.9219665527344,150.482177734375,24.943328857421875,56.838104248046875,2.594737998151686e-05
1620,0.0,151.69850158691406,13.780311584472656,52.84906005859375,9.364831385028083e-06
1620,480.7060546875,159.08676147460938,21.34814453125,50.880767822265625,0.00014336782624013722
1620,0.0,145.59896850585938,19.354433059692383,78.16876220703125,1.0784588084788993e-05
1620,627.2928466796875,159.82460021972656,13.2071533203125,57.595458984375,3.02186072076438e-06
1620,0.0,126.8919448852539,29.24173927307129,132.27908325195312,1.4722685591550544e-05
1620,475.78363037109375,165.17483520507812,20.58306884765625,50.56829833984375,5.214089924265863e-06
1620,476.97381591796875,155.54783630371094,31.15093994140625,73.14129638671875,3.359506763445097e-06
1620,0.0,106.30723571777344,48.9532356262207,225.87135314941406,4.02739306082367e-06
1650,485.72540283203125,148.0542449951172,25.52105712890625,59.628631591796875,3.1703086733614327e-06
1650,481.2465515136719,157.99838256835938,21.4056396484375,51.092315673828125,1.024457196763251e-05
1650,627.69140625,169.26524353027344,12.80859375,51.432037353515625,2.496254182915436e-06
1650,0.0,178.7958526611328,16.13178062438965,58.988677978515625,2.2633266780758277e-06
1650,0.7709178924560547,197.95457458496094,21.562999725341797,51.750244140625,0.0002772987063508481
1650,0.0,172.91854858398438,24.355981826782227,94.44906616210938,2.449674639137811e-06
1650,0.0,114.79928588867188,60.72669219970703,314.0950927734375,5.844592578796437e-06
1650,6.611116409301758,203.1495361328125,22.41872787475586,54.317138671875,5.808673904539319e-06
1650,0.0,213.94496154785156,14.502408981323242,50.81242370605469,1.4913706536390237e-06
1710,601.5222778320312,31.98139190673828,23.716064453125,56.788185119628906,1.6078324733825866e-06
1710,489.2444152832031,189.36477661132812,22.34466552734375,53.965301513671875,4.634636752598453e-06
1740,432.78662109375,183.62887573242188,23.15234375,54.415771484375,2.866543809432187e-06
1740,503.9390563964844,196.89881896972656,21.456939697265625,50.708770751953125,4.864945003646426e-05
1770,425.4925231933594,191.72544860839844,21.5572509765625,50.65106201171875,2.7271307772025466e-06
1770,432.6317443847656,191.8416748046875,21.32421875,50.531158447265625,4.263883056410123e-06
1800,626.9017333984375,66.33817291259766,13.5982666015625,52.496612548828125,2.15790332731558e-05
1800,601.4906616210938,361.38873291015625,39.00933837890625,119.11126708984375,5.985435109323589e-06
1830,615.3389892578125,91.90853118896484,24.3873291015625,57.79814910888672,4.767755308421329e-05
1830,625.9346923828125,92.89572143554688,14.5653076171875,50.567352294921875,1.8254975657328032e-05
1830,592.9844360351562,32.14866638183594,47.51556396484375,235.1829376220703,1.2677307495323475e-05
1830,606.0869140625,95.31822204589844,33.1943359375,77.64749145507812,4.339653969509527e-06
1830,0.0,166.401611328125,13.428537368774414,52.296234130859375,1.6894283589863335e-06
1830,0.0,155.148193359375,18.57246971130371,78.87698364257812,5.171506472834153e-06
1830,7.107420921325684,178.85525512695312,24.20105743408203,57.290740966796875,4.321531832829351e-06
1830,0.0,188.0840301513672,13.097314834594727,50.99749755859375,6.479258445324376e-05
1830,0.0,137.40695190429688,26.760677337646484,127.929443359375,2.439908257656498e-06
1830,0.0,121.44461822509766,44.15272903442383,226.04348754882812,3.4766596854751697e-06
1830,0.0,184.06443786621094,23.52709197998047,57.670013427734375,1.7718142771627754e-05
1830,41.96674346923828,183.52435302734375,22.43072509765625,52.950775146484375,4.721243840322131e-06
1830,0.0,205.0645751953125,12.815777778625488,51.32763671875,1.2114798664697446e-05
1830,0.0,191.94717407226562,17.73978042602539,73.1802978515625,5.471248641697457e-06
