30,393.0325012207031,188.48529052734375,21.42877197265625,50.607208251953125,4.705606261268258e-05
30,8.555042266845703,203.77220153808594,32.277244567871094,75.81694030761719,7.935971552797128e-06
30,627.7020263671875,208.12171936035156,12.7979736328125,55.97151184082031,1.0205078979197424e-05
30,9.764262199401855,227.4518585205078,21.674537658691406,51.35072326660156,0.0005413120961748064
60,8.064361572265625,214.61831665039062,21.502532958984375,50.857086181640625,6.893689260323299e-06
60,537.0665893554688,207.56414794921875,21.6683349609375,51.605621337890625,1.620343027752824e-05
60,545.6582641601562,208.242431640625,22.5262451171875,53.220947265625,6.435777777369367e-06
60,552.27099609375,211.20278930664062,22.7586669921875,53.0638427734375,6.935306009836495e-05
60,560.3226318359375,212.80697631835938,23.7357177734375,55.53802490234375,5.370712460717186e-05
60,602.0773315429688,210.502197265625,23.28369140625,54.30926513671875,6.028025381965563e-06
60,614.884033203125,210.35557556152344,24.2191162109375,56.98530578613281,3.9546761399833485e-05
60,0.0,216.73953247070312,15.105575561523438,54.15093994140625,1.4834081412118394e-05
60,567.9476928710938,216.72007751464844,23.21142578125,54.14738464355469,2.2670710677630268e-05
60,609.428466796875,217.91143798828125,23.2052001953125,54.39495849609375,1.5068340871948749e-05
60,627.1048583984375,218.47621154785156,13.3951416015625,50.98274230957031,1.627572055440396e-05
90,0.0,184.63734436035156,15.735654830932617,55.17071533203125,1.5192924365692306e-05
90,627.5100708007812,205.0072784423828,12.98992919921875,50.757843017578125,4.68192229163833e-06
90,576.8245239257812,222.699951171875,21.2940673828125,51.189208984375,4.8484613216714934e-05
90,582.5210571289062,219.63182067871094,25.3819580078125,56.25373840332031,3.7099941891938215e-06
90,578.9658203125,230.5826416015625,30.662109375,75.9014892578125,2.7256430257693864e-05
120,392.3393859863281,188.95361328125,20.1788330078125,51.443603515625,3.942907369491877e-06
120,384.712890625,191.84445190429688,22.771728515625,54.318115234375,7.465147518814774e-06
120,591.6422729492188,216.64569091796875,23.48095703125,56.41534423828125,1.0521995136514306e-05
120,585.9117431640625,226.37307739257812,21.478271484375,50.90667724609375,7.584318609588081e-06
120,578.6953125,225.01028442382812,33.15771484375,78.3355712890625,1.352413391941809e-06
150,448.24334716796875,184.06190490722656,21.13653564453125,50.647979736328125,4.1217790567316115e-06
150,441.12921142578125,188.3815460205078,21.47216796875,51.18157958984375,4.531820195552427e-06
180,626.9921875,208.3579864501953,13.5078125,52.64427185058594,2.5055794594663894e-06
240,628.2427368164062,148.72901916503906,12.25726318359375,50.847564697265625,1.999641654037987e-06
240,0.0,160.901123046875,18.879899978637695,77.22970581054688,1.136071568907937e-05
240,5.681709289550781,179.31492614746094,23.87674331665039,55.11669921875,3.7472773328772746e-06
240,0.0,186.29867553710938,14.445540428161621,50.55999755859375,7.890097913332283e-05
240,506.0303649902344,182.2431640625,22.837615966796875,53.21533203125,9.175786544801667e-06
240,416.8553771972656,194.12490844726562,22.3555908203125,52.45648193359375,2.4043636130954837e-06
240,0.0,195.4412384033203,22.80463981628418,52.72393798828125,3.21122070090496e-06
270,77.93824005126953,145.98899841308594,25.114089965820312,60.822784423828125,0.00028041889891028404
270,72.51548767089844,139.33505249023438,35.33052062988281,85.84063720703125,1.0833117812580895e-05
270,0.0,186.224609375,16.684185028076172,50.76739501953125,0.018230779096484184
270,0.0,172.00955200195312,23.02053451538086,82.22769165039062,8.758348485571332e-06
270,0.0,104.46110534667969,44.85787582397461,240.30970764160156,1.1349756277923007e-05
270,0.0,124.37918090820312,63.155601501464844,299.501953125,7.2522716436651535e-06
270,0.0,201.79251098632812,14.632076263427734,52.023712158203125,2.719728627198492e-06
300,546.3898315429688,150.72396850585938,48.03857421875,116.59609985351562,6.539850801345892e-06
300,560.9880981445312,168.00051879882812,22.0972900390625,52.605224609375,3.876546543324366e-06
300,554.7271728515625,175.2705078125,23.341552734375,55.779052734375,0.8175119757652283
300,519.6427001953125,121.76719665527344,83.1383056640625,207.63233947753906,8.68053211888764e-06
300,499.447265625,149.58706665039062,121.66748046875,271.73529052734375,9.513075383438263e-06
300,567.3776245117188,175.8222198486328,23.6451416015625,53.047149658203125,3.049731958526536e-06
300,578.1262817382812,172.9107666015625,29.64501953125,67.3634033203125,1.0827250662259758e-05
300,567.8792114257812,142.54554748535156,49.1998291015625,116.93247985839844,1.11223823751061e-06
300,547.055908203125,177.68092346191406,26.516845703125,64.28915405273438,0.00025995983742177486
300,553.4649047851562,169.72474670410156,33.9261474609375,81.585693359375,0.9960653185844421
300,575.996337890625,183.1131134033203,22.00439453125,51.058624267578125,9.253373605133675e-07
300,565.7745971679688,170.62718200683594,34.933837890625,85.90847778320312,0.0005505654262378812
330,40.06556701660156,141.665771484375,21.83782958984375,51.45074462890625,1.2103353583370335e-05
330,56.68048858642578,142.06878662109375,20.670211791992188,50.603546142578125,1.7808655684348196e-05
330,50.163265228271484,142.37185668945312,20.535717010498047,51.284820556640625,3.0742157832719386e-05
330,28.568424224853516,141.5147705078125,32.29973602294922,77.10946655273438,2.6074532797792926e-05
330,43.47868728637695,142.8294219970703,30.374813079833984,73.28872680664062,4.171699038124643e-05
330,0.0,164.27700805664062,14.161872863769531,51.20086669921875,2.683442744455533e-06
330,6.097641944885254,166.67459106445312,24.699344635009766,58.862274169921875,1.2365655493340455e-05
330,1.3063583374023438,177.13661193847656,22.493696212768555,52.996612548828125,4.68788348371163e-05
330,376.4499816894531,181.97357177734375,22.61334228515625,52.726531982421875,2.9721697956119897e-06
330,0.0,188.00270080566406,15.488100051879883,54.352630615234375,2.7711812435882166e-06
360,0.0,59.06764221191406,22.693389892578125,103.11589050292969,1.6926134094319423e-06
360,0.0,88.03863525390625,16.457273483276367,63.19154357910156,4.747227194457082e-06
360,0.0,91.70255279541016,30.085437774658203,93.82723236083984,0.00017520179972052574
360,0.0,105.4833984375,19.026409149169922,69.01596069335938,9.309673623647541e-05
360,7.672661781311035,121.62052917480469,23.892044067382812,57.022186279296875,0.025021925568580627
360,0.6563549041748047,125.80975341796875,24.198665618896484,57.832611083984375,0.8292493224143982
360,14.497838973999023,130.53750610351562,21.86454963684082,52.49530029296875,0.0001440094638383016
360,0.0,137.64599609375,17.637435913085938,64.17041015625,5.6090179896273185e-06
360,0.0,77.57878875732422,45.908390045166016,215.9449462890625,6.740891876688693e-06
360,0.0,111.85015869140625,29.740333557128906,132.36996459960938,4.771637577505317e-06
360,88.10596466064453,181.0596160888672,21.149795532226562,50.853668212890625,7.342547178268433e-06
360,396.125244140625,187.89036560058594,22.48895263671875,54.298065185546875,1.0523740456847008e-05
360,393.4553527832031,176.98861694335938,36.9591064453125,85.60977172851562,2.942073251688271e-06
360,379.627685546875,188.04071044921875,21.44305419921875,51.178497314453125,5.5168316066556145e-06
360,386.8542175292969,189.82716369628906,21.17449951171875,52.299102783203125,3.372358696651645e-05
360,408.72369384765625,191.48098754882812,21.727783203125,51.2833251953125,0.00039450189797207713
360,402.77947998046875,194.3702392578125,21.14154052734375,50.841949462890625,0.00040940233157016337
360,413.71820068359375,189.86927795410156,25.99951171875,61.0628662109375,8.017495565582067e-05
360,407.0633239746094,176.85914611816406,36.33343505859375,88.68342590332031,7.035716862446861e-06
360,418.50750732421875,183.62782287597656,31.469482421875,75.12150573730469,2.530990241211839e-05
390,606.9095458984375,22.942604064941406,33.5904541015625,146.5262451171875,2.0349458281998523e-05
390,591.21484375,28.736328125,49.28515625,236.923095703125,6.097488494560821e-06
390,607.7589721679688,74.15123748779297,32.74102783203125,150.58755493164062,2.42170585806889e-06
390,46.644107818603516,176.78909301757812,22.018733978271484,52.61688232421875,3.946940068999538e-06
390,0.0,173.56983947753906,15.767094612121582,58.155303955078125,1.681187677604612e-05
390,7.6336164474487305,176.1102752685547,23.621105194091797,56.489227294921875,1.0373834811616689e-05
390,401.62890625,182.29913330078125,21.8621826171875,51.79107666015625,2.564723445175332e-06
390,408.8328552246094,181.02377319335938,21.8338623046875,52.765167236328125,3.71391274711641e-06
390,416.922119140625,179.4243927001953,23.211669921875,54.1485595703125,1.3651469089381862e-05
390,424.3379211425781,179.94630432128906,23.28399658203125,54.791778564453125,3.942696821468417e-06
390,617.0416870117188,151.68324279785156,23.45831298828125,109.29133605957031,4.71342536911834e-06
390,34.842220306396484,187.27684020996094,21.61504364013672,52.124176025390625,2.2071824787417427e-05
390,42.724456787109375,187.00924682617188,21.301239013671875,50.668426513671875,4.2188916268059984e-05
390,431.7129211425781,183.31846618652344,24.16162109375,57.801361083984375,1.1418716894695535e-05
390,440.0700988769531,181.7139892578125,24.198486328125,58.44256591796875,6.048895102139795e-06
390,449.3189697265625,182.34976196289062,20.949951171875,51.703369140625,6.348039391923521e-07
390,456.8977355957031,183.3812255859375,20.93695068359375,51.173004150390625,1.116765929509711e-06
390,477.0245361328125,165.5758056640625,32.20477294921875,81.01763916015625,1.5090516171767376e-05
390,491.8576965332031,167.9403533935547,31.724090576171875,79.43902587890625,1.5263227396644652e-05
390,26.103313446044922,190.1533203125,23.283470153808594,55.34814453125,7.400110462185694e-07
390,619.9712524414062,200.76531982421875,20.52874755859375,84.14129638671875,8.498800889356062e-05
390,607.3914184570312,165.04296875,33.10858154296875,139.89804077148438,0.00027927057817578316
390,595.2579956054688,141.98477172851562,45.24200439453125,221.72683715820312,4.445950617082417e-05
390,625.2042236328125,220.69989013671875,15.2957763671875,56.9752197265625,1.809880996006541e-05
390,615.855712890625,216.1006622314453,24.644287109375,108.16917419433594,7.715215360803995e-06
420,64.67752075195312,171.19374084472656,21.96832275390625,52.51666259765625,0.024139996618032455
420,539.2420654296875,0.0,88.379150390625,203.33609008789062,0.047465890645980835
420,509.3214111328125,0.0,131.1785888671875,285.8675537109375,0.0001248934568138793
420,551.919921875,175.00790405273438,25.819091796875,62.346038818359375,0.0012166452361270785
420,543.0081176757812,162.4706573486328,40.244873046875,95.36460876464844,0.00015416686073876917
420,530.6806030273438,26.017837524414062,67.613037109375,160.27310180664062,6.932131509529427e-05
420,546.1599731445312,180.28890991210938,23.04443359375,55.122100830078125,0.0010439502075314522
420,71.39694213867188,167.17706298828125,22.87957763671875,54.010162353515625,1.586489634064492e-05
420,442.791259765625,179.68923950195312,31.232177734375,74.06777954101562,9.504677109362092e-06
420,537.9555053710938,184.3145751953125,22.1358642578125,53.0648193359375,1.2988819435122423e-05
420,560.3743286132812,176.8894500732422,23.0728759765625,55.123809814453125,9.597053576726466e-05
420,515.5185546875,84.3257827758789,94.2784423828125,233.11480712890625,4.3901349272346124e-05
420,531.07373046875,173.3638916015625,43.4932861328125,106.33206176757812,3.687404387164861e-05
420,536.0061645507812,108.21575164794922,61.0252685546875,149.4376220703125,7.162307883845642e-05
420,553.059326171875,25.905860900878906,58.4947509765625,139.94927978515625,0.0012321291724219918
420,530.1100463867188,192.7788848876953,21.291015625,51.60693359375,2.1892732547712512e-05
420,568.7095336914062,7.3509979248046875,71.79046630859375,324.7391357421875,9.163211871054955e-06
420,561.6923217773438,172.00148010253906,34.4871826171875,81.65243530273438,2.071970266115386e-05
420,554.6838989257812,156.477783203125,35.3218994140625,77.57598876953125,1.9517749024089426e-05
420,57.99493408203125,157.99771118164062,34.51995849609375,76.40890502929688,1.2576172139233677e-06
420,448.26904296875,183.38125610351562,21.5540771484375,51.1641845703125,6.78252990837791e-06
420,525.27587890625,185.66380310058594,32.7845458984375,77.60545349121094,1.876684655144345e-05
420,535.8323364257812,169.46331787109375,32.73193359375,76.62326049804688,1.0105878800459323e-06
420,541.2125854492188,192.3052520751953,29.51611328125,69.68791198730469,9.330004104413092e-06
420,592.3941040039062,72.1694564819336,48.10589599609375,239.16299438476562,2.4789907911326736e-05
420,543.390869140625,66.02791595458984,72.677978515625,170.73873901367188,9.547357876726892e-06
420,587.7702026367188,0.0,52.72979736328125,227.47637939453125,9.089180821320042e-06
420,453.0900573730469,181.85292053222656,26.1295166015625,61.88031005859375,5.759559371654177e-06
420,549.3926391601562,149.54489135742188,54.0643310546875,129.11575317382812,5.0342468966846354e-06
420,522.01806640625,199.75938415527344,21.159423828125,52.757537841796875,1.4188792192726396e-05
420,567.6549682617188,184.9483642578125,24.112548828125,56.586639404296875,8.404777872783598e-06
420,594.2589721679688,173.8389892578125,46.24102783203125,243.02423095703125,6.348514943965711e-06
450,0.0,162.89544677734375,16.04733657836914,58.222320556640625,3.853341695503332e-05
450,1.9870901107788086,174.7043914794922,21.325077056884766,50.561798095703125,0.00024664876400493085
450,0.0,152.81228637695312,23.021286010742188,98.14971923828125,1.1135372915305197e-05
450,7.958595275878906,177.15057373046875,23.202098846435547,55.251251220703125,5.341344149201177e-05
450,0.0,184.28977966308594,14.219959259033203,51.058868408203125,1.8648883269634098e-05
450,15.86966609954834,186.63975524902344,21.505340576171875,50.8240966796875,4.027583418064751e-05
450,607.0224609375,187.70774841308594,33.4775390625,142.7042999267578,4.838240329263499e-06
450,589.4657592773438,163.41201782226562,51.03424072265625,240.5523681640625,5.266704647510778e-06
480,462.24151611328125,148.71739196777344,21.775390625,51.46539306640625,8.035110113269184e-06
480,442.2756042480469,151.2979278564453,21.99365234375,51.7760009765625,1.337877802143339e-05
480,450.5660095214844,141.3126220703125,32.91424560546875,77.04367065429688,5.831531098010601e-07
480,609.6362915039062,149.4417266845703,20.966064453125,50.647491455078125,6.893636168570083e-07
480,617.2261962890625,147.97494506835938,20.93408203125,51.427734375,1.0384604138380382e-05
480,450.5737609863281,160.0861053466797,21.6876220703125,51.169891357421875,0.0010070023126900196
480,457.76287841796875,157.6470947265625,21.77008056640625,52.466400146484375,0.0026455274783074856
480,601.91845703125,155.6256103515625,21.3468017578125,50.679779052734375,2.877653514588019e-06
480,626.8914184570312,154.12423706054688,13.60858154296875,52.72259521484375,2.4257778932224028e-05
480,590.6578979492188,74.90411376953125,49.84210205078125,234.96551513671875,7.810723218426574e-06
480,0.0,159.79502868652344,16.23328399658203,55.48272705078125,2.9536353395087644e-05
480,496.3719787597656,160.3568572998047,22.129302978515625,51.677398681640625,2.6981777523360506e-07
480,604.9961547851562,153.9425811767578,30.6246337890625,73.3699951171875,1.1344757695042063e-05
480,614.7455444335938,159.54666137695312,25.75445556640625,60.5513916015625,7.907008694019169e-06
480,0.0,143.27853393554688,22.266803741455078,96.7607421875,4.8038045861176215e-06
480,443.3607482910156,163.1095428466797,23.87884521484375,56.928314208984375,3.147011966575519e-06
480,609.91748046875,168.29049682617188,21.0572509765625,51.239105224609375,1.2456072226996184e-06
480,462.7381286621094,165.61341857910156,21.48992919921875,50.89617919921875,1.4360973182192538e-05
480,627.1693725585938,175.30357360839844,13.33062744140625,51.8145751953125,1.6232488633249886e-05
510,496.8394775390625,162.8017578125,21.33343505859375,51.33880615234375,6.536209639307344e-06
510,502.9027099609375,164.7425079345703,23.02734375,55.0626220703125,4.997309133614181e-06
510,599.9981079101562,359.06097412109375,40.50189208984375,121.43902587890625,4.503449417825323e-06
540,539.772216796875,153.30047607421875,21.6298828125,51.46624755859375,1.480024479860731e-06
540,548.8948974609375,154.24154663085938,21.49755859375,51.253387451171875,8.711914233572315e-06
540,544.278076171875,163.51904296875,21.8419189453125,52.32440185546875,6.295964703895152e-05
570,401.02398681640625,177.11141967773438,22.02197265625,51.79638671875,5.466100628837012e-05
570,407.6770935058594,176.24679565429688,22.63140869140625,54.35540771484375,1.908853664644994e-05
570,509.4732360839844,113.12702941894531,97.57754516601562,235.32334899902344,2.4209530238294974e-06
570,547.288818359375,191.57106018066406,40.4210205078125,96.78654479980469,2.6212260308966506e-06
570,600.8078002929688,360.85205078125,39.69219970703125,119.64794921875,1.7885454326460604e-06
600,440.72320556640625,179.1379852294922,20.74017333984375,50.53240966796875,7.096472472767346e-06
600,432.2784423828125,184.88046264648438,24.44952392578125,56.72918701171875,5.7546349125914276e-06
600,447.6310729980469,182.7777557373047,23.64300537109375,57.156463623046875,4.827621523872949e-06
600,457.280029296875,182.83457946777344,20.7271728515625,50.815521240234375,4.820435606234241e-06
600,465.3181457519531,182.3681640625,20.74835205078125,51.190032958984375,9.483563189860433e-06
600,473.12445068359375,182.8423614501953,21.35736083984375,52.435821533203125,5.98580129462789e-07
600,611.104736328125,408.4418640136719,29.395263671875,72.05813598632812,3.2652169466018677e-06
600,600.7997436523438,361.605224609375,39.70025634765625,118.894775390625,5.0598528105183505e-06
630,627.0849609375,177.03131103515625,13.4150390625,53.1348876953125,1.4141428437142167e-06
630,408.9421081542969,182.41322326660156,21.3365478515625,51.7607421875,2.2275953597272746e-06
630,415.2361755371094,181.67791748046875,23.8345947265625,55.445281982421875,1.7409100792065146e-06
660,0.0,161.84344482421875,15.163076400756836,55.59649658203125,5.293188587529585e-05
660,0.0,118.68609619140625,28.96295166015625,132.22665405273438,1.9673993847391102e-06
660,0.0,88.08596801757812,48.484031677246094,231.50711059570312,6.113034487498226e-06
660,8.006369590759277,168.35595703125,21.82135009765625,52.656463623046875,8.685981811140664e-06
660,0.34604644775390625,172.230712890625,23.03933334350586,54.65216064453125,1.3895829624743783e-06
660,592.1598510742188,74.97797393798828,48.34014892578125,243.94171142578125,9.043589670909569e-06
660,449.41412353515625,184.50515747070312,20.77386474609375,51.19647216796875,2.3103686544345692e-05
660,454.4140319824219,183.5032196044922,23.630615234375,56.89044189453125,3.3907963370438665e-06
660,488.7315673828125,189.8397216796875,21.119384765625,51.36083984375,2.0838958789681783e-06
660,564.9508056640625,127.45954895019531,75.5491943359375,236.0137176513672,3.597887598516536e-06
690,0.0,178.7138671875,13.575722694396973,52.6837158203125,2.0236653654137626e-05
690,454.353759765625,169.01661682128906,27.27716064453125,64.40228271484375,2.48137939706794e-06
690,459.4973449707031,164.61935424804688,33.0540771484375,78.29751586914062,4.6393420234380756e-06
690,627.3613891601562,178.6204833984375,13.13861083984375,51.61663818359375,4.304654794395901e-06
690,438.48468017578125,174.66976928710938,25.586669921875,61.319580078125,1.8940933159683482e-06
690,446.2261047363281,163.561767578125,38.93731689453125,93.83450317382812,5.128184511704603e-06
690,420.6930236816406,174.9779052734375,34.4940185546875,81.40908813476562,4.662108040065505e-06
690,428.604248046875,163.3416290283203,41.0867919921875,99.71354675292969,4.2254789150319993e-05
690,444.7004699707031,177.83087158203125,28.56787109375,69.17593383789062,4.00069211536902e-06
690,626.227783203125,191.95355224609375,14.272216796875,60.743133544921875,6.936330464668572e-06
690,627.45361328125,216.90948486328125,13.04638671875,50.743865966796875,6.426424533856334e-06
720,549.081298828125,142.74090576171875,32.0672607421875,75.76095581054688,0.00030636077281087637
720,551.5993041992188,135.32736206054688,43.453125,109.39752197265625,0.002146494574844837
720,561.3088989257812,127.54867553710938,51.8997802734375,126.87301635742188,0.0005771055002696812
720,582.5064697265625,143.00457763671875,38.5859375,94.58721923828125,1.0038495929620694e-05
720,626.7578735351562,155.01596069335938,13.74212646484375,53.739990234375,1.2635777011382743e-06
720,621.129150390625,151.41299438476562,19.370849609375,79.11685180664062,1.119367607316235e-05
720,595.505615234375,132.01129150390625,44.994384765625,111.90353393554688,1.8467829931978486e-06
720,573.455078125,120.37735748291016,60.8961181640625,149.88507080078125,0.00018585289944894612
720,625.9865112304688,180.22059631347656,14.51348876953125,52.24554443359375,1.295220590691315e-05
720,531.343994140625,134.47911071777344,60.1785888671875,139.74757385253906,1.6692811186658219e-06
720,548.337646484375,114.27033996582031,86.8900146484375,210.1721649169922,0.0007511212606914341
720,106.04612731933594,189.37677001953125,21.31610107421875,51.99542236328125,1.5867640286160167e-06
720,113.11300659179688,189.40878295898438,20.89306640625,50.74798583984375,2.7235751076659653e-06
720,513.4785766601562,46.77040100097656,123.2720947265625,301.36956787109375,3.6792205264646327e-06
720,615.0751342773438,157.89927673339844,25.42486572265625,112.41813659667969,8.820139555609785e-06
720,624.1844482421875,195.8194580078125,16.3155517578125,66.52761840820312,6.822518116678111e-06
720,602.9473876953125,149.3816680908203,37.5526123046875,153.30686950683594,6.345293513732031e-05
720,589.740966796875,124.8502426147461,50.759033203125,235.4775390625,0.00014708760136272758
720,606.0353393554688,197.88412475585938,34.46466064453125,148.086669921875,7.747997187834699e-06
720,614.605224609375,244.1580810546875,25.894775390625,111.7208251953125,4.554870884021511e-06
750,626.514892578125,169.2396697998047,13.985107421875,60.360565185546875,0.00011079169053118676
750,0.0,186.55361938476562,15.109942436218262,55.503265380859375,0.0001102673340938054
750,0.0,164.89956665039062,21.78134536743164,93.00009155273438,2.53942175731936e-06
750,7.227246284484863,188.17893981933594,22.76416015625,53.59552001953125,3.478649659882649e-06
750,400.6506652832031,183.58294677734375,23.3062744140625,55.49505615234375,1.2248312486917712e-05
750,617.7335815429688,185.99908447265625,21.31201171875,50.67138671875,1.5572859410895035e-05
750,617.6421508789062,160.91650390625,22.85784912109375,99.9334716796875,1.927769153553527e-05
750,626.0288696289062,188.67523193359375,14.47113037109375,61.538177490234375,3.78324584744405e-05
750,591.4180297851562,114.70295715332031,49.08197021484375,235.12425231933594,5.37545929546468e-06
750,608.9979858398438,199.2850799560547,21.7137451171875,52.1566162109375,1.048783178703161e-05
780,627.2506713867188,149.83372497558594,13.24932861328125,51.241668701171875,5.6609510465932544e-06
780,63.96490478515625,162.50506591796875,23.728286743164062,54.830291748046875,3.3800452001742087e-06
780,56.76327896118164,167.87158203125,23.861949920654297,55.70721435546875,2.9540551622631028e-05
780,627.1932983398438,169.98159790039062,13.30670166015625,51.141815185546875,6.202843360370025e-05
780,618.0847778320312,144.99017333984375,22.41522216796875,97.86398315429688,6.916084771546593e-07
780,618.0643310546875,177.60235595703125,21.447998046875,51.43768310546875,2.213586867583217e-06
780,433.0961608886719,185.03408813476562,20.96502685546875,50.50067138671875,3.2874663702386897e-06
780,440.88641357421875,185.63243103027344,20.905517578125,50.59796142578125,4.089758476766292e-06
780,455.55548095703125,185.54441833496094,23.58941650390625,56.100860595703125,2.2934264052310027e-05
780,627.1821899414062,192.90213012695312,13.31781005859375,51.78839111328125,3.165010184602579e-06
810,622.8333740234375,142.52015686035156,17.6666259765625,79.193359375,5.024021447752602e-06
810,536.5726318359375,167.15687561035156,20.4398193359375,50.501861572265625,1.4884129996062256e-05
810,528.0070190429688,171.38961791992188,25.2010498046875,59.33892822265625,7.681233000766952e-06
810,626.4046630859375,175.9964599609375,14.0953369140625,54.1605224609375,9.061564014700707e-06
810,609.9940795898438,131.55377197265625,30.50592041015625,136.2176513671875,2.832622703863308e-05
810,594.5072631835938,99.08650970458984,45.99273681640625,232.37258911132812,1.0199640200880822e-05
810,622.2176513671875,178.7043914794922,18.2823486328125,79.75785827636719,4.122687187191332e-06
840,609.4908447265625,170.4889678955078,21.052490234375,51.074859619140625,1.3507184348782175e-06
840,616.8678588867188,170.50100708007812,21.390625,50.8321533203125,9.102062904275954e-06
840,626.9028930664062,167.9411163330078,13.59710693359375,52.604522705078125,2.046453118964564e-05
840,553.1365356445312,184.41319274902344,23.6357421875,55.886505126953125,1.0661100532161072e-05
840,561.3690185546875,182.60960388183594,21.78173828125,53.3629150390625,2.190518171119038e-05
840,565.0873413085938,179.70204162597656,28.5247802734375,68.38552856445312,2.1201460185693577e-05
840,546.3737182617188,188.66822814941406,24.0914306640625,57.42913818359375,3.9069586819096e-06
840,571.5416870117188,187.35621643066406,30.9329833984375,73.78926086425781,5.576035619014874e-06
840,571.27001953125,152.14389038085938,56.5811767578125,135.82708740234375,9.61142450250918e-06
840,559.967041015625,147.95823669433594,80.532958984375,213.31532287597656,5.885069640498841e-06
840,544.6976318359375,178.10208129882812,39.5096435546875,98.07733154296875,2.0334657335752127e-07
840,558.119873046875,192.9994354248047,29.02734375,68.43891906738281,8.463881385978311e-06
840,559.2205810546875,173.77783203125,42.845458984375,104.856201171875,7.81643102527596e-05
840,576.9140625,190.00283813476562,35.804443359375,88.78948974609375,3.0247205359046347e-05
840,607.7669067382812,154.7828826904297,32.73309326171875,146.40406799316406,6.538853085658047e-06
840,596.7994384765625,123.78133392333984,43.7005615234375,233.59835815429688,1.3769183169642929e-05
840,566.2879028320312,208.7981414794922,27.971435546875,68.06526184082031,1.2569923455885146e-05
840,616.4884033203125,216.3475799560547,24.0115966796875,106.59358215332031,9.370181942358613e-06
870,617.4525756835938,63.54673385620117,23.04742431640625,108.40396118164062,2.1156788534426596e-06
870,624.55224609375,94.90721130371094,15.94775390625,67.2650146484375,2.613295873743482e-05
870,597.0165405273438,51.93043518066406,43.48345947265625,220.35447692871094,0.0001026647660182789
870,627.2728271484375,119.04178619384766,13.2271728515625,51.127708435058594,9.559074896969832e-06
870,622.4334106445312,112.84602355957031,18.06658935546875,74.75857543945312,8.729131513973698e-05
870,613.7024536132812,96.62539672851562,26.79754638671875,113.0325927734375,0.0011817753547802567
870,620.9542846679688,131.48434448242188,19.54571533203125,86.41854858398438,2.1617304810206406e-05
870,625.5272216796875,163.41909790039062,14.9727783203125,64.98309326171875,3.952613042201847e-06
870,583.8968505859375,110.83941650390625,56.6031494140625,229.69940185546875,2.82320024780347e-06
870,607.9278564453125,126.42120361328125,32.5721435546875,144.1376953125,1.4805927094130311e-05
900,618.1884765625,174.94369506835938,22.3115234375,54.0001220703125,3.709902102855267e-06
900,627.5825805664062,181.17684936523438,12.91741943359375,55.61822509765625,0.00010328416828997433
900,0.0,184.55003356933594,14.886384963989258,55.71417236328125,2.544973767726333e-06
900,625.2335205078125,194.33792114257812,15.2664794921875,63.08538818359375,0.00014504871796816587
900,618.2547607421875,179.75775146484375,22.2452392578125,98.601318359375,6.310643584583886e-06
900,591.96923828125,146.89324951171875,48.53076171875,231.2706298828125,2.37252038459701e-06
930,471.1668701171875,166.01736450195312,21.16302490234375,50.830596923828125,0.03813478350639343
930,627.5258178710938,162.076171875,12.97418212890625,51.855560302734375,9.290101843362208e-06
930,478.2674255371094,166.31137084960938,21.71368408203125,52.8607177734375,0.0001472532021580264
930,488.1383972167969,167.8642120361328,22.35870361328125,52.63372802734375,1.0857834240596276e-06
930,619.0294189453125,149.5272216796875,21.4705810546875,96.627685546875,1.1386824780856841e-06
930,464.3528747558594,157.08309936523438,33.43182373046875,78.48385620117188,7.896805618656799e-05
930,465.64959716796875,171.92123413085938,22.9383544921875,55.88385009765625,0.00028038176242262125
930,627.3385009765625,183.63043212890625,13.1614990234375,52.5167236328125,9.307279469794594e-06
960,619.3251953125,124.59181213378906,21.1748046875,100.95089721679688,1.6184504829652724e-06
960,626.9541015625,153.87820434570312,13.5458984375,52.41204833984375,0.00010946620022878051
960,618.81982421875,160.4724884033203,21.3099365234375,50.812347412109375,5.277337186271325e-05
960,0.0,160.79844665527344,15.265280723571777,55.172943115234375,7.765218470012769e-06
960,609.6459350585938,163.48748779296875,25.13134765625,57.34832763671875,2.2854786948300898e-05
960,25.551342010498047,168.97564697265625,21.517532348632812,50.92828369140625,3.268145292167901e-06
960,623.8283081054688,166.83331298828125,16.67169189453125,65.17337036132812,0.0009683712269179523
960,617.7072143554688,159.76283264160156,22.79278564453125,97.13084411621094,0.0004158714145887643
960,592.6406860351562,130.57611083984375,47.85931396484375,215.83706665039062,2.754422530415468e-05
960,624.138671875,189.1698455810547,16.361328125,68.64424133300781,4.167221413808875e-05
960,625.6777954101562,211.3699188232422,14.82220458984375,63.36976623535156,8.463235644740053e-06
960,609.4281005859375,163.81797790527344,31.0718994140625,135.55043029785156,7.711360922257882e-06
960,610.903076171875,406.7532958984375,29.596923828125,73.7467041015625,5.109613994136453e-06
960,600.3580322265625,364.3162841796875,40.1419677734375,116.1837158203125,3.7398408494482283e-06
990,628.3257446289062,123.304931640625,12.17425537109375,50.92694091796875,1.4065063624002505e-05
990,627.4933471679688,139.30511474609375,13.00665283203125,52.11883544921875,1.1785272363340482e-05
990,620.2334594726562,126.84036254882812,20.26654052734375,101.4923095703125,2.0604707060556393e-06
990,626.2955932617188,163.0343017578125,14.20440673828125,52.650115966796875,1.543347207189072e-05
990,0.0,168.9586944580078,14.85008430480957,54.844085693359375,2.3573552425659727e-06
990,447.79656982421875,169.15740966796875,21.349365234375,51.913177490234375,6.897319508425426e-06
990,585.638427734375,144.42807006835938,53.6871337890625,133.88665771484375,7.0461182986036874e-06
990,601.4586181640625,179.8319091796875,21.5570068359375,51.133026123046875,1.7214344552485272e-05
990,605.8271484375,176.68431091308594,26.000244140625,61.563232421875,2.4037006369326264e-05
990,609.83837890625,129.39767456054688,30.66162109375,142.9451904296875,4.800727310794173e-06
990,456.70147705078125,182.79803466796875,21.22625732421875,50.931182861328125,2.1904880043166486e-07
990,574.775146484375,165.47735595703125,42.8433837890625,103.32626342773438,1.1381969670765102e-05
990,592.1791381835938,177.9915008544922,33.8677978515625,80.88313293457031,2.4319342628587037e-05
990,626.3939208984375,184.93031311035156,14.1060791015625,53.260101318359375,2.4299417873407947e-06
990,600.826171875,360.791748046875,39.673828125,119.708251953125,2.8473759812186472e-06
1020,0.0,168.5365447998047,15.577474594116211,55.552459716796875,4.2789715735125355e-06
1050,626.3544311523438,45.68988800048828,14.14556884765625,51.71015930175781,1.9976931071141735e-05
1050,607.0532836914062,9.286163330078125,33.44671630859375,149.15304565429688,4.69656333734747e-06
1050,575.3863525390625,32.67182922363281,60.7694091796875,149.22654724121094,1.4977504179114476e-06
1050,559.041748046875,0.0,81.458251953125,222.38119506835938,9.52170739765279e-06
1050,611.9911499023438,84.20498657226562,28.50885009765625,116.80047607421875,3.5222783481003717e-05
1050,592.162353515625,26.684371948242188,48.337646484375,229.56488037109375,0.0004649071488529444
1050,463.8186950683594,183.40426635742188,22.96221923828125,54.358795166015625,1.4834335161140189e-05
1050,471.2076721191406,184.0631561279297,23.81317138671875,56.006011962890625,2.4925217076088302e-05
1050,458.4526672363281,188.81773376464844,21.30999755859375,50.86419677734375,1.0296896107320208e-05
1050,480.891845703125,190.9766845703125,21.140625,51.172088623046875,1.4415143596124835e-05
1080,625.7271728515625,148.51675415039062,14.7728271484375,53.412506103515625,5.497352503880393e-06
1080,160.11334228515625,170.8084259033203,21.7713623046875,51.408660888671875,3.0623923521488905e-06
1080,592.1629028320312,95.11750030517578,48.33709716796875,213.90817260742188,3.312853004899807e-05
1080,0.0,145.1610870361328,20.922868728637695,102.22393798828125,3.4853508168453118e-06
1080,577.737060546875,146.87591552734375,39.6820068359375,99.42672729492188,2.658649975728622e-07
1080,603.65478515625,160.57423400878906,31.2506103515625,73.08230590820312,7.897271279944107e-05
1080,594.9010009765625,141.19094848632812,44.074951171875,108.0028076171875,0.00017122032295446843
1080,623.1408081054688,163.0411376953125,17.35919189453125,66.20916748046875,5.4613123211311176e-05
1080,614.4656372070312,136.4145965576172,26.03436279296875,104.01495361328125,4.581836037687026e-05
1080,0.0,174.84555053710938,14.01850414276123,55.173004150390625,3.849004133371636e-05
1080,592.7014770507812,173.23715209960938,24.0159912109375,58.623260498046875,1.1176161024195608e-05
1080,590.59912109375,159.8682403564453,34.0870361328125,82.884765625,2.606217640277464e-05
1080,456.04644775390625,187.26129150390625,21.568115234375,51.82415771484375,1.923361651279265e-06
1080,625.779541015625,188.9514617919922,14.720458984375,52.541046142578125,2.9520367661461933e-06
1110,0.0,168.68753051757812,16.07785415649414,56.283294677734375,8.405610969930422e-06
1110,409.26922607421875,177.4497528076172,21.05078125,51.0252685546875,5.933755801379448e-06
1110,417.23333740234375,178.93402099609375,20.4012451171875,50.667144775390625,2.8586186999746133e-06
1110,384.17864990234375,181.24993896484375,22.18646240234375,52.5091552734375,2.7439435143605806e-05
1110,392.375244140625,181.54905700683594,20.83892822265625,51.119049072265625,3.0277137739176396e-06
1110,456.0603942871094,183.1652374267578,24.01416015625,56.101104736328125,1.0090941032103729e-05
1110,465.80859375,182.87181091308594,21.4327392578125,50.915985107421875,4.8071410674310755e-06
1110,471.510498046875,184.06973266601562,23.53912353515625,56.694488525390625,8.527961654181127e-06
1140,627.6012573242188,164.58309936523438,12.89874267578125,51.747650146484375,3.0748913104616804e-06
1140,616.4522094726562,176.28392028808594,20.832763671875,50.640838623046875,8.280079782707617e-06
1140,55.817481994628906,176.15921020507812,23.491989135742188,54.691162109375,7.275520601979224e-06
1140,414.78753662109375,184.62307739257812,23.03436279296875,54.666473388671875,5.881753622816177e-06
1140,601.7003784179688,178.87411499023438,23.89990234375,56.6031494140625,1.5565631201752694e-06
1140,0.0,183.66000366210938,15.657825469970703,56.031646728515625,3.015590436916682e-06
1140,471.6781311035156,184.43276977539062,23.4288330078125,54.675079345703125,1.4285012639447814e-06
1140,479.6832275390625,184.92410278320312,23.89239501953125,55.150238037109375,1.534623038423888e-06
1140,487.5935363769531,183.41148376464844,24.13134765625,55.643035888671875,1.2642816500374465e-06
1140,609.1038818359375,183.38645935058594,24.458251953125,56.459716796875,3.8729074731236324e-05
1140,626.4339599609375,185.0205078125,14.0660400390625,53.400054931640625,1.2670683645410463e-05
1140,590.4490356445312,115.56703186035156,50.05096435546875,241.00022888183594,5.187416263652267e-06
1140,409.46673583984375,190.69818115234375,21.97125244140625,52.210784912109375,8.16229367046617e-05
1140,424.6527099609375,190.34616088867188,21.2799072265625,51.190948486328125,1.4949049500501133e-06
1140,615.3783569335938,187.6501007080078,25.12164306640625,59.793975830078125,6.734499038429931e-06
1140,610.0111694335938,148.2420654296875,30.48883056640625,136.3392333984375,3.206223709639744e-06
1170,0.0,162.8224639892578,14.035406112670898,50.657470703125,3.932269009965239e-06
1170,7.6330413818359375,161.36309814453125,24.10000991821289,57.07843017578125,2.5664069198683137e-06
1170,0.0,166.19415283203125,23.909923553466797,56.072418212890625,7.247895155160222e-06
1170,626.8466796875,187.3126220703125,13.6533203125,51.72735595703125,9.552129995427094e-06
1170,496.0939636230469,190.95233154296875,23.579193115234375,55.81341552734375,5.703862916561775e-05
1170,504.1925964355469,189.62245178222656,20.668731689453125,51.25360107421875,4.900457861367613e-05
1170,487.9933776855469,191.16172790527344,25.130218505859375,59.837646484375,2.8805096007999964e-05
1170,627.3844604492188,208.4342803955078,13.11553955078125,50.87211608886719,5.203980890655657e-06
1200,463.2746887207031,194.79330444335938,22.9775390625,54.634185791015625,8.834517757350113e-06
1200,471.6703186035156,195.54763793945312,23.069091796875,54.534576416015625,1.2491485676946468e-06
1200,526.5147094726562,198.18223571777344,25.1448974609375,59.21110534667969,1.2918167158204596e-06
1200,535.177978515625,197.75648498535156,24.250732421875,57.282684326171875,5.121830326970667e-06
1200,517.8684692382812,203.35948181152344,26.08740234375,60.15559387207031,5.117208843330445e-07
1230,626.4509887695312,200.25411987304688,14.04901123046875,57.584136962890625,1.4051187463337556e-05
1230,592.8162231445312,224.80215454101562,23.1895751953125,54.3148193359375,2.337636487936834e-06
1230,627.3842163085938,223.49720764160156,13.11578369140625,50.99180603027344,7.489106792490929e-06
1260,480.23480224609375,157.72393798828125,21.9708251953125,52.866424560546875,7.54685572701419e-07
1260,476.31610107421875,154.9279327392578,31.70550537109375,78.58636474609375,1.1962918506469578e-05
1260,0.0,343.26824951171875,62.8896598815918,137.23175048828125,3.897097485605627e-06
1290,0.0,186.4471893310547,15.382713317871094,54.792755126953125,4.173166416876484e-06
1290,532.0399169921875,173.5541229248047,31.8636474609375,77.69314575195312,1.35957770908135e-06
1320,626.6707153320312,58.29315185546875,13.82928466796875,52.763427734375,0.00014406713307835162
1320,593.4644165039062,0.0,47.03558349609375,234.24276733398438,2.171466121581034e-06
1320,619.1975708007812,45.70989990234375,21.30242919921875,94.6522216796875,3.4269396564923227e-06
1320,424.517333984375,181.5171356201172,21.95770263671875,51.49517822265625,2.5004306735354476e-05
1350,616.98828125,154.8548583984375,23.51171875,57.477020263671875,1.0973678399750497e-05
1350,626.869873046875,154.17579650878906,13.630126953125,51.400848388671875,3.256508716731332e-05
1350,424.3867492675781,167.1558380126953,20.6484375,50.68182373046875,4.003011781605892e-05
1350,434.5872497558594,157.3893585205078,36.27105712890625,82.73919677734375,2.3242992028826848e-06
1350,450.06378173828125,174.23089599609375,21.33770751953125,50.759033203125,0.00024291095905937254
1350,496.2350158691406,174.25958251953125,21.291900634765625,51.511444091796875,1.1516170843606233e-06
1350,528.2267456054688,175.77178955078125,21.55029296875,51.625732421875,0.00021577818552032113
1350,543.667236328125,172.62619018554688,23.241455078125,53.80792236328125,1.3266096630104585e-06
1350,415.73187255859375,169.24356079101562,21.46697998046875,52.0797119140625,2.8935266527696513e-05
1350,435.915283203125,171.25518798828125,21.47625732421875,52.803466796875,5.536232492886484e-06
1350,443.74066162109375,175.67881774902344,20.92156982421875,50.571502685546875,0.0010259554255753756
1350,454.1511535644531,171.50448608398438,27.36627197265625,64.56005859375,2.501900098650367e-06
1350,513.6407470703125,177.54449462890625,21.8087158203125,51.462371826171875,1.4402557098947e-05
1350,519.81494140625,176.1901397705078,25.614013671875,60.373504638671875,9.339105599792674e-05
1350,514.1192626953125,163.6473388671875,36.260009765625,84.79989624023438,3.3638443710515276e-06
1350,535.254638671875,178.5178680419922,22.3968505859375,53.095794677734375,2.9416940378723666e-05
1350,560.4487915039062,179.04898071289062,24.5235595703125,55.968597412109375,4.4955530142942735e-07
1350,569.1946411132812,179.136474609375,24.81298828125,56.565704345703125,1.792660441424232e-05
1350,591.4332275390625,182.36920166015625,25.5147705078125,60.2203369140625,1.0875620318984147e-05
1350,626.335693359375,175.68154907226562,14.164306640625,52.413055419921875,9.500400665274356e-06
1350,621.2348022460938,163.51446533203125,19.26519775390625,77.55853271484375,1.2627521755348425e-05
1350,0.0,186.6442413330078,14.483270645141602,54.461822509765625,5.208901256992249e-06
1350,576.7318115234375,184.2138214111328,25.4871826171875,61.7265625,0.00010142380779143423
1350,610.2777099609375,130.42266845703125,30.2222900390625,143.803955078125,5.5252826314244885e-06
1350,584.663818359375,190.03810119628906,23.85595703125,56.663421630859375,2.0489373127929866e-05
1350,579.9261474609375,183.68637084960938,33.7685546875,83.237548828125,6.216095061972737e-05
1350,591.2672119140625,155.09967041015625,49.2327880859375,149.09140014648438,4.325993359088898e-06
1350,527.1411743164062,185.86500549316406,26.6102294921875,61.75726318359375,6.794675300625386e-06
1350,566.9993286132812,193.73541259765625,26.683837890625,65.17681884765625,8.239467774728837e-07
1350,571.91845703125,149.10226440429688,68.58154296875,220.3885498046875,9.695634616946336e-06
1350,578.0939331054688,181.59378051757812,47.8751220703125,117.16802978515625,0.00038692873204126954
1380,433.17694091796875,158.1343231201172,22.854248046875,53.681427001953125,8.300113222503569e-06
1380,87.33751678466797,172.29690551757812,21.07952880859375,51.04095458984375,2.0009192667203024e-05
1380,439.90435791015625,163.56085205078125,23.31146240234375,54.86907958984375,7.604373422509525e-06
1380,448.4049072265625,169.98617553710938,23.383544921875,54.6473388671875,2.3723712274659192e-06
1380,627.2640991210938,178.68881225585938,13.23590087890625,51.25872802734375,4.521614755503833e-06
1380,0.0,185.26930236816406,16.57331657409668,53.402435302734375,1.764255648595281e-05
1410,525.3217163085938,167.10182189941406,24.3870849609375,57.383270263671875,6.599956122954609e-06
1410,467.9275207519531,170.3677978515625,31.68341064453125,74.64352416992188,8.722148777451366e-06
1410,519.27978515625,173.12530517578125,21.849853515625,52.181427001953125,0.0037324773147702217
1410,465.610595703125,182.46597290039062,23.24578857421875,54.359893798828125,6.7402038439468015e-06
1410,486.49700927734375,178.18038940429688,25.66845703125,59.425262451171875,4.976872787665343e-06
1410,473.0784606933594,188.56820678710938,21.35418701171875,50.82855224609375,0.0001210725968121551
1410,478.0712585449219,184.55662536621094,25.82012939453125,59.959991455078125,2.6016608899226412e-05
1410,514.4743041992188,173.13818359375,32.4293212890625,76.06280517578125,1.4832036185907782e-06
1440,535.8317260742188,167.73797607421875,22.40673828125,53.62823486328125,5.2559371397364885e-06
1440,1.9978828430175781,176.5343017578125,21.381807327270508,51.4639892578125,2.640997445269022e-05
1440,422.9832763671875,180.99302673339844,22.2607421875,52.54425048828125,0.00014364931848831475
1440,0.0,183.51535034179688,15.584550857543945,52.107666015625,1.1435980013629887e-05
1470,624.3628540039062,73.88198852539062,16.13714599609375,54.4635009765625,2.9536999136325903e-05
1470,600.9273681640625,83.89308166503906,24.865234375,61.482147216796875,0.00019836760475300252
1470,620.1937255859375,78.72956848144531,20.3062744140625,76.86335754394531,0.00016482513456139714
1470,609.419677734375,63.81961441040039,31.080322265625,116.24043273925781,0.006835986860096455
1470,590.045166015625,77.54804229736328,38.4560546875,95.06383514404297,0.00018486438784748316
1470,584.038330078125,94.65751647949219,30.112060546875,69.53213500976562,3.178160113748163e-05
1470,591.2037353515625,59.72370910644531,49.2962646484375,146.6756591796875,0.06359151005744934
1470,616.7415771484375,111.26160430908203,23.7584228515625,91.14012908935547,3.095068677794188e-05
1470,567.8377075195312,42.726417541503906,72.66229248046875,202.99026489257812,0.0003121110494248569
1470,597.0347290039062,123.03909301757812,33.1754150390625,76.38446044921875,1.60167328431271e-05
1470,559.2628784179688,96.00581359863281,61.1943359375,147.46383666992188,1.4330586282085278e-06
1470,581.821044921875,100.0758056640625,48.6962890625,118.4378662109375,5.8068562793778256e-05
1470,624.5226440429688,145.01370239257812,15.97735595703125,65.02102661132812,1.7175840184791014e-05
1470,586.7235107421875,161.32492065429688,21.5218505859375,51.988525390625,7.627910235896707e-05
1470,593.4932861328125,159.46665954589844,21.247314453125,51.743408203125,3.354838554514572e-05
1470,585.020263671875,140.0374298095703,36.1815185546875,85.35507202148438,2.8052781999576837e-05
1470,537.359375,20.025054931640625,103.140625,302.52716064453125,3.355379703862127e-06
1470,604.5070190429688,93.484130859375,35.99298095703125,151.18460083007812,2.1208072212175466e-05
1470,0.0,176.88571166992188,15.423604965209961,52.8795166015625,3.2882126106414944e-06
1470,591.7733154296875,83.18653106689453,48.7266845703125,238.21676635742188,1.8173329863202525e-06
1470,545.4639282226562,169.18850708007812,66.561279296875,159.86981201171875,6.985999789321795e-06
1470,531.8587646484375,138.8853759765625,95.9930419921875,224.598876953125,2.1977812139084563e-05
1470,600.546875,361.755615234375,39.953125,118.744384765625,2.537417458370328e-06
1500,98.11146545410156,162.79586791992188,20.991455078125,50.854217529296875,2.7413211682869587e-06
1500,626.86328125,153.0784149169922,13.63671875,60.384674072265625,2.786413688227185e-06
1500,602.2544555664062,167.4435577392578,21.5430908203125,51.125274658203125,1.0154393521588645e-06
1500,117.9676742553711,173.54393005371094,23.19409942626953,54.562408447265625,7.614794412802439e-06
1500,102.88992309570312,173.77395629882812,23.357208251953125,55.79083251953125,0.06375373899936676
1500,596.3307495117188,175.6607666015625,21.4195556640625,51.3543701171875,4.143945716350572e-06
1500,608.6792602539062,173.4678497314453,22.0462646484375,52.64971923828125,2.7001413400284946e-05
1500,617.2428588867188,173.75584411621094,23.25714111328125,55.54010009765625,5.947670160821872e-06
1500,628.0211181640625,175.97811889648438,12.4788818359375,51.7437744140625,1.5621126294718124e-05
1500,97.914794921875,163.5908660888672,34.073394775390625,79.80999755859375,4.045621153636603e-06
1500,111.36097717285156,176.44027709960938,22.269775390625,53.673828125,0.0001300938311032951
1530,501.5809326171875,153.05113220214844,23.1334228515625,54.41033935546875,0.0002325940877199173
1530,510.58343505859375,150.45364379882812,23.211181640625,55.135009765625,3.8532825783477165e-06
1530,602.24267578125,361.9555358886719,38.25732421875,118.54446411132812,4.623533641279209e-06
1590,434.4678955078125,159.19192504882812,21.6448974609375,52.866241455078125,1.3097821465635207e-05
1590,2.63706111907959,168.59193420410156,22.059589385986328,52.601654052734375,0.00015598695608787239
1590,359.1295471191406,93.33091735839844,146.30120849609375,299.53369140625,5.5841246648924425e-06
1590,438.18231201171875,160.67233276367188,26.39678955078125,62.964019775390625,2.1891939468332566e-05
1590,627.2608642578125,164.53709411621094,13.2391357421875,50.718048095703125,7.774407094984781e-06
1590,0.0,177.24705505371094,16.042903900146484,52.75396728515625,2.204008342232555e-05
1590,0.0,82.1064453125,57.66047286987305,313.90972900390625,4.045296918775421e-06
1620,473.40582275390625,154.69444274902344,24.51068115234375,58.94036865234375,4.4313721446087584e-05
1620,467.6583557128906,164.89373779296875,23.70538330078125,55.162353515625,3.338491660542786e-05
1620,481.3973693847656,164.26759338378906,23.079345703125,55.494415283203125,0.03187381476163864
1620,507.377197265625,167.595947265625,22.1689453125,52.450897216796875,0.015513942576944828
1620,457.0272216796875,168.8958740234375,24.45599365234375,57.005401611328125,3.858121544908499e-06
1620,477.4681091308594,154.02365112304688,33.70098876953125,78.20965576171875,2.327458787476644e-05
1620,488.0108947753906,164.09075927734375,24.770599365234375,59.4671630859375,0.13547025620937347
1620,500.8124084472656,155.31765747070312,33.154815673828125,77.0855712890625,1.2688570905083907e-06
1620,513.9005126953125,167.33099365234375,23.5670166015625,56.18035888671875,0.9999862909317017
1620,452.4957580566406,127.19076538085938,126.95516967773438,276.75653076171875,9.17203306016745e-06
1620,511.2854309082031,156.94309997558594,33.879364013671875,78.11920166015625,2.601348387543112e-05
1620,525.5999145507812,169.90333557128906,21.125732421875,50.882904052734375,8.830205842969008e-06
1620,496.69903564453125,167.19944763183594,23.007080078125,53.28582763671875,0.00033064346644096076
1650,593.4991455078125,150.215576171875,21.62353515625,52.88177490234375,6.976239546929719e-06
1650,597.8627319335938,151.21731567382812,27.1978759765625,63.87646484375,1.9508761397446506e-05
1650,626.3756713867188,150.56536865234375,14.12432861328125,51.601776123046875,5.0907374316011555e-06
1650,621.1148071289062,142.72991943359375,19.38519287109375,78.30587768554688,2.0426588889677078e-05
1650,583.9561767578125,151.47183227539062,31.607177734375,74.5875244140625,0.0002005730348173529
1650,588.349609375,152.21585083007812,39.74755859375,96.38619995117188,0.8071839213371277
1650,603.4737548828125,159.1934356689453,28.62158203125,67.294677734375,1.112297559302533e-05
1650,605.893798828125,146.904052734375,34.606201171875,104.1474609375,0.0009743928094394505
1650,625.0897827148438,169.25038146972656,15.41021728515625,56.7249755859375,0.0003185505629517138
1650,593.6215209960938,168.10787963867188,23.4039306640625,54.86810302734375,2.3377649995381944e-05
1650,619.7606201171875,164.75489807128906,20.7393798828125,85.86477661132812,0.0009143148199655116
1650,580.530517578125,169.56932067871094,37.2967529296875,89.53785705566406,8.058769367380592e-07
1650,624.8950805664062,195.6765594482422,15.60491943359375,55.41802978515625,6.121468322817236e-05
1650,589.5057373046875,120.55806732177734,50.9942626953125,219.59194946289062,5.555574534810148e-05
1650,611.0894165039062,182.004638671875,29.41058349609375,86.8621826171875,2.4631517590023577e-06
1650,626.3310546875,213.90260314941406,14.1689453125,52.55970764160156,8.353325029020198e-06
1680,504.0076904296875,160.84193420410156,23.197998046875,54.551849365234375,0.00013788767682854086
1680,497.7020263671875,166.1982421875,21.5467529296875,51.01959228515625,9.67855448834598e-05
1680,551.5843505859375,189.33580017089844,22.44580078125,52.360565185546875,8.515772788086906e-05
1680,550.5506591796875,202.8911590576172,24.7640380859375,59.45268249511719,1.7151565771200694e-05
1710,627.5298461914062,166.1020050048828,12.97015380859375,51.055450439453125,5.682792561856331e-06
1710,627.5426025390625,186.3079071044922,12.9573974609375,51.981781005859375,7.880180783104151e-05
1710,619.4840698242188,170.4825897216797,21.01593017578125,96.49159240722656,4.846788669965463e-06
1710,626.7429809570312,206.388916015625,13.75701904296875,52.20208740234375,1.4683817425975576e-05
1740,627.725830078125,169.99356079101562,12.774169921875,50.84002685546875,5.142063400853658e-06
1740,471.6763610839844,193.30946350097656,24.33367919921875,56.917144775390625,1.6264685882561025e-06
1740,594.05322265625,134.4805908203125,46.44677734375,235.39553833007812,5.558621523960028e-06
1740,607.0850830078125,169.5093994140625,33.4149169921875,150.498046875,5.960144790151389e-06
1740,565.4431762695312,187.6638946533203,75.05682373046875,201.73106384277344,5.80353444092907e-05
1740,584.1029663085938,216.39633178710938,54.8387451171875,134.5928955078125,0.0005942654679529369
1740,602.7113037109375,237.24208068847656,37.7886962890625,102.84214782714844,1.7327198293060064e-05
1740,599.7664794921875,268.2772521972656,23.754150390625,54.98248291015625,3.725544729604735e-06
1740,584.9501953125,259.42291259765625,31.7161865234375,75.81365966796875,2.7158330340171233e-06
1740,593.8775634765625,255.13319396972656,34.5640869140625,82.72764587402344,0.0019681521225720644
1740,620.9053344726562,262.8680725097656,19.59466552734375,82.6680908203125,4.932217052555643e-06
1800,0.0,185.75750732421875,14.064716339111328,53.453094482421875,8.01626629254315e-06
1800,448.27471923828125,185.58282470703125,23.88720703125,55.402191162109375,9.368627615913283e-06
1800,455.86376953125,183.88616943359375,23.5010986328125,55.909698486328125,8.591270557190001e-07
1800,464.0665283203125,184.79409790039062,23.451416015625,55.27532958984375,1.2713159094346338e-06
1800,479.646484375,185.45986938476562,24.31231689453125,56.2769775390625,7.103792540874565e-06
1800,487.9686279296875,184.19224548339844,24.31512451171875,54.4283447265625,5.863681053597247e-06
1800,503.5212097167969,183.27407836914062,24.058135986328125,57.580291748046875,9.697992027213331e-06
1800,512.6436767578125,187.83164978027344,20.926025390625,50.89471435546875,1.184919528895989e-05
1800,625.919921875,183.31361389160156,14.580078125,60.87921142578125,3.311004547867924e-06
1800,472.9179992675781,189.7193145751953,21.31298828125,51.62933349609375,1.8301774389328784e-06
1800,496.19793701171875,191.1587677001953,23.5863037109375,55.003204345703125,2.855644743249286e-05
1800,518.0728149414062,193.55462646484375,24.2828369140625,54.67974853515625,1.5079410331964027e-05
1800,601.1758422851562,194.11163330078125,21.4014892578125,51.058563232421875,3.824229679594282e-06
1800,609.4925537109375,150.3095703125,31.0074462890625,141.21401977539062,1.1116189853055403e-05
1800,591.359130859375,123.43067169189453,49.140869140625,235.35092163085938,6.270120138651691e-06
1830,548.952392578125,147.45445251464844,28.974853515625,67.86935424804688,5.819319994770922e-06
1830,544.6280517578125,128.82298278808594,43.3702392578125,106.2703857421875,0.030984533950686455
1830,626.9452514648438,165.6617431640625,13.55474853515625,52.059295654296875,7.028340405668132e-06
1830,531.9115600585938,135.2983856201172,41.7557373046875,104.76339721679688,2.6445545699971262e-06
1830,551.0711669921875,122.75651550292969,56.321533203125,133.2396240234375,1.5093231695573195e-06
1830,557.144775390625,148.282958984375,39.2279052734375,91.26583862304688,6.169351308926707e-06
1830,524.780517578125,76.99118041992188,83.0155029296875,205.20281982421875,8.132738730637357e-05
1830,626.6467895507812,184.8675079345703,13.85321044921875,56.796783447265625,5.44070171599742e-05
1830,619.108642578125,168.44735717773438,21.391357421875,95.1231689453125,1.4348966033139732e-06
1830,627.6312255859375,207.8057861328125,12.8687744140625,51.371490478515625,5.4971533245407045e-06
