30,0.0,170.29762268066406,15.548507690429688,53.057159423828125,0.000460382696473971
30,0.0,145.6733856201172,22.052928924560547,95.77420043945312,5.62864079256542e-06
30,0.0,94.33999633789062,62.026466369628906,310.1893310546875,2.0997731553507037e-06
30,617.3655395507812,187.7506103515625,23.13446044921875,55.12841796875,5.376924946176587e-06
30,626.6879272460938,196.49639892578125,13.81207275390625,55.80926513671875,0.00012730703747365624
30,601.1343383789062,359.783935546875,39.36566162109375,120.716064453125,4.565412837109761e-06
60,481.52911376953125,176.35165405273438,22.905029296875,53.525482177734375,0.0005050722393207252
60,491.8793029785156,178.84666442871094,24.060699462890625,57.38006591796875,3.5743785247177584e-06
60,0.0,178.45855712890625,14.310362815856934,53.291717529296875,1.055350253409415e-06
60,476.383056640625,182.8118896484375,21.66339111328125,51.34332275390625,4.601122782332823e-06
60,476.3787841796875,168.8548583984375,33.55279541015625,75.85003662109375,3.6767123674508184e-05
60,486.64044189453125,186.40762329101562,21.484619140625,51.2713623046875,0.9999421834945679
60,472.22479248046875,146.01939392089844,49.709716796875,115.88618469238281,1.3159055924916174e-06
60,421.3911437988281,114.24440002441406,138.26376342773438,297.9755859375,1.7884755152408616e-06
90,594.8206176757812,0.0,45.67938232421875,121.17019653320312,9.459276043344289e-06
90,627.9137573242188,41.45500183105469,12.58624267578125,50.85223388671875,6.732906967954477e-06
90,447.89312744140625,156.14718627929688,21.81317138671875,51.935394287109375,0.002298917854204774
90,454.9068603515625,157.2156982421875,21.73944091796875,53.068115234375,6.088180271035526e-06
90,472.1954345703125,164.78619384765625,21.9112548828125,51.89666748046875,0.00010325599578209221
90,0.0,169.1626434326172,15.523904800415039,56.751983642578125,6.493600722023984e-06
90,537.052978515625,164.00283813476562,33.41259765625,81.01397705078125,2.534564737288747e-05
90,628.140625,168.26829528808594,12.359375,57.3779296875,4.54120436188532e-06
90,556.3401489257812,185.21148681640625,22.990478515625,54.22601318359375,6.0770312302338425e-06
90,541.1859130859375,186.53890991210938,23.3524169921875,53.768157958984375,0.0003107064694631845
90,547.1241455078125,183.52786254882812,26.080078125,62.220672607421875,0.9999938011169434
90,486.8313293457031,148.04115295410156,128.70223999023438,271.69635009765625,1.7580915709913825e-06
120,596.6844482421875,0.0,43.8155517578125,120.41529083251953,3.1669878808315843e-06
120,577.614013671875,0.0,62.885986328125,170.99501037597656,1.5610542050126242e-06
120,97.18313598632812,175.99168395996094,20.330093383789062,50.929473876953125,9.344812497147359e-06
120,610.2734375,172.28147888183594,21.1451416015625,51.302398681640625,1.512601738795638e-05
120,627.661376953125,175.84085083007812,12.838623046875,54.83709716796875,4.745918886328582e-06
120,0.0,182.92742919921875,15.74743366241455,55.5672607421875,3.403320761208306e-06
150,559.8327026367188,168.0618133544922,21.10498046875,50.8997802734375,1.9763752789003775e-05
150,627.2794799804688,165.02719116210938,13.22052001953125,50.60662841796875,9.565066648065113e-06
150,18.137474060058594,185.99574279785156,21.299800872802734,51.954681396484375,1.3147302979632514e-06
150,26.412967681884766,187.21798706054688,21.149490356445312,50.82000732421875,1.466803496441571e-06
150,628.1263427734375,181.38746643066406,12.3736572265625,56.974822998046875,1.0187867701461073e-05
180,610.8321533203125,165.22462463378906,22.8883056640625,54.96246337890625,0.0001549152802908793
180,461.4540710449219,164.818603515625,21.4105224609375,51.386932373046875,8.481277291139122e-06
180,469.87005615234375,162.03091430664062,21.840087890625,51.10675048828125,0.21926167607307434
180,478.5904235839844,161.05783081054688,22.052978515625,52.76422119140625,2.336385296075605e-05
180,623.5654907226562,167.52503967285156,16.93450927734375,53.93646240234375,0.0003945248608943075
180,603.8129272460938,171.1026611328125,20.569580078125,50.54742431640625,1.9603632608777843e-05
180,544.9678955078125,85.79669189453125,95.5321044921875,303.1729736328125,6.02548470851616e-06
180,607.8994750976562,131.64642333984375,32.60052490234375,129.55758666992188,1.660510292822437e-06
180,590.7401123046875,106.50205993652344,49.7598876953125,228.6104278564453,4.762558546644868e-06
180,617.5394897460938,155.19447326660156,22.96051025390625,90.00723266601562,6.172635494294809e-06
180,616.0066528320312,175.4803009033203,22.1649169921875,52.17669677734375,0.06723964214324951
180,0.0,191.8915557861328,15.943708419799805,55.67791748046875,3.472006937954575e-05
180,606.5209350585938,177.1885528564453,29.3841552734375,69.43795776367188,2.2435031496570446e-05
180,625.3364868164062,182.90875244140625,15.16351318359375,60.688262939453125,3.882414603140205e-05
210,615.79296875,159.21066284179688,23.65380859375,54.34942626953125,2.849032352969516e-05
210,627.2224731445312,162.25637817382812,13.27752685546875,50.964935302734375,2.3554277504445054e-05
210,608.7817993164062,166.55825805664062,24.0706787109375,56.23638916015625,8.37466177472379e-06
210,622.8775024414062,166.71282958984375,17.62249755859375,74.91717529296875,8.978888217825443e-06
210,0.0,192.693603515625,16.51318359375,51.170196533203125,0.00347881275229156
210,0.0,148.59902954101562,31.930225372314453,129.21929931640625,2.8988542908336967e-06
210,0.0,108.74899291992188,63.093421936035156,303.82196044921875,7.490678399335593e-06
210,5.718375205993652,187.3668212890625,27.74321746826172,65.48248291015625,4.45067162218038e-05
210,91.35543060302734,194.46856689453125,20.911422729492188,50.563995361328125,2.0358011170173995e-06
210,0.969517707824707,198.19342041015625,23.182945251464844,54.60809326171875,0.00023008292191661894
240,561.0010986328125,171.33729553222656,20.7554931640625,51.66229248046875,1.3085984392091632e-05
240,210.75897216796875,180.863037109375,21.940460205078125,50.778900146484375,9.26067241380224e-06
240,627.9895629882812,175.0495147705078,12.51043701171875,57.3685302734375,4.623551376425894e-06
240,12.538650512695312,190.18380737304688,20.76797866821289,50.844146728515625,1.775679947968456e-06
240,0.0,191.40927124023438,15.401824951171875,56.16156005859375,7.6283354246697854e-06
240,0.0,128.74351501464844,92.08599090576172,295.64178466796875,1.3612067959911656e-05
240,22.311145782470703,187.7224578857422,27.988525390625,67.8858642578125,3.6817370983044384e-06
240,18.235443115234375,197.261474609375,22.053390502929688,53.61865234375,9.480615517531987e-06
270,596.1213989257812,0.0,44.37860107421875,123.9002914428711,2.107724185407278e-06
270,571.9446411132812,167.15826416015625,21.3238525390625,51.6004638671875,1.3860801118426025e-05
270,495.14923095703125,167.1901092529297,22.97314453125,53.569000244140625,6.579904584214091e-05
270,582.9226684570312,170.81829833984375,20.4666748046875,50.814971923828125,4.620162144419737e-06
270,10.55784797668457,190.0353240966797,20.667953491210938,50.70074462890625,6.759161351510556e-06
270,18.730289459228516,189.58486938476562,20.718456268310547,51.465423583984375,6.331851636787178e-06
270,24.49020767211914,192.46200561523438,21.063621520996094,52.926544189453125,2.2432379410020076e-05
270,162.5995330810547,181.7250213623047,21.60406494140625,50.852630615234375,6.303707777988166e-06
270,170.2118682861328,182.86814880371094,22.79669189453125,53.8289794921875,0.0011479078093543649
270,181.850341796875,179.7530059814453,22.39202880859375,54.15374755859375,5.262728336674627e-06
270,0.0,194.46649169921875,15.480846405029297,54.140167236328125,1.3241549822851084e-05
270,0.0,108.15216064453125,85.7801284790039,311.7274169921875,3.4371321362414164e-06
300,201.24130249023438,175.66485595703125,21.05975341796875,51.002777099609375,5.2777459131903015e-06
300,576.7632446289062,174.37413024902344,21.23291015625,52.239898681640625,2.9205399187048897e-05
300,0.0,159.16941833496094,23.09152603149414,98.21015930175781,6.773674158466747e-06
300,627.3411865234375,179.41468811035156,13.1588134765625,50.5189208984375,2.1293565168889472e-06
300,5.892999649047852,191.74168395996094,22.608821868896484,53.6168212890625,9.628186489862856e-06
300,63.88175964355469,192.17555236816406,20.73834228515625,50.613311767578125,1.4408134120458271e-05
300,0.0,126.98712158203125,62.49504852294922,296.1861572265625,9.796011909202207e-06
300,0.0,198.75845336914062,20.723514556884766,50.874420166015625,0.0028769373893737793
300,56.31038284301758,198.05169677734375,22.887165069580078,54.599853515625,0.001869900617748499
300,0.0,211.6971893310547,14.216659545898438,51.70222473144531,1.4625398762291297e-05
330,590.2218627929688,162.5909881591797,25.0230712890625,60.39129638671875,6.984741389715055e-07
330,579.8712158203125,173.20217895507812,21.8558349609375,50.53851318359375,0.00011416798224672675
330,585.9616088867188,177.32008361816406,21.8818359375,51.834930419921875,0.9976391792297363
330,571.169677734375,135.56805419921875,52.7371826171875,116.45880126953125,5.563500053540338e-06
330,520.5933837890625,116.73448181152344,119.9066162109375,288.16180419921875,1.2503197467594873e-05
330,0.0,194.62640380859375,12.93056583404541,50.533660888671875,4.063849701196887e-06
330,581.4132080078125,178.43533325195312,31.10205078125,73.53228759765625,2.5466644729021937e-05
360,611.095947265625,0.0,29.404052734375,63.63645935058594,3.1415872854267946e-06
360,595.9155883789062,0.0,44.58441162109375,127.8336181640625,3.688439164761803e-06
360,627.647705078125,151.385009765625,12.852294921875,50.5087890625,4.972303941030987e-06
360,627.0306396484375,165.84962463378906,13.4693603515625,56.192596435546875,2.3442389647243544e-05
360,410.0856628417969,179.4685821533203,20.65057373046875,50.886627197265625,5.42706629858003e-06
360,416.6755676269531,184.2101287841797,21.33563232421875,51.6744384765625,6.0053039305785205e-06
360,424.4598693847656,184.746826171875,20.94891357421875,51.21307373046875,1.5214002360153245e-06
360,623.859375,173.6038360595703,16.640625,73.41162109375,9.744856470206287e-06
360,0.0,191.27215576171875,15.374810218811035,57.57598876953125,1.9943601728300564e-05
360,0.0,167.25404357910156,23.35776710510254,103.95042419433594,2.3001618956186576e-06
360,0.0,126.74826049804688,46.53660202026367,226.76226806640625,9.450809557165485e-06
390,594.4312744140625,0.0,46.0687255859375,121.15330505371094,1.9989636257378152e-07
390,439.31146240234375,87.86766052246094,21.3343505859375,51.159088134765625,0.0013319269055500627
390,627.038818359375,154.75106811523438,13.461181640625,51.96893310546875,5.6518085330026224e-05
390,378.9973449707031,171.69821166992188,22.49969482421875,52.619171142578125,9.887966007227078e-05
390,388.5950927734375,170.24412536621094,25.86688232421875,60.148406982421875,6.764430054317927e-06
390,622.8858032226562,157.51551818847656,17.61419677734375,75.48648071289062,4.1560535464668646e-05
390,0.0,174.29714965820312,14.057961463928223,56.3719482421875,3.48661960742902e-05
390,0.0,154.6231689453125,21.627017974853516,99.94021606445312,3.242291995775304e-06
390,383.5853576660156,179.40048217773438,23.92584228515625,57.028778076171875,0.972913384437561
390,396.7729187011719,176.73153686523438,24.76593017578125,58.410858154296875,4.929123406327562e-06
390,612.1395874023438,135.4991455078125,28.36041259765625,131.59292602539062,8.37745756143704e-06
390,591.8640747070312,106.20494079589844,48.63592529296875,229.73939514160156,5.206427886150777e-06
390,371.1610412597656,181.08566284179688,21.48486328125,52.11151123046875,2.7623577807389665e-06
390,625.8062133789062,181.7559356689453,14.69378662109375,63.001708984375,7.500299943785649e-06
390,375.2384033203125,169.77471923828125,33.71612548828125,80.68060302734375,2.1972677131998353e-05
390,448.6016845703125,190.26116943359375,21.49554443359375,51.615631103515625,2.6616512514010537e-06
390,456.095458984375,190.15061950683594,21.27191162109375,51.064971923828125,1.1285106893410557e-06
390,463.18341064453125,190.0744171142578,24.1475830078125,58.353179931640625,3.4584516015456757e-06
390,472.59747314453125,191.37326049804688,20.7440185546875,50.942779541015625,2.099276798617211e-06
420,618.4569091796875,0.0,22.0430908203125,51.502174377441406,1.9940371203119867e-06
420,595.5418090820312,0.0,44.95819091796875,125.1689224243164,1.4533111425407697e-06
420,575.1607666015625,0.0,65.3392333984375,179.43814086914062,2.0180907540634507e-06
420,406.6109619140625,167.44029235839844,30.08526611328125,72.01559448242188,6.980090984143317e-05
420,400.3404846191406,155.41656494140625,48.08843994140625,117.74432373046875,1.2368179341137875e-05
420,418.12628173828125,168.67733764648438,20.42877197265625,50.75762939453125,2.914913602580782e-05
420,421.87750244140625,171.23638916015625,24.74609375,57.27606201171875,5.374709144234657e-05
420,429.40191650390625,166.817138671875,26.84661865234375,64.05624389648438,1.2590064216055907e-05
420,0.0,173.59542846679688,14.586601257324219,54.14556884765625,2.9254767923703184e-06
420,401.9044494628906,178.1553497314453,22.66998291015625,53.913360595703125,5.166666142031318e-06
420,0.0,181.08782958984375,22.94965362548828,54.717803955078125,1.7228973092642264e-06
420,395.1374816894531,180.6307830810547,21.17828369140625,51.7703857421875,1.183647327707149e-06
420,421.68756103515625,173.60232543945312,33.26837158203125,80.76156616210938,0.0007898633484728634
420,7.321077346801758,187.66549682617188,22.955005645751953,56.36883544921875,4.147282652411377e-06
420,16.519775390625,187.7982177734375,22.415935516357422,52.18975830078125,7.093698059179587e-06
420,24.438072204589844,185.3966522216797,22.261306762695312,53.42608642578125,3.959309651691001e-06
420,31.60886573791504,183.91278076171875,22.767179489135742,54.073486328125,8.153126032084401e-07
420,411.4487609863281,177.433837890625,33.97808837890625,82.23367309570312,0.9999842643737793
420,432.807861328125,175.43736267089844,32.39404296875,77.8890380859375,5.458164764604589e-07
420,608.6376953125,190.4911346435547,22.786376953125,53.49896240234375,0.00046137007302604616
420,616.8930053710938,187.2487335205078,23.60699462890625,55.249908447265625,0.00017873696924652904
420,613.2577514648438,144.29092407226562,27.24224853515625,130.2928466796875,3.0745131880394183e-06
420,590.337158203125,113.75841522216797,50.162841796875,240.16494750976562,5.6167477850976866e-06
420,0.0,193.29141235351562,14.093416213989258,51.3212890625,5.4556903705815785e-06
420,402.8414306640625,184.7294464111328,29.1385498046875,68.67373657226562,0.0011487564770504832
420,601.4931640625,200.58187866210938,21.70654296875,51.054656982421875,0.0013211575569584966
420,626.9771118164062,192.99887084960938,13.52288818359375,50.695404052734375,0.00016690738266333938
420,369.0742492675781,161.91607666015625,114.47186279296875,268.94195556640625,2.6411901217215927e-06
420,417.3771057128906,195.72866821289062,24.2139892578125,58.074066162109375,0.0003117318847216666
420,569.5152587890625,207.8519287109375,20.6787109375,51.001312255859375,1.627413581672954e-07
420,595.5701293945312,205.98715209960938,23.0225830078125,54.921417236328125,0.00019115350733045489
420,623.2418212890625,195.60499572753906,17.2581787109375,75.10765075683594,1.3449584002955817e-05
420,425.1978759765625,206.18222045898438,21.603759765625,52.138519287109375,4.280824668967398e-06
420,606.2598266601562,208.06915283203125,25.28857421875,61.424468994140625,8.894760867406148e-06
420,597.4752197265625,212.2878875732422,27.9522705078125,64.70036315917969,1.040959068632219e-05
450,594.6065063476562,0.0,45.89349365234375,126.27945709228516,3.2232510420726612e-06
450,622.469970703125,130.28741455078125,18.030029296875,78.38470458984375,5.674858584825415e-06
450,610.67626953125,93.10638427734375,29.82373046875,132.11489868164062,3.755086254386697e-06
450,464.4501953125,156.8548583984375,41.58636474609375,99.28524780273438,8.462670848530252e-06
450,448.3546142578125,131.80975341796875,83.9442138671875,192.3189697265625,0.000207824821700342
450,626.1148071289062,161.86729431152344,14.38519287109375,61.9312744140625,3.2805906812427565e-05
450,616.5465087890625,141.6397705078125,23.9534912109375,102.18087768554688,1.7392509107594378e-05
450,596.0621948242188,87.16250610351562,44.43780517578125,234.85781860351562,4.644153705157805e-06
450,453.7392578125,169.56419372558594,93.33160400390625,222.9408721923828,1.1307612339805928e-06
450,503.1544189453125,169.82659912109375,37.3094482421875,91.55026245117188,8.483863211949938e-07
450,453.5631408691406,174.3340606689453,30.48455810546875,77.29208374023438,1.344863676422392e-06
450,487.4796142578125,176.39418029785156,37.3961181640625,91.40830993652344,3.6342484577289724e-07
450,0.0,191.38491821289062,14.549778938293457,54.214813232421875,3.280078999523539e-06
450,453.26312255859375,168.9145050048828,45.86212158203125,107.74076843261719,0.00023723820049781352
450,479.47845458984375,186.9789581298828,26.60650634765625,66.193603515625,2.122742444043979e-06
450,474.2210388183594,176.51576232910156,37.90374755859375,93.54924011230469,2.9333798011066392e-05
450,485.6346740722656,151.6448974609375,54.212493896484375,129.85015869140625,5.4938932407821994e-06
450,466.48309326171875,162.44021606445312,56.20855712890625,135.2412109375,0.9999985694885254
450,480.3019104003906,197.78387451171875,39.743743896484375,89.57293701171875,1.5228243910314632e-06
480,627.159423828125,129.75946044921875,13.340576171875,51.9703369140625,1.9978511772933416e-05
480,617.1466674804688,133.02215576171875,23.35333251953125,61.33892822265625,2.5519636892568087e-06
480,624.0296630859375,142.54257202148438,16.4703369140625,67.76507568359375,0.0003111677069682628
480,615.53515625,138.80712890625,24.96484375,106.92291259765625,0.00018040911527350545
480,623.0822143554688,169.9544219970703,17.41778564453125,69.01101684570312,5.3908581321593374e-05
480,0.0,184.49996948242188,14.09994125366211,54.67431640625,0.00010025942901847884
480,589.9029541015625,113.54910278320312,50.5970458984375,223.12393188476562,1.1456414540589321e-05
480,0.0,173.03306579589844,21.212146759033203,97.38423156738281,1.3244656429378665e-06
480,625.707275390625,194.99061584472656,14.792724609375,64.16419982910156,4.242839168000501e-06
480,0.0,207.10235595703125,12.803753852844238,51.570465087890625,1.8765363165584859e-06
480,0.0,344.41375732421875,60.931427001953125,136.08624267578125,5.182842869544402e-06
480,610.0213623046875,408.71905517578125,30.4786376953125,71.78094482421875,2.2356466615747195e-06
480,598.7478637695312,365.5995788574219,41.75213623046875,114.90042114257812,4.7396633817697875e-06
510,0.2528676986694336,89.76749420166016,21.816207885742188,51.810585021972656,4.1389416765014175e-06
510,1.7746343612670898,184.41671752929688,21.687705993652344,52.390777587890625,5.248173692962155e-05
510,457.04058837890625,184.7209930419922,22.39825439453125,52.85687255859375,1.5134280602069339e-06
510,0.0,192.39283752441406,15.140527725219727,51.88665771484375,0.00012836010137107223
510,0.0,111.9703369140625,62.212249755859375,311.26385498046875,2.071537892334163e-06
510,8.804434776306152,194.75108337402344,21.371219635009766,50.551055908203125,6.608742296521086e-06
540,439.8762512207031,173.27377319335938,21.83270263671875,53.272186279296875,3.0837454687571153e-06
540,601.468505859375,170.90550231933594,22.365478515625,53.45745849609375,1.8829643522622064e-05
540,406.3720397949219,170.46343994140625,26.9349365234375,64.3067626953125,3.1251847758539952e-06
540,590.9967651367188,171.13136291503906,34.0206298828125,84.6046142578125,3.944156105717411e-06
540,605.8799438476562,172.7122344970703,28.3341064453125,71.95953369140625,2.0712432160507888e-05
540,624.255615234375,173.1920623779297,16.244384765625,68.08740234375,0.0003753133350983262
540,616.3660278320312,167.75823974609375,24.13397216796875,98.17901611328125,9.122628398472443e-05
540,595.4381713867188,164.8271484375,45.06182861328125,114.35140991210938,8.999124838737771e-05
540,626.0307006835938,197.7808074951172,14.46929931640625,55.538604736328125,1.889450868475251e-05
540,581.6150512695312,176.64541625976562,47.313232421875,114.41351318359375,1.1342452125973068e-05
540,586.9195556640625,131.8475341796875,53.5804443359375,228.86651611328125,6.914622645126656e-05
540,623.71435546875,209.85064697265625,16.78564453125,66.53945922851562,3.993822701886529e-06
540,605.67333984375,185.79434204101562,34.82666015625,150.46319580078125,2.2329990315483883e-05
540,0.0,412.3111877441406,33.9972038269043,68.18881225585938,2.3514141958003165e-06
540,0.0,340.38299560546875,62.80731964111328,140.11700439453125,5.62419836569461e-06
540,619.0333251953125,428.3868713378906,21.4666748046875,52.113128662109375,6.4977380134223495e-06
540,609.3832397460938,408.7313232421875,31.11676025390625,71.7686767578125,4.863280992140062e-06
540,596.8427734375,368.37646484375,43.6572265625,112.12353515625,1.3631501133204438e-05
570,595.1368408203125,0.0,45.3631591796875,119.42943572998047,1.1067309060308617e-05
570,392.380126953125,168.21759033203125,21.07586669921875,52.173370361328125,9.071524800674524e-06
570,480.06768798828125,174.62245178222656,22.12542724609375,54.051666259765625,1.2575657137858798e-06
570,497.9176025390625,173.18814086914062,21.20635986328125,50.967803955078125,7.826448381820228e-06
570,627.0762939453125,173.34249877929688,13.4237060546875,52.054168701171875,1.8914199699793244e-06
570,471.01123046875,178.53187561035156,26.93902587890625,63.3748779296875,0.00011259813618380576
570,0.0,194.09974670410156,13.537113189697266,53.45556640625,1.8401271518087015e-05
570,626.8572998046875,192.7239990234375,13.6427001953125,55.249847412109375,6.354770448524505e-05
570,568.9613647460938,81.17031860351562,71.53863525390625,312.4432678222656,1.4982903167037875e-06
570,600.0139770507812,364.5081481933594,40.48602294921875,115.99185180664062,2.8648685201915214e-06
600,626.3214111328125,162.84719848632812,14.1785888671875,50.980438232421875,1.619536487851292e-05
600,508.09979248046875,177.5008544921875,23.55859375,55.69244384765625,0.0025865172501653433
600,504.0022888183594,164.22906494140625,32.786224365234375,80.21630859375,2.6199508283752948e-05
600,617.1707763671875,167.58348083496094,23.3292236328125,53.84539794921875,1.4900791029504035e-05
600,0.0,175.63278198242188,15.448257446289062,56.27703857421875,4.746746981254546e-06
600,499.2591552734375,177.1589813232422,23.68817138671875,56.0101318359375,2.7703013074642513e-06
600,515.0656127929688,176.9188232421875,25.0067138671875,59.522186279296875,0.9978061318397522
600,522.6551513671875,173.35293579101562,24.71875,58.54638671875,0.0019396085990592837
600,64.5611801147461,184.5653076171875,23.2127685546875,55.680389404296875,3.2967438983178e-06
600,72.18805694580078,184.56207275390625,23.248779296875,55.33392333984375,1.6934257018874632e-06
600,79.98528289794922,183.56683349609375,22.870712280273438,54.993865966796875,2.6139266537938965e-06
600,87.2537612915039,185.24075317382812,22.588638305664062,53.826202392578125,0.00014788555563427508
600,95.13272094726562,186.20240783691406,22.020065307617188,52.683349609375,1.186390022667183e-06
600,627.0626220703125,182.67950439453125,13.4373779296875,52.480194091796875,7.63581738283392e-06
630,568.7276611328125,174.6170654296875,22.3880615234375,54.13848876953125,1.0017934073403012e-05
630,451.01104736328125,175.0763702392578,21.5767822265625,50.992218017578125,1.4883512733376847e-07
630,462.7680358886719,178.18064880371094,21.40301513671875,50.727020263671875,2.448197665216867e-05
630,610.6714477539062,174.84429931640625,24.0616455078125,55.25946044921875,4.900229396298528e-05
630,625.9061889648438,174.96710205078125,14.59381103515625,52.6015625,0.0004294478567317128
630,163.20338439941406,177.94573974609375,21.940460205078125,51.61627197265625,5.189835974306334e-06
630,609.2466430664062,159.9453887939453,31.25335693359375,87.6748046875,3.06097626889823e-06
630,588.1478881835938,114.08785247802734,52.35211181640625,234.13970947265625,6.676104021607898e-06
630,575.6049194335938,181.70034790039062,21.3858642578125,51.98101806640625,3.183154149155598e-06
630,617.7059936523438,184.4118194580078,22.79400634765625,54.2115478515625,0.001305813668295741
630,0.0,192.82644653320312,13.795716285705566,54.120269775390625,1.695679202384781e-05
630,611.6858520507812,194.92140197753906,20.573974609375,50.537139892578125,1.1474916391307488e-05
630,624.8016357421875,194.45713806152344,15.6983642578125,60.446929931640625,0.0003955769061576575
630,614.1655883789062,192.0640869140625,26.33441162109375,74.67953491210938,4.042889941047179e-06
660,0.0,168.97076416015625,14.981708526611328,54.971282958984375,3.189523340552114e-06
660,468.225341796875,173.2525634765625,21.14599609375,50.8062744140625,5.729308213631157e-06
660,489.5816345214844,161.16427612304688,33.502105712890625,79.13327026367188,1.4285883480624761e-06
660,615.8641357421875,177.71142578125,22.0400390625,52.9298095703125,4.4037959014531225e-05
660,474.6880187988281,176.96163940429688,21.43646240234375,50.864990234375,1.4346833268064074e-05
660,482.0916442871094,178.36624145507812,21.3759765625,51.579193115234375,1.974997758225072e-06
660,498.6186218261719,180.71426391601562,22.213348388671875,52.564239501953125,0.9999620914459229
660,435.305419921875,112.69229125976562,134.9395751953125,288.812255859375,2.4364460387005238e-06
660,508.37548828125,177.28610229492188,22.4708251953125,54.137847900390625,2.4791846954030916e-05
660,627.1937866210938,185.04736328125,13.30621337890625,53.239044189453125,6.552878767251968e-05
690,0.0,132.6939697265625,15.043211936950684,51.148284912109375,2.1427284082164988e-05
690,0.0,136.11476135253906,23.552993774414062,59.427459716796875,1.757406243996229e-05
690,0.0,147.25244140625,16.167510986328125,61.65386962890625,4.194184839434456e-06
690,0.0,110.63826751708984,29.792953491210938,130.69781494140625,2.8021415801049443e-06
690,457.3646240234375,164.589111328125,21.677734375,52.224700927734375,1.6964006135822274e-05
690,136.69203186035156,173.78079223632812,21.342559814453125,50.815155029296875,2.1591217773675453e-06
690,451.8523254394531,169.61180114746094,21.35675048828125,51.558013916015625,7.74903946876293e-06
690,464.1510314941406,170.40780639648438,22.08441162109375,52.951507568359375,8.497555654685129e-07
690,543.801025390625,178.05096435546875,23.40869140625,56.11444091796875,1.4764154911972582e-06
690,590.7640991210938,177.92572021484375,22.898193359375,53.069488525390625,8.470402099192142e-05
690,1.9140729904174805,180.03662109375,23.40902328491211,53.9832763671875,9.249763024854474e-06
690,556.2838134765625,181.74412536621094,21.2957763671875,51.7242431640625,1.5120190255402122e-05
690,563.9268798828125,179.54014587402344,22.924072265625,53.536163330078125,0.0038649418856948614
690,526.8318481445312,110.2040786743164,91.6324462890625,237.589599609375,4.524997166299727e-06
690,508.93817138671875,138.71612548828125,129.085693359375,279.98291015625,1.1623714271991048e-05
690,561.4046630859375,149.86053466796875,45.25830078125,109.26986694335938,7.635677548023523e-07
690,598.1767578125,174.77748107910156,24.261962890625,57.139892578125,1.2699781564151635e-06
690,627.3499145507812,178.5232696533203,13.15008544921875,52.3465576171875,6.688250323350076e-06
690,8.592713356018066,189.81948852539062,21.54767608642578,50.51025390625,7.535686017945409e-05
690,568.5709838867188,177.1846160888672,27.5135498046875,65.55215454101562,0.9999419450759888
690,580.1327514648438,178.5271759033203,26.3109130859375,62.53936767578125,0.0022685315925627947
690,537.7683715820312,188.61814880371094,23.1810302734375,53.464630126953125,1.3064338418189436e-05
720,82.39672088623047,170.3790740966797,21.3489990234375,51.423583984375,2.3018228603177704e-05
720,93.53749084472656,168.3158416748047,24.655792236328125,57.90301513671875,1.3402735021372791e-05
720,89.47274017333984,178.93907165527344,21.520095825195312,51.526123046875,0.00864257663488388
720,82.10076141357422,163.302001953125,33.92698669433594,77.664794921875,1.0320628689441946e-06
720,355.8341064453125,168.24256896972656,21.64990234375,51.17828369140625,4.490083301789127e-05
720,627.5084838867188,170.02316284179688,12.99151611328125,51.63671875,1.4821184777247254e-05
720,384.5638427734375,174.19288635253906,22.1705322265625,53.187408447265625,1.7525475414004177e-05
720,447.6308898925781,184.3119659423828,23.28350830078125,54.876312255859375,4.5509708002100524e-07
720,456.13995361328125,183.11029052734375,23.050537109375,54.84259033203125,2.428042307656142e-06
720,561.9794311523438,186.48446655273438,21.942626953125,52.532745361328125,1.5280133993655909e-06
750,499.3600158691406,163.7986297607422,22.583038330078125,54.649322509765625,3.4673089430725668e-06
750,431.2740783691406,84.6502685546875,145.97476196289062,306.58111572265625,9.641031283535995e-06
750,490.8971252441406,183.38461303710938,23.373260498046875,54.627593994140625,0.00011339884076733142
750,503.29522705078125,179.51416015625,22.08154296875,53.633636474609375,0.08764311671257019
750,509.5826721191406,180.08297729492188,23.151458740234375,57.44000244140625,9.177072206512094e-05
750,521.2451782226562,181.96542358398438,21.483154296875,51.635009765625,5.456428880279418e-06
750,526.183837890625,179.0532684326172,25.063232421875,59.126312255859375,8.30333556223195e-06
750,626.94775390625,185.184326171875,13.55224609375,54.19146728515625,7.491099950129865e-06
750,498.0203552246094,179.13150024414062,31.572784423828125,74.37008666992188,0.00022713061480317265
750,516.0702514648438,192.68038940429688,27.27685546875,62.2529296875,5.464724381454289e-06
780,0.0,141.20681762695312,16.408367156982422,61.170684814453125,1.7774385696611716e-06
780,0.0,133.9471435546875,29.128582000732422,116.30096435546875,5.8837566029978916e-05
780,0.0,108.2587890625,44.96330261230469,219.62240600585938,1.5492751117562875e-05
780,0.0,164.58004760742188,14.90125846862793,53.153350830078125,0.00025985451065935194
780,416.8737487792969,165.53265380859375,21.30035400390625,50.6583251953125,3.577112511266023e-05
780,536.7411499023438,170.63504028320312,21.2421875,50.629791259765625,5.134693128638901e-05
780,513.5950317382812,95.12773132324219,126.90496826171875,294.63232421875,4.808369794773171e-06
780,627.3588256835938,168.33139038085938,13.14117431640625,56.34295654296875,1.1664345038298052e-05
780,0.0,160.33006286621094,21.16014862060547,78.34506225585938,0.004182489588856697
780,4.967574119567871,167.83035278320312,27.51688003540039,65.67828369140625,0.0026674973778426647
780,15.292278289794922,177.46707153320312,21.625293731689453,51.59503173828125,1.3840142855769955e-05
780,409.16943359375,169.01046752929688,22.0546875,51.500213623046875,1.0987198038492352e-05
780,464.4189453125,175.3614501953125,22.05780029296875,52.43341064453125,9.537924779579043e-05
780,544.161376953125,170.2962188720703,22.55224609375,55.771209716796875,2.609502917039208e-05
780,552.9694213867188,173.31378173828125,21.6763916015625,53.607940673828125,2.7682026484399103e-05
780,561.4096069335938,175.8242645263672,21.53662109375,51.66851806640625,1.1193548743904103e-05
780,579.2886352539062,159.38595581054688,36.6500244140625,83.62744140625,2.070111622742843e-05
780,597.7189331054688,174.2533721923828,22.716796875,53.87713623046875,5.744896043324843e-06
780,458.1617736816406,179.81906127929688,23.04766845703125,56.634063720703125,1.4931217265257146e-05
780,472.8105773925781,181.38119506835938,21.488037109375,51.351593017578125,8.383268323086668e-06
780,531.5953369140625,169.75927734375,32.9649658203125,77.22006225585938,1.6023439457057975e-05
780,547.690673828125,169.72840881347656,31.877685546875,77.48626708984375,2.6381489988125395e-06
780,569.9711303710938,181.99041748046875,21.4571533203125,52.1588134765625,1.0199980351899285e-05
780,579.7453002929688,180.57229614257812,22.16650390625,51.724945068359375,0.0001779409940354526
780,586.9092407226562,178.28575134277344,21.9259033203125,51.430999755859375,0.27016234397888184
780,0.0,187.21128845214844,14.399700164794922,55.230987548828125,0.0001235939416801557
780,574.1692504882812,176.69110107421875,31.162353515625,73.19970703125,7.07271829014644e-06
780,591.9256591796875,183.90623474121094,22.3890380859375,53.24945068359375,0.00013451630366034806
780,0.0,205.80154418945312,13.26444149017334,51.397247314453125,7.64884225645801e-06
780,598.6525268554688,360.1293029785156,41.84747314453125,120.37069702148438,6.051030140952207e-06
810,0.0,0.0,44.691471099853516,107.24227905273438,4.94103517212352e-07
810,0.0,0.0,60.003170013427734,160.15536499023438,1.1298470781184733e-06
810,386.0918884277344,149.2167510986328,23.26300048828125,56.545074462890625,1.4183771099851583e-06
810,393.6881408691406,157.50247192382812,22.001708984375,51.99664306640625,0.0017718550516292453
810,400.8377380371094,156.0011749267578,22.276123046875,52.342010498046875,0.011325462721288204
810,405.6951599121094,154.50115966796875,25.71221923828125,61.04278564453125,3.09017050312832e-05
810,418.9300231933594,158.68682861328125,21.78204345703125,51.967010498046875,0.00048645841889083385
810,546.7999877929688,164.11944580078125,22.166748046875,51.177978515625,0.00031312464852817357
810,571.4382934570312,164.64956665039062,21.5638427734375,50.96728515625,0.00045566741027869284
810,582.8937377929688,164.3121337890625,22.285400390625,52.709747314453125,0.020817412063479424
810,327.5637512207031,81.5418701171875,139.2830810546875,304.61572265625,3.241203557990957e-06
810,418.49041748046875,148.84458923339844,35.6947021484375,81.48342895507812,1.2284964441278134e-06
810,609.4606323242188,161.97235107421875,20.7423095703125,50.5028076171875,3.0772823720326414e-06
810,627.0484008789062,163.40354919433594,13.45159912109375,52.072052001953125,1.9252449419582263e-05
810,370.9884948730469,161.52162170410156,21.65667724609375,50.942657470703125,3.140586704830639e-05
810,425.6816101074219,159.58895874023438,22.3521728515625,53.1004638671875,0.009312022477388382
810,590.6685180664062,168.07061767578125,21.2728271484375,51.135772705078125,4.8826434067450464e-05
810,600.237548828125,166.52886962890625,21.080322265625,51.41644287109375,6.551855676661944e-06
810,617.2802124023438,141.16201782226562,23.21978759765625,102.80743408203125,3.6522044410958188e-06
810,0.0,176.7996063232422,13.600870132446289,52.075927734375,4.899708983430173e-06
810,431.74224853515625,166.44631958007812,21.990966796875,51.74041748046875,4.4479900680016726e-05
810,540.545654296875,174.64109802246094,21.3548583984375,51.97406005859375,3.4896679608209524e-06
810,552.5712280273438,172.79603576660156,21.6834716796875,50.856689453125,0.009143215604126453
810,559.6820678710938,171.97962951660156,24.6439208984375,59.1236572265625,0.00012301065726205707
810,576.0040893554688,168.48147583007812,25.298828125,59.3934326171875,0.9894126057624817
810,593.236572265625,89.7934341430664,47.263427734375,237.82101440429688,4.372126113594277e-06
810,0.0,176.94625854492188,19.96904182434082,77.59030151367188,2.4460587155772373e-06
810,627.2096557617188,184.71026611328125,13.29034423828125,51.509735107421875,4.1437483560002875e-06
810,0.0,151.3309783935547,28.47134780883789,128.64064025878906,6.8462363742582966e-06
810,569.5252685546875,165.1726531982422,37.07666015625,86.39309692382812,1.957376480277162e-05
810,582.2488403320312,179.4547882080078,24.569580078125,58.909027099609375,2.723273837546003e-06
810,551.5588989257812,135.921142578125,88.94110107421875,227.70358276367188,2.1268174350552727e-06
840,409.285400390625,158.14505004882812,21.3936767578125,51.693511962890625,3.479716906440444e-05
840,602.5452270507812,158.7394256591797,21.8809814453125,52.77557373046875,0.00016083019727375358
840,614.4251098632812,154.7675323486328,22.201904296875,54.21905517578125,3.673775381685118e-06
840,602.5536499023438,148.2266387939453,33.7901611328125,78.06845092773438,1.7109450709540397e-05
840,3.2418060302734375,167.2548828125,21.87607765197754,53.535400390625,1.788062832019932e-06
840,7.97419548034668,167.42529296875,26.998010635375977,63.33294677734375,4.186408204986947e-06
840,17.17155647277832,173.21527099609375,21.663602828979492,51.495513916015625,0.68977952003479
840,363.06988525390625,158.1928253173828,22.4810791015625,53.488494873046875,5.6588949519209564e-05
840,367.9736328125,153.29043579101562,27.04022216796875,62.749969482421875,1.8242759324493818e-05
840,596.6198120117188,166.2621612548828,22.029052734375,52.2646484375,1.0091912372445222e-05
840,609.1122436523438,167.05282592773438,22.1248779296875,52.471832275390625,0.06578649580478668
840,377.3371887207031,160.2737579345703,22.1590576171875,52.365692138671875,0.00010925844981102273
840,543.5635986328125,91.09580993652344,96.9364013671875,297.14447021484375,7.238514626806136e-06
840,626.5042114257812,169.6893768310547,13.99578857421875,50.778900146484375,0.00014477151853498071
840,0.0,177.41903686523438,15.797746658325195,53.308319091796875,3.193187694705557e-06
840,0.0,101.2562255859375,84.28486633300781,290.9036865234375,7.621216809639009e-06
840,612.7774658203125,168.108642578125,27.28173828125,64.25299072265625,1.664045157667715e-05
840,603.6249389648438,174.83909606933594,21.9405517578125,53.578460693359375,1.0762560123112053e-05
840,619.5841064453125,429.1920471191406,20.9158935546875,51.307952880859375,5.604008038062602e-06
840,610.4827270507812,409.00537109375,30.01727294921875,71.49462890625,3.5930186186305946e-06
840,599.0282592773438,367.7823791503906,41.47174072265625,112.71762084960938,5.157676696398994e-06
870,624.85009765625,125.80549621582031,15.64990234375,62.2391357421875,2.1581132386927493e-05
870,417.2187194824219,150.2425079345703,23.7540283203125,58.236328125,6.417324038920924e-05
870,411.9519348144531,154.8494415283203,21.6259765625,51.010955810546875,3.0804141715634614e-05
870,424.97271728515625,156.9293670654297,21.248046875,51.054046630859375,0.0002715685695875436
870,617.923828125,124.06941223144531,22.576171875,97.966796875,1.3325525287655182e-05
870,1.1829347610473633,160.67848205566406,21.432090759277344,51.3800048828125,4.255457952240249e-06
870,624.9527587890625,149.0012664794922,15.5472412109375,62.123748779296875,4.58539834653493e-05
870,341.96356201171875,76.70162963867188,141.484375,299.3171691894531,3.954030944441911e-06
870,610.5740356445312,161.40087890625,21.15234375,51.16473388671875,2.9386551432253327e-06
870,617.2271728515625,160.56883239746094,21.5145263671875,51.888702392578125,3.0921160941943526e-05
870,0.0,167.3030548095703,15.518905639648438,53.465606689453125,1.8943712348118424e-05
870,627.927001953125,175.46987915039062,12.572998046875,50.91839599609375,1.336155128228711e-05
900,407.8367614746094,141.06260681152344,21.6697998046875,51.809906005859375,2.042265623458661e-05
900,394.97357177734375,144.28414916992188,21.985595703125,51.635101318359375,7.156797892093891e-06
900,610.1636352539062,86.43479919433594,30.33636474609375,137.00396728515625,1.165543835668359e-05
900,592.6812744140625,56.99122619628906,47.8187255859375,240.4216766357422,6.474221663665958e-06
900,163.2946014404297,162.4169158935547,21.288055419921875,50.9381103515625,0.0020384863018989563
900,402.0013427734375,147.88714599609375,22.19378662109375,52.49456787109375,0.0007509480929002166
900,156.91514587402344,166.00193786621094,20.902191162109375,50.918609619140625,3.882881173922215e-06
900,622.2696533203125,156.37757873535156,18.2303466796875,77.15289306640625,6.57884720567381e-06
900,39.76271057128906,174.02499389648438,27.80547332763672,68.51593017578125,4.7295898184529506e-06
900,0.0,76.37420654296875,108.71363067626953,319.9833068847656,4.513584372034529e-06
900,627.4193725585938,176.3837432861328,13.08062744140625,53.0799560546875,6.38941037323093e-06
930,627.9302978515625,59.546775817871094,12.5697021484375,50.95880126953125,6.304603630269412e-06
930,447.8104248046875,150.41868591308594,22.4197998046875,53.42108154296875,1.2625270755961537e-05
930,136.20333862304688,166.09437561035156,21.235809326171875,53.7200927734375,1.4702903172292281e-05
930,7.932122230529785,173.2899932861328,21.817569732666016,54.249847412109375,4.277368861949071e-05
930,50.46123504638672,79.5174560546875,150.58718872070312,312.16583251953125,1.8587094245958724e-06
930,497.48504638671875,167.51296997070312,22.0443115234375,52.6273193359375,3.5256946375739062e-06
930,0.0,177.91070556640625,16.100814819335938,52.5968017578125,1.975815393961966e-05
930,0.0,100.71940612792969,69.63690185546875,305.06744384765625,8.146052095980849e-06
930,0.0,176.6783447265625,27.16799545288086,64.2470703125,3.271862397014047e-06
930,627.2666625976562,182.64598083496094,13.23333740234375,57.826873779296875,8.890511708159465e-06
960,616.0361328125,162.18141174316406,22.8165283203125,54.217742919921875,9.157805470749736e-05
960,626.03466796875,162.874267578125,14.46533203125,51.492767333984375,8.118697587633505e-05
960,0.0,179.6354217529297,16.548805236816406,50.564788818359375,0.0016516398172825575
960,0.0,155.53341674804688,23.649221420288086,92.0712890625,4.7476660256506875e-06
960,0.0,108.8511962890625,64.04244995117188,306.51702880859375,7.961274604895152e-06
960,627.3603515625,183.99102783203125,13.1396484375,51.0909423828125,8.035676728468388e-06
990,625.6017456054688,138.0009002685547,14.89825439453125,61.05877685546875,3.1535993912257254e-05
990,610.5323486328125,157.7512664794922,21.0728759765625,50.68975830078125,2.3133585273171775e-05
990,614.9173583984375,151.94171142578125,25.5826416015625,69.38580322265625,3.8752827094867826e-05
990,473.24810791015625,161.54949951171875,21.19244384765625,50.72955322265625,0.44573795795440674
990,466.2596740722656,145.91836547851562,35.63824462890625,80.51010131835938,7.3936312219302636e-06
990,412.31414794921875,106.62860107421875,133.81494140625,279.424072265625,9.56486564973602e-06
990,486.0046081542969,159.88023376464844,22.44891357421875,54.396484375,3.188921027685865e-06
990,626.388916015625,161.99661254882812,14.111083984375,51.25823974609375,0.0011585497995838523
990,611.7315063476562,116.73435974121094,28.76849365234375,127.46530151367188,3.4033337215078063e-06
990,591.780517578125,85.84404754638672,48.719482421875,232.20614624023438,7.904158337623812e-06
990,0.0,178.65139770507812,16.449060440063477,52.4996337890625,5.5724423873471096e-05
990,0.0,106.49559020996094,59.3021354675293,303.56158447265625,3.3055589483410586e-06
990,41.037559509277344,176.3990936279297,26.802993774414062,65.271728515625,3.3721569252520567e-06
990,0.0,98.51806640625,115.08495330810547,313.63232421875,8.218104994739406e-06
990,478.98565673828125,164.19752502441406,22.507080078125,53.757781982421875,9.221442451234907e-05
990,626.5328369140625,177.62620544433594,13.9671630859375,58.74371337890625,1.1496505067043472e-05
1020,483.1111145019531,136.6051788330078,22.06842041015625,51.074462890625,1.005628928396618e-05
1020,474.699951171875,146.6887969970703,23.16259765625,55.22113037109375,1.938420973601751e-05
1020,483.82464599609375,141.338623046875,28.214599609375,66.982421875,0.008699245750904083
1020,470.4719543457031,134.87181091308594,35.87689208984375,87.44967651367188,0.0003710345190484077
1020,492.95367431640625,148.40664672851562,25.24761962890625,59.089019775390625,0.00010808397200889885
1020,500.7171325683594,150.76466369628906,25.275421142578125,59.00201416015625,1.4404068679141346e-05
1020,480.00872802734375,156.9479522705078,23.973388671875,58.1190185546875,0.027782265096902847
1020,485.62115478515625,138.45062255859375,37.14849853515625,91.5030517578125,2.7286623662803322e-05
1020,0.0,183.23202514648438,15.28113842010498,50.975921630859375,3.900855881511234e-05
1020,474.4015197753906,167.28514099121094,20.92156982421875,51.81268310546875,1.1127029210911132e-05
1020,0.0,108.40699768066406,64.83967590332031,310.6663818359375,7.063483280944638e-06
1020,0.2608194351196289,183.27301025390625,26.522106170654297,63.834686279296875,6.109922196628759e-06
1020,627.8626098632812,263.4366760253906,12.63739013671875,51.15447998046875,7.91180627857102e-06
1050,0.0,185.81976318359375,14.148685455322266,52.3681640625,3.7701756809838116e-06
1080,479.75946044921875,212.83505249023438,21.98406982421875,51.283111572265625,0.00018764850392472
1080,484.7307434082031,214.2613983154297,24.854736328125,57.91917419433594,9.144102477876004e-06
1080,591.3552856445312,293.5244445800781,21.2999267578125,51.84307861328125,0.00014534263755194843
1080,587.7255859375,292.9186706542969,30.9461669921875,72.49993896484375,3.2828015719132964e-06
1110,596.9644775390625,0.0,43.5355224609375,125.63787841796875,2.363158273510635e-06
1110,625.72216796875,141.46072387695312,14.77783203125,60.475189208984375,1.7554983060108498e-05
1110,613.2466430664062,102.97786712646484,27.25335693359375,125.37836456298828,1.5117595467017964e-05
1110,617.2427368164062,153.23370361328125,21.869873046875,51.44854736328125,6.874070822959766e-05
1110,609.4268188476562,158.47242736816406,26.86474609375,61.371673583984375,5.241091002972098e-06
1110,624.1170043945312,159.65109252929688,16.38299560546875,65.22216796875,0.0006016589468345046
1110,594.214111328125,115.07733154296875,46.285888671875,219.84390258789062,8.209824954974465e-06
1110,617.7978515625,152.89544677734375,22.7021484375,95.46035766601562,6.457323615904897e-05
1110,0.0,184.30360412597656,14.108558654785156,53.1243896484375,3.536720214469824e-06
1110,624.8141479492188,180.77212524414062,15.68585205078125,68.09375,2.8605047191376798e-05
1140,628.0009155273438,44.344329833984375,12.49908447265625,51.894287109375,3.951749931729864e-06
1140,11.05949592590332,177.18283081054688,20.98807144165039,50.573455810546875,7.771730452077463e-06
1140,536.3080444335938,166.55422973632812,21.7633056640625,51.209869384765625,0.00017888819274958223
1140,627.2969970703125,171.36599731445312,13.2030029296875,54.113128662109375,9.624548692954704e-05
1140,0.0,178.77394104003906,14.803755760192871,54.4090576171875,4.658646048483206e-06
1170,627.4412841796875,163.8232879638672,13.0587158203125,51.146240234375,9.494848200120032e-06
1170,0.0,179.20130920410156,13.857694625854492,53.092041015625,1.357501696475083e-05
1170,627.4669189453125,183.6287384033203,13.0330810546875,58.477081298828125,4.3744744289142545e-06
1200,627.7772216796875,171.40428161621094,12.7227783203125,51.2015380859375,6.133789156592684e-06
1200,0.0,181.0451202392578,16.186372756958008,55.620086669921875,5.023173343943199e-06
1200,44.285057067871094,187.2783203125,21.646400451660156,50.750091552734375,4.644842920242809e-05
1200,7.485133171081543,189.32373046875,21.995704650878906,53.87078857421875,6.394551019184291e-05
1200,16.556278228759766,190.19085693359375,22.114635467529297,51.756500244140625,1.1608276508923154e-06
1200,0.0,194.42556762695312,23.712142944335938,55.2879638671875,2.1515455955523066e-05
1200,0.0,124.97517395019531,116.43970489501953,290.88525390625,9.426576980331447e-06
1200,52.82720947265625,191.2295379638672,21.285263061523438,51.532012939453125,0.005753188394010067
1200,0.0,206.04791259765625,16.66973114013672,57.8115234375,5.097399480291642e-07
1230,517.7783813476562,166.3308563232422,27.265380859375,64.86239624023438,1.4263775938161416e-06
1230,526.8612060546875,170.60031127929688,21.4605712890625,51.752288818359375,3.490829612928792e-06
1230,627.7500610351562,178.36911010742188,12.74993896484375,51.68792724609375,2.786224968076567e-06
1230,1.8433046340942383,188.90576171875,22.4151611328125,53.272308349609375,4.5634700995833555e-07
1230,16.142189025878906,187.56582641601562,22.60931396484375,52.981689453125,1.904637429106515e-06
1230,0.0,192.77142333984375,15.604516983032227,54.96868896484375,8.08081040304387e-06
1230,8.88569164276123,191.3570098876953,22.815425872802734,54.464263916015625,5.320661330188159e-06
1230,0.0,204.968505859375,25.201589584350586,58.50665283203125,1.8950745470647234e-06
1260,498.7081298828125,165.56884765625,21.70587158203125,51.44244384765625,0.000714495254214853
1260,504.68115234375,169.70916748046875,21.73193359375,52.01104736328125,0.8196091651916504
1260,497.29840087890625,155.0142364501953,34.14404296875,77.48101806640625,1.2205194252601359e-05
1260,520.2129516601562,171.5543212890625,21.3707275390625,51.008941650390625,6.96841161698103e-05
1260,437.8240966796875,104.35552978515625,134.2315673828125,295.22406005859375,1.4758988982066512e-06
1260,511.53460693359375,172.8155975341797,21.1383056640625,50.87066650390625,0.007292107213288546
1260,492.3632507324219,172.09849548339844,22.220367431640625,55.198944091796875,2.4340281470358605e-06
1260,527.1859130859375,174.06045532226562,21.8101806640625,51.76470947265625,4.2829851736314595e-06
1260,627.79345703125,179.3214874267578,12.70654296875,50.628936767578125,5.2613081606978085e-06
1260,0.0,191.7010955810547,15.856575012207031,51.96954345703125,8.012986654648557e-05
1260,498.2943115234375,181.73873901367188,20.5135498046875,50.67584228515625,6.533043688250473e-06
1260,0.0,116.35186767578125,65.11317443847656,312.82952880859375,2.215341191913467e-05
1260,0.0,194.04666137695312,27.244983673095703,66.69174194335938,1.1080584954470396e-05
1290,586.22021484375,87.46385192871094,33.6546630859375,83.14328002929688,0.00010468223626958206
1290,570.3704833984375,93.30309295654297,22.905517578125,56.640663146972656,3.4729018807411194e-06
1290,576.4734497070312,92.1766128540039,25.824462890625,61.957725524902344,5.956532186246477e-05
1290,572.8375854492188,88.04351806640625,37.5791015625,88.34295654296875,0.002245160285383463
1290,567.7073364257812,85.98356628417969,54.6629638671875,130.77618408203125,0.0056068552657961845
1290,557.3594360351562,47.53111267089844,80.1104736328125,195.69851684570312,0.0018752615433186293
1290,626.880859375,134.309326171875,13.619140625,52.01654052734375,4.714639089797856e-06
1290,617.923828125,143.89279174804688,21.4566650390625,51.016265869140625,5.224423603067407e-06
1290,585.75341796875,103.09571075439453,47.074951171875,112.2494125366211,4.514487955020741e-06
1290,609.0455322265625,123.5195083618164,31.4544677734375,98.64647674560547,5.958490874036215e-06
1290,609.551025390625,151.52561950683594,22.60009765625,54.43243408203125,3.1476722597290063e-06
1290,624.81103515625,152.37403869628906,15.68896484375,63.119720458984375,0.00024106241471599787
1290,506.6324768066406,154.58465576171875,32.809539794921875,76.88629150390625,5.038814197177999e-05
1290,578.0938720703125,126.57501220703125,48.1002197265625,114.93280029296875,1.2262314157851506e-05
1290,501.1951599121094,171.689208984375,21.659942626953125,52.50897216796875,2.2718015770806232e-06
1290,513.260498046875,169.67324829101562,22.3900146484375,53.3828125,0.9974812865257263
1290,452.744140625,108.76179504394531,129.5606689453125,289.0133056640625,1.1550466751941713e-06
1290,524.084228515625,168.819091796875,22.5367431640625,54.345916748046875,3.078135341638699e-05
1290,595.36962890625,148.3466796875,36.654541015625,87.77044677734375,1.2009542160740239e-06
1290,616.7946166992188,144.29249572753906,23.70538330078125,103.06134033203125,0.0001544072583783418
1290,592.1385498046875,108.45255279541016,48.3614501953125,221.88436889648438,2.3561422494822182e-05
1290,0.0,185.60121154785156,14.799674987792969,55.76556396484375,5.6480155762983486e-05
1290,602.7317504882812,138.26150512695312,37.76824951171875,136.36129760742188,3.7840614822926e-05
1290,624.0306396484375,173.03445434570312,16.4693603515625,70.58154296875,3.405825555091724e-05
1290,0.0,165.62060546875,21.475080490112305,98.53762817382812,4.369367161416449e-06
1290,0.8260736465454102,193.6473846435547,22.199337005615234,52.52288818359375,6.896398645039881e-06
1290,9.044631958007812,194.23910522460938,21.858577728271484,51.74658203125,4.053843440487981e-06
1290,590.4384765625,226.57769775390625,50.0615234375,236.47735595703125,3.2983791697915876e-06
1290,600.8157958984375,361.2057800292969,39.6842041015625,119.29421997070312,4.261651156411972e-06
1320,592.8277587890625,0.0,47.6722412109375,125.37818908691406,4.261883077560924e-06
1320,511.67681884765625,138.49456787109375,22.481201171875,52.019775390625,9.227459668181837e-05
1320,506.1117858886719,138.84559631347656,33.564849853515625,81.3919677734375,2.208216756116599e-06
1320,0.0,192.41864013671875,14.153328895568848,53.14471435546875,3.7978057662257925e-05
1320,489.57196044921875,225.22772216796875,39.9742431640625,99.28875732421875,4.080561666341964e-07
1350,612.0553588867188,0.0,28.44464111328125,55.71529769897461,3.7413246900541708e-06
1350,593.4176635742188,0.0,47.08233642578125,127.53366088867188,8.226926183851901e-06
1350,0.0,191.79507446289062,14.568113327026367,54.430999755859375,4.932302090310259e-06
1350,608.3240356445312,299.85302734375,20.8092041015625,50.6993408203125,7.035998805804411e-06
1350,600.0843505859375,305.4033203125,23.5675048828125,55.06500244140625,1.681835601630155e-05
1350,605.4484252929688,310.1522216796875,25.8721923828125,58.5931396484375,4.352610176283633e-06
1350,627.7476196289062,320.0223388671875,12.75238037109375,53.43890380859375,9.118013622355647e-06
1380,0.0,186.24034118652344,14.93013858795166,54.43389892578125,2.0991021301597357e-05
1380,607.295166015625,155.77432250976562,33.204833984375,146.72271728515625,1.0108074093295727e-05
1380,562.1106567382812,152.0262451171875,78.38934326171875,217.3514404296875,8.858495129970834e-05
1380,626.803955078125,222.15684509277344,13.696044921875,50.75975036621094,2.0873683297395473e-06
1380,616.842529296875,199.3067626953125,23.657470703125,105.83096313476562,1.552108642499661e-06
1380,584.7713623046875,177.4027099609375,55.7286376953125,144.74774169921875,9.071369277080521e-06
1380,626.826416015625,243.28890991210938,13.673583984375,52.15704345703125,4.865605660597794e-06
1380,572.5259399414062,213.717529296875,58.3824462890625,141.74578857421875,1.5560921383439563e-05
1380,588.676513671875,193.05352783203125,51.823486328125,240.56549072265625,1.233265720657073e-05
1410,0.0,180.23739624023438,15.719717979431152,55.105010986328125,1.4043511328054592e-05
1410,0.0,158.58963012695312,22.873716354370117,96.75997924804688,7.829494279576465e-06
1410,1.1824769973754883,192.23907470703125,21.683643341064453,50.594085693359375,0.00039801004459150136
1410,8.120859146118164,193.0027618408203,22.755199432373047,55.042266845703125,0.00013065824168734252
1410,15.650350570678711,193.23353576660156,22.521974563598633,53.64898681640625,1.1472607184259687e-05
1410,0.0,199.2449951171875,15.033340454101562,53.348419189453125,3.645829565357417e-05
1410,0.0,203.121337890625,24.198387145996094,61.369964599609375,5.357004738471005e-06
1410,0.0,214.45973205566406,16.222030639648438,60.10462951660156,3.5410300824878504e-06
1440,25.537525177001953,192.69703674316406,21.530227661132812,51.33074951171875,3.122542693745345e-05
1440,31.044889450073242,193.16424560546875,23.593294143676758,57.1754150390625,2.907675707319868e-06
1440,39.20390319824219,192.94967651367188,23.299705505371094,56.266571044921875,7.531817118433537e-06
1470,0.0,184.20787048339844,15.667886734008789,56.417083740234375,2.2718145373801235e-06
1500,0.0,192.29136657714844,15.12979793548584,54.938385009765625,2.565305749158142e-06
1530,0.0,188.1417694091797,14.890510559082031,52.9085693359375,1.9499997506500222e-05
1560,18.09117889404297,187.3681640625,20.977642059326172,51.058563232421875,3.6073115552426316e-06
1560,0.0,187.33909606933594,14.08352279663086,52.452728271484375,1.884734047052916e-05
1590,0.0,185.68478393554688,14.280890464782715,52.659088134765625,1.2045848961861338e-05
1650,594.9421997070312,0.0,45.55780029296875,122.58129119873047,6.2238782447820995e-06
1650,17.341806411743164,187.37132263183594,21.49684715270996,54.037078857421875,6.266689069889253e-06
1650,0.0,193.25364685058594,14.171642303466797,51.453857421875,1.696973413345404e-05
1680,596.2091674804688,0.0,44.29083251953125,122.27304077148438,3.2515317798242904e-06
1680,0.0,192.81259155273438,15.081616401672363,51.73052978515625,4.9305515858577564e-05
1680,8.270153045654297,194.3230743408203,21.552085876464844,50.53131103515625,1.1114175322290976e-06
1710,595.5169677734375,0.0,44.9830322265625,121.24635314941406,4.16102193412371e-06
1710,0.0,194.82894897460938,14.096860885620117,51.525970458984375,1.001476266537793e-05
1740,594.7277221679688,0.0,45.77227783203125,122.5621109008789,4.635627192328684e-06
1740,0.0,194.98733520507812,14.32950210571289,51.5577392578125,7.282420483534224e-06
1770,594.2695922851562,0.0,46.23040771484375,122.99697875976562,7.09423284206423e-06
1770,16.658912658691406,190.08197021484375,21.492252349853516,53.14849853515625,2.8276435841689818e-05
1770,0.0,195.6004638671875,14.440786361694336,52.405120849609375,3.8261649024207145e-05
1770,0.0,89.79484558105469,88.26514434814453,316.34490966796875,4.387978606246179e-06
1800,594.709716796875,0.0,45.790283203125,123.02555847167969,5.780099854746368e-06
1800,9.06246280670166,187.7105255126953,21.936988830566406,54.026763916015625,3.30032198689878e-05
1800,0.0,195.0529327392578,13.995159149169922,51.3475341796875,2.9961206564621534e-06
1800,0.0,94.39561462402344,79.67596435546875,317.04681396484375,4.283846919861389e-06
1830,2.701857566833496,187.1282958984375,21.430091857910156,51.364837646484375,4.264225935912691e-05
1830,0.0,188.27120971679688,14.970235824584961,51.618408203125,1.4930433280824218e-05
1830,0.0,96.09439086914062,59.919639587402344,317.45086669921875,1.4790291061217431e-05
1830,5.854418754577637,186.1786651611328,28.22116470336914,68.50204467773438,2.513206482035457e-06
