30,478.0893249511719,144.49853515625,53.121490478515625,131.10003662109375,8.864191840984859e-06
30,404.4191589355469,148.58901977539062,41.1708984375,96.49295043945312,2.2250221718422836e-06
30,461.37384033203125,126.02388000488281,75.33538818359375,188.42698669433594,1.986774441320449e-05
30,402.6631774902344,172.03216552734375,21.12652587890625,51.283233642578125,5.810867151012644e-05
30,427.45172119140625,167.94912719726562,26.767333984375,62.46197509765625,0.00022004357015248388
30,437.052734375,167.42803955078125,26.121337890625,57.270599365234375,5.334476099960739e-06
30,449.67120361328125,170.41738891601562,20.9393310546875,51.30535888671875,3.0091957796685165e-06
30,454.9139404296875,168.88351440429688,28.14068603515625,64.14974975585938,7.2502248258388136e-06
30,464.79705810546875,173.82254028320312,24.22271728515625,58.087005615234375,1.734851139190141e-05
30,411.5030212402344,175.91915893554688,22.6395263671875,52.444488525390625,0.00032399382325820625
30,414.73736572265625,166.2661590576172,28.67462158203125,68.83291625976562,0.9809897541999817
30,450.7535705566406,153.4029998779297,37.88372802734375,94.87506103515625,1.3998116628499702e-05
30,463.30853271484375,164.777587890625,36.47869873046875,86.1556396484375,0.0004843303468078375
30,473.17230224609375,178.1873779296875,22.79986572265625,53.699615478515625,1.0352506251365412e-05
30,473.6263427734375,163.268310546875,39.1085205078125,95.112548828125,0.07678381353616714
30,498.5398254394531,172.2610321044922,29.804290771484375,67.6260986328125,8.090318260656204e-06
30,18.88689422607422,187.756103515625,21.528701782226562,52.288909912109375,1.5239996855598292e-06
30,35.902366638183594,186.1674346923828,21.729454040527344,51.744476318359375,0.999941349029541
30,27.61102294921875,170.31216430664062,34.72827911376953,77.29193115234375,3.472543426141783e-07
30,0.0,123.0906982421875,104.32304382324219,288.212646484375,4.9543687055120245e-06
30,43.425716400146484,181.81729125976562,22.56930923461914,54.97320556640625,0.001019833143800497
30,479.8033142089844,180.69155883789062,24.2789306640625,56.597198486328125,1.5653726222808473e-05
30,494.78985595703125,183.24095153808594,23.63775634765625,55.0321044921875,8.384387001569849e-06
30,487.62872314453125,173.3800048828125,33.2418212890625,78.5433349609375,0.006152158137410879
30,8.142654418945312,189.99681091308594,22.207801818847656,53.449310302734375,4.917952992400387e-06
30,28.09101104736328,187.92678833007812,22.124671936035156,52.144195556640625,0.002265727147459984
30,425.3995666503906,182.96334838867188,20.68792724609375,50.748992919921875,1.3802470675727818e-05
30,1.1948223114013672,195.23605346679688,22.798303604125977,53.91851806640625,7.1881468102219515e-06
30,489.1679992675781,189.91932678222656,23.09417724609375,55.12371826171875,1.3911295354773756e-05
30,601.4930419921875,357.6595153808594,39.0069580078125,122.84048461914062,7.756285413051955e-06
60,453.5634765625,102.0426254272461,73.73516845703125,189.55731201171875,3.017374183400534e-05
60,476.91064453125,129.029052734375,53.31451416015625,126.2506103515625,0.0005648771184496582
60,491.468017578125,159.35348510742188,31.34967041015625,73.527099609375,7.113540959835518e-06
60,501.35125732421875,158.60995483398438,28.46484375,65.12347412109375,6.627686843785341e-07
60,456.74871826171875,161.16534423828125,28.58636474609375,64.9620361328125,1.7512309568701312e-05
60,463.31304931640625,160.87152099609375,32.6507568359375,76.90945434570312,0.0011417021742090583
60,473.0367126464844,174.6984405517578,21.908203125,51.64239501953125,1.0868134268093854e-05
60,466.1912536621094,143.0496826171875,44.2332763671875,107.30169677734375,0.5946146249771118
60,488.35784912109375,175.159912109375,22.7257080078125,51.153594970703125,1.6472016568513936e-06
60,480.7290954589844,162.343505859375,34.426727294921875,82.80007934570312,0.0003965000214520842
60,610.6978149414062,408.57061767578125,29.80218505859375,71.92938232421875,5.287797193886945e-06
60,600.2071533203125,361.09136962890625,40.2928466796875,119.40863037109375,5.661998784489697e-06
90,462.00335693359375,135.87240600585938,48.8868408203125,118.5733642578125,1.1028758308384567e-05
90,492.08544921875,152.74868774414062,30.236328125,73.2713623046875,1.5552379863947863e-06
90,503.76800537109375,161.6258087158203,22.14990234375,50.861541748046875,2.369693902437575e-06
90,513.0210571289062,160.16973876953125,21.759765625,50.785064697265625,1.3196267900639214e-06
90,457.45172119140625,154.72532653808594,33.19805908203125,80.27072143554688,0.00019040821644011885
90,469.1081237792969,158.86598205566406,32.39984130859375,79.28506469726562,0.03173539415001869
90,484.38385009765625,166.46347045898438,28.09912109375,66.4443359375,0.007941283285617828
90,495.55340576171875,166.38323974609375,21.39898681640625,51.0341796875,0.0013357759453356266
90,40.99266815185547,175.12832641601562,23.41693878173828,55.723541259765625,2.3422971935360692e-05
90,466.2529296875,174.41001892089844,23.35015869140625,54.048919677734375,4.944159445585683e-05
90,616.9594116210938,178.57501220703125,21.3519287109375,51.8507080078125,9.008950655697845e-06
90,627.0521240234375,177.35333251953125,13.4478759765625,52.7913818359375,7.273577921296237e-06
90,473.17864990234375,179.65283203125,22.19158935546875,54.25958251953125,1.8297680071555078e-05
90,610.897705078125,403.3097229003906,29.602294921875,77.19027709960938,5.7809984355117194e-06
90,600.8204345703125,358.8802185058594,39.6795654296875,121.61978149414062,6.845015377621166e-06
120,121.92919158935547,140.17462158203125,22.19670867919922,51.9847412109375,0.0001237400429090485
120,126.05935668945312,145.04562377929688,24.816680908203125,58.8509521484375,7.721882138866931e-05
120,135.43765258789062,145.6710968017578,22.6116943359375,54.655364990234375,2.260115616081748e-05
120,142.33143615722656,149.30911254882812,23.912261962890625,56.057403564453125,1.4235508842830313e-06
120,392.8467102050781,157.94384765625,22.287109375,52.916107177734375,3.2969546737149358e-06
120,400.8627014160156,154.83334350585938,23.44775390625,55.40283203125,1.3813183841193677e-06
120,443.31243896484375,126.91607666015625,47.6982421875,115.81564331054688,9.059568401426077e-05
120,597.7078857421875,155.57708740234375,30.10009765625,72.69656372070312,2.290021257067565e-06
120,0.0,164.25994873046875,14.22708511352539,52.831207275390625,1.526656160422135e-05
120,121.69064331054688,136.08787536621094,34.60986328125,84.28900146484375,2.1427673345897347e-05
120,408.89306640625,160.1736297607422,23.6085205078125,55.668731689453125,2.1666568500222638e-05
120,425.6670227050781,161.75486755371094,25.51708984375,59.43756103515625,1.956941378011834e-05
120,432.5445861816406,139.61721801757812,37.7030029296875,95.50830078125,2.528387267375365e-05
120,480.2501525878906,163.30679321289062,23.74920654296875,54.913482666015625,4.1778093873290345e-06
120,608.02392578125,166.554931640625,22.820556640625,54.5205078125,1.6744976164773107e-05
120,615.487548828125,165.00106811523438,21.387939453125,51.10028076171875,1.0607936019368935e-05
120,626.8684692382812,163.44146728515625,13.63153076171875,51.52386474609375,2.0258412405382842e-05
120,0.0,143.01284790039062,24.528305053710938,105.5234375,4.014910700789187e-06
120,0.0,102.08235931396484,46.05671691894531,224.3131103515625,7.960135917528532e-06
120,8.475600242614746,170.1591033935547,21.50542449951172,51.329864501953125,2.0697107174783014e-05
120,3.3863964080810547,159.543212890625,32.733497619628906,80.11532592773438,4.892088782071369e-06
120,417.748291015625,164.1282958984375,23.257080078125,56.12408447265625,3.3809253636718495e-06
120,432.22119140625,175.97755432128906,21.322509765625,50.5067138671875,0.005123301409184933
120,437.41741943359375,163.92794799804688,26.1641845703125,62.078155517578125,3.530036337906495e-05
120,452.5730895996094,150.6526336669922,33.64306640625,81.35775756835938,0.001340009504929185
120,595.4859619140625,174.1918487548828,20.6793212890625,50.772064208984375,2.668569550223765e-06
120,447.0221252441406,162.96401977539062,28.31671142578125,67.05145263671875,0.00014322447532322258
120,463.2356262207031,166.5390625,27.10504150390625,64.67547607421875,0.00017898119403980672
120,472.35101318359375,175.6288299560547,21.67938232421875,52.595611572265625,1.858636642282363e-05
120,601.6347045898438,179.5743408203125,21.328369140625,50.681884765625,7.34850164008094e-06
120,627.6932373046875,181.49664306640625,12.8067626953125,56.9210205078125,9.218255399900954e-06
120,456.6011047363281,181.5472869873047,22.1993408203125,54.324493408203125,8.509123290423304e-06
120,619.3156127929688,425.4996337890625,21.18438720703125,55.0003662109375,3.7923850868537556e-06
120,609.7005004882812,401.05084228515625,30.79949951171875,79.44915771484375,5.071156465419335e-06
120,600.058349609375,359.931884765625,40.441650390625,120.568115234375,4.272007117833709e-06
150,437.1849365234375,142.93685913085938,34.406005859375,83.32720947265625,0.057417385280132294
150,558.0020751953125,85.80878448486328,82.4979248046875,220.41586303710938,0.03657122328877449
150,527.3881225585938,3.2884674072265625,113.11187744140625,335.1614990234375,0.0002846508868969977
150,449.5745544433594,150.01927185058594,31.06024169921875,72.59527587890625,0.00046161533100530505
150,550.899658203125,0.0,89.600341796875,199.63400268554688,6.92194516886957e-05
150,432.22119140625,153.41241455078125,27.88812255859375,67.65545654296875,0.00011183678725501522
150,578.48095703125,132.87509155273438,57.947021484375,140.16622924804688,0.00010074397141579539
150,582.468505859375,19.628684997558594,58.031494140625,253.5670166015625,4.8967773182084784e-05
150,424.1888427734375,148.30148315429688,28.27740478515625,67.05987548828125,5.654385677189566e-05
150,550.5216064453125,137.37237548828125,59.9434814453125,143.341064453125,6.727220170432702e-05
150,590.9419555664062,0.0,49.55804443359375,130.92324829101562,2.6609341148287058e-05
150,516.193603515625,189.3468780517578,32.3544921875,75.49705505371094,1.8972963516716845e-05
150,597.6130981445312,86.703369140625,42.88690185546875,172.20559692382812,1.9975996110588312e-05
150,589.128173828125,140.65249633789062,51.371826171875,231.7877197265625,3.536366784828715e-05
150,435.5928649902344,122.71376037597656,50.04278564453125,124.03836059570312,7.749164979031775e-06
150,611.302490234375,152.0026092529297,29.197509765625,117.59959411621094,2.0236613636370748e-05
150,520.79736328125,187.53817749023438,23.1339111328125,54.56219482421875,2.0640067305066623e-05
150,625.7808227539062,149.4996795654297,14.71917724609375,51.391510009765625,9.630022759665735e-06
150,459.9369812011719,149.68075561523438,28.0902099609375,63.0986328125,5.157287887413986e-06
150,564.7965698242188,161.09115600585938,36.5616455078125,87.8543701171875,3.1576833862345666e-05
150,614.2185668945312,116.8197021484375,26.28143310546875,115.48641967773438,1.8066715711029246e-05
150,526.529541015625,184.4945526123047,25.65966796875,61.90380859375,8.809354767436162e-06
150,605.8587646484375,0.0,34.6412353515625,86.17224884033203,6.104901331127621e-06
150,624.38916015625,161.9296875,16.11083984375,65.03570556640625,1.587447513884399e-05
150,587.2583618164062,163.6498260498047,41.157470703125,95.14009094238281,2.1149804524611682e-05
150,510.7977294921875,182.67173767089844,26.7178955078125,62.528900146484375,7.628197636222467e-06
150,570.5233764648438,177.87889099121094,21.1766357421875,55.548126220703125,5.365128799894592e-06
150,578.6480712890625,178.33172607421875,21.26416015625,55.857757568359375,2.434371708659455e-06
150,599.9025268554688,359.3457336425781,40.59747314453125,121.15426635742188,4.427073690749239e-06
150,623.3157958984375,186.5899658203125,17.1842041015625,69.06790161132812,1.722130400594324e-05
180,490.34326171875,0.0,134.3905029296875,296.22039794921875,0.00803571380674839
180,512.992919921875,56.734283447265625,88.5916748046875,216.64425659179688,0.15950465202331543
180,415.48944091796875,162.82183837890625,21.3106689453125,50.9364013671875,0.03579464182257652
180,502.67034912109375,0.0,95.3878173828125,205.60507202148438,0.0002179405273636803
180,526.8724975585938,113.5754165649414,62.1217041015625,150.26824951171875,0.0009651759755797684
180,421.5452880859375,166.6851806640625,20.87225341796875,51.47845458984375,0.00128101313021034
180,391.9251708984375,160.08274841308594,20.87139892578125,50.59552001953125,0.00010654797370079905
180,384.93255615234375,153.76316833496094,21.86968994140625,53.01129150390625,2.2353362510330044e-05
180,542.2597045898438,95.17546081542969,73.6512451171875,176.5453643798828,0.0008019460365176201
180,451.717529296875,19.640350341796875,140.7725830078125,320.2658386230469,4.398301371111302e-06
180,495.79351806640625,88.86103820800781,71.8603515625,172.2551727294922,3.712546003953321e-06
180,528.8090209960938,33.3287353515625,111.69097900390625,328.12030029296875,1.5927822460071184e-05
180,556.7438354492188,132.80990600585938,52.197509765625,123.05770874023438,4.507398989517242e-05
180,519.0089111328125,98.7904052734375,54.1561279296875,134.907958984375,0.00010573644249234349
180,536.4683227539062,142.06716918945312,43.932373046875,105.82565307617188,4.241967326379381e-05
180,523.913818359375,141.0352325439453,40.0863037109375,95.58642578125,6.289957673288882e-05
180,408.50616455078125,143.8263397216797,34.39984130859375,80.37429809570312,1.40304855449358e-05
180,537.3346557617188,152.6936492919922,22.7598876953125,58.734283447265625,5.878849151486065e-06
180,530.628173828125,158.79681396484375,21.526123046875,57.890594482421875,7.238549187604804e-06
180,403.06488037109375,156.0233917236328,21.27496337890625,51.3924560546875,5.386291377362795e-06
180,590.3709106445312,56.73351287841797,50.12908935546875,244.66452026367188,6.29536361884675e-06
180,409.6077880859375,150.1339874267578,24.21478271484375,57.17523193359375,1.4085789189266507e-05
180,410.8285827636719,173.90614318847656,20.5396728515625,51.48193359375,9.057546776602976e-06
180,549.7510375976562,132.57904052734375,39.6519775390625,92.89617919921875,1.4451868082687724e-05
210,417.49163818359375,161.8899383544922,24.47894287109375,58.48858642578125,0.21811851859092712
210,468.7952575683594,57.15763854980469,91.15713500976562,220.64698791503906,0.09886272996664047
210,482.6011657714844,118.56947326660156,64.41598510742188,153.0104217529297,0.01855984702706337
210,453.5406494140625,5.5923004150390625,127.5986328125,319.1668701171875,0.0019267337629571557
210,411.9360656738281,166.3836212158203,22.00677490234375,51.15606689453125,0.00017253830446861684
210,410.5758972167969,142.1474609375,34.80078125,82.91403198242188,0.004545967094600201
210,387.4099426269531,158.86495971679688,21.39312744140625,50.711944580078125,0.0002315503661520779
210,423.90771484375,152.3995361328125,22.62188720703125,52.459197998046875,3.093431223533116e-05
210,424.4256286621094,169.79566955566406,22.3590087890625,54.364898681640625,5.1934232033090666e-05
210,459.7921447753906,91.02545166015625,70.27108764648438,171.46063232421875,1.196150424220832e-05
210,430.3011779785156,159.83648681640625,22.00537109375,52.318115234375,4.7841698687989265e-05
210,494.7928161621094,89.06132507324219,85.31271362304688,215.14064025878906,5.2719347877427936e-05
210,627.4269409179688,178.278076171875,13.07305908203125,51.2738037109375,4.282683221390471e-05
210,378.6145324707031,158.7134552001953,21.67071533203125,52.057769775390625,7.311059744097292e-05
210,497.5285339355469,139.82540893554688,43.295745849609375,105.41561889648438,1.3046834283159114e-05
210,507.8939514160156,129.453125,53.991363525390625,129.0419921875,3.025978548976127e-05
210,403.3896179199219,165.74169921875,20.93829345703125,50.871826171875,5.9200428950134665e-06
210,394.04638671875,161.54627990722656,21.57159423828125,51.32916259765625,1.9311311916681007e-05
210,510.1839599609375,47.805145263671875,95.213134765625,234.85650634765625,6.207199589880474e-07
210,493.67279052734375,90.5028076171875,54.6041259765625,133.35922241210938,1.886008794826921e-05
210,509.03070068359375,160.0662841796875,30.079833984375,75.09158325195312,1.2541903743112925e-05
210,361.3514404296875,114.33454895019531,126.89324951171875,278.62811279296875,9.048645551956724e-06
210,517.8646240234375,167.68963623046875,23.6138916015625,53.567169189453125,6.034375473973341e-06
210,627.2537231445312,155.8307342529297,13.24627685546875,52.02484130859375,7.925209501991048e-06
210,598.8561401367188,358.7206726074219,41.64385986328125,121.77932739257812,3.9056321838870645e-06
210,502.2530517578125,165.26614379882812,24.075439453125,58.21490478515625,2.0065812350367196e-05
210,485.1653747558594,132.7159423828125,39.044952392578125,93.85824584960938,5.223476819082862e-06
210,504.0193176269531,116.50747680664062,37.904266357421875,89.04098510742188,3.845914307021303e-06
210,618.7748413085938,147.21871948242188,21.72515869140625,97.08383178710938,9.252453310182318e-06
210,505.8175048828125,143.65084838867188,25.883056640625,65.46139526367188,2.0478568330872804e-05
210,617.5850219726562,170.8151092529297,21.5736083984375,51.457000732421875,1.1427715435274877e-05
210,519.2084350585938,147.38133239746094,37.806884765625,90.292236328125,3.0116591460682685e-06
210,371.5202941894531,156.20712280273438,21.49053955078125,51.809234619140625,1.6702491620890214e-06
210,496.2887268066406,159.2779083251953,22.828155517578125,59.28485107421875,7.261643077072222e-06
210,490.5567321777344,150.2445526123047,21.8424072265625,59.323944091796875,0.00013286304601933807
210,527.519775390625,163.15330505371094,23.781982421875,51.753265380859375,2.9717018605879275e-06
210,524.0193481445312,88.60823059082031,63.6204833984375,154.8270263671875,1.5444365999428555e-06
210,418.865234375,147.7235107421875,21.34490966796875,50.795806884765625,4.074707703694003e-06
210,482.76275634765625,150.92587280273438,21.77630615234375,57.78631591796875,5.292665264278185e-06
240,369.43341064453125,158.61395263671875,20.99169921875,50.860748291015625,0.0005627876962535083
240,418.8611145019531,133.19215393066406,36.76312255859375,89.67294311523438,0.00014866841956973076
240,375.45489501953125,155.47723388671875,20.95428466796875,51.084991455078125,1.3167918950784951e-06
240,386.186767578125,157.56021118164062,21.4112548828125,50.71038818359375,2.644683263497427e-06
240,392.221435546875,155.35372924804688,23.14703369140625,53.358978271484375,2.363045496167615e-06
240,402.5271301269531,154.43057250976562,25.74908447265625,57.933197021484375,4.908408664050512e-05
240,429.115478515625,152.23907470703125,24.16058349609375,57.322265625,3.618172922870144e-05
240,519.5409545898438,156.6287384033203,22.099609375,52.411468505859375,7.326082595682237e-06
240,410.720458984375,161.09658813476562,22.734619140625,52.795379638671875,0.0006072958349250257
240,413.9206848144531,151.23548889160156,28.3564453125,68.377197265625,0.9040800333023071
240,401.64129638671875,119.88502502441406,46.43878173828125,108.17156982421875,9.047489584190771e-06
240,423.51214599609375,158.8900146484375,23.07232666015625,54.984039306640625,0.0004075344477314502
240,511.3522033691406,161.6729736328125,25.043060302734375,56.737274169921875,3.682541318994481e-06
240,507.23583984375,139.42959594726562,42.3931884765625,102.38067626953125,2.1188481696299277e-05
240,627.2272338867188,164.06419372558594,13.27276611328125,52.17657470703125,6.049754574632971e-06
240,517.359130859375,165.6072540283203,27.5020751953125,63.965087890625,8.228644583141431e-05
240,527.4327392578125,168.7266845703125,21.7178955078125,51.3701171875,1.9736271497095004e-06
240,602.066162109375,171.87989807128906,21.8370361328125,52.9913330078125,3.6886783618683694e-06
240,488.63751220703125,135.57815551757812,48.5760498046875,116.45455932617188,0.06880895048379898
240,469.7293395996094,94.03118133544922,77.02108764648438,192.72296142578125,3.8866008253535256e-05
240,608.6672973632812,174.5714874267578,22.9384765625,54.76287841796875,3.4453564694558736e-06
240,617.2327880859375,178.13778686523438,20.565185546875,50.839324951171875,2.498645153536927e-05
240,470.84783935546875,121.62262725830078,53.53594970703125,129.66986083984375,6.353154731186805e-06
240,507.77227783203125,169.87527465820312,30.7420654296875,73.73095703125,0.0001593122724443674
240,627.709228515625,183.7924346923828,12.790771484375,51.56317138671875,1.6525809769518673e-05
240,503.57562255859375,185.40884399414062,26.450439453125,64.02450561523438,1.6174557458725758e-05
240,515.542724609375,185.89242553710938,28.418701171875,64.90042114257812,3.2034800824476406e-05
240,609.8924560546875,401.68463134765625,30.6075439453125,78.81536865234375,3.6224009818397462e-06
240,599.8394775390625,360.4803466796875,40.6605224609375,120.0196533203125,3.993023710791022e-06
270,427.6273193359375,7.7126007080078125,131.6776123046875,308.033935546875,0.0003403181617613882
270,369.29998779296875,138.53024291992188,23.070556640625,57.11419677734375,0.0007601500255987048
270,443.20623779296875,56.20556640625,91.65631103515625,219.30194091796875,0.0015869138296693563
270,371.0400695800781,139.95657348632812,32.37445068359375,75.26419067382812,0.15737539529800415
270,394.0357666015625,119.79072570800781,44.5257568359375,105.84414672851562,5.7722227211343125e-06
270,413.9068908691406,142.20480346679688,25.6934814453125,60.3134765625,0.0005549184279516339
270,442.66827392578125,141.51953125,20.22454833984375,51.552398681640625,6.188390216266271e-06
270,477.8963317871094,133.59146118164062,30.3472900390625,76.55853271484375,3.3169882954098284e-05
270,505.3277587890625,142.24295043945312,22.1112060546875,50.7603759765625,1.2572416380862705e-05
270,474.3387145996094,87.08818817138672,67.55374145507812,159.30557250976562,0.0009852148359641433
270,474.10028076171875,55.69696807861328,93.6396484375,233.55328369140625,2.8332772217254387e-06
270,381.8728332519531,145.990234375,25.4320068359375,59.88006591796875,0.002769199199974537
270,393.0418395996094,146.79476928710938,26.328369140625,60.12255859375,0.006626821123063564
270,421.8687744140625,145.02734375,25.16241455078125,60.245513916015625,0.00018666789401322603
270,414.5411682128906,128.47808837890625,35.99468994140625,85.25204467773438,5.997903372190194e-06
270,433.2906188964844,144.40194702148438,20.5,50.79901123046875,7.822568477422465e-06
270,447.1320495605469,138.7313232421875,28.88201904296875,66.05279541015625,3.321662916278001e-06
270,458.7068176269531,145.8373260498047,22.43365478515625,58.63336181640625,3.279481234130799e-06
270,453.1373596191406,124.69718933105469,39.96612548828125,96.96640014648438,4.5392498577712104e-05
270,465.9909973144531,144.73294067382812,22.7718505859375,61.120574951171875,1.552761568746064e-05
270,123.98621368408203,160.58299255371094,21.951194763183594,51.293243408203125,3.127641775790835e-06
270,376.5973205566406,154.041015625,21.84698486328125,52.1318359375,0.10126359015703201
270,402.2026672363281,153.5055694580078,22.07464599609375,52.767974853515625,0.004108784254640341
270,406.0492858886719,148.16122436523438,26.86273193359375,64.223388671875,0.010741224512457848
270,429.66827392578125,137.18113708496094,30.818603515625,72.50991821289062,3.4145747918046254e-07
270,483.380126953125,130.38424682617188,41.0869140625,96.45782470703125,1.2327107469900511e-05
270,425.80316162109375,91.62632751464844,95.1171875,245.3491973876953,6.895596015965566e-06
270,471.32025146484375,155.6342315673828,25.31146240234375,63.34423828125,2.331572977709584e-05
270,463.0142517089844,127.70266723632812,44.50238037109375,106.0555419921875,0.0005461900145746768
270,416.5802917480469,163.78662109375,21.09991455078125,50.535186767578125,3.134979124297388e-05
270,454.9031677246094,95.78980255126953,63.493011474609375,153.97988891601562,0.7911414504051208
270,627.5753173828125,167.81398010253906,12.9246826171875,58.370330810546875,5.4741867643315345e-06
270,128.81246948242188,169.91380310058594,21.920684814453125,51.4276123046875,1.1861201528517995e-05
270,456.78668212890625,151.73831176757812,42.22222900390625,97.31082153320312,1.541602614452131e-05
270,600.5327758789062,357.2336120605469,39.96722412109375,123.26638793945312,6.303269401541911e-06
300,455.82025146484375,88.6423110961914,62.2130126953125,148.22332763671875,0.004348269663751125
300,421.5416564941406,43.17022705078125,115.40835571289062,270.8292236328125,2.116630639648065e-05
300,431.4919738769531,55.34608459472656,78.137939453125,195.22360229492188,0.0039779129438102245
300,471.49951171875,125.1445083618164,38.2569580078125,92.69185638427734,2.8727095013891812e-06
300,379.0107727050781,154.0115203857422,21.1402587890625,50.597564697265625,8.074503421084955e-05
300,410.16693115234375,151.28305053710938,21.05230712890625,50.84991455078125,4.65598077425966e-06
300,431.60699462890625,136.9094696044922,28.64105224609375,64.03628540039062,3.1825895803194726e-06
300,438.185791015625,126.77100372314453,39.182861328125,91.6678695678711,8.637171413283795e-05
300,415.8894348144531,154.12515258789062,23.354736328125,55.560943603515625,2.0447912902454846e-05
300,425.8970031738281,151.5412139892578,20.7255859375,51.68060302734375,6.21009940005024e-06
300,451.3359069824219,137.69375610351562,33.10809326171875,80.4141845703125,9.741678695718292e-06
300,609.129638671875,152.4217529296875,23.403564453125,54.2301025390625,1.3066220162727404e-05
300,627.7147827148438,154.78329467773438,12.78521728515625,51.677978515625,4.0720969991525635e-06
300,0.42817020416259766,167.51683044433594,22.197811126708984,52.7352294921875,8.618042556918226e-06
300,41.110923767089844,167.08111572265625,21.797042846679688,51.62420654296875,0.00020873993344139308
300,444.42596435546875,119.02251434326172,47.96990966796875,116.4646987915039,0.16367799043655396
300,459.3269958496094,133.89686584472656,40.35577392578125,94.18634033203125,0.00024081200535874814
300,0.0,176.7505340576172,15.859346389770508,52.94537353515625,2.8582464437931776e-05
330,540.3165283203125,44.28773498535156,100.1834716796875,269.35272216796875,0.3328837752342224
330,561.5382080078125,116.5711669921875,73.359619140625,177.4954833984375,0.0308263897895813
330,441.81048583984375,171.02566528320312,22.25390625,52.58575439453125,0.001018401118926704
330,446.7906188964844,162.40829467773438,23.71881103515625,55.84613037109375,0.0004321174928918481
330,32.72549819946289,164.85357666015625,22.394027709960938,53.991546630859375,0.0019250948680564761
330,579.8834228515625,23.49193572998047,60.6165771484375,246.2901611328125,4.056272882735357e-05
330,454.35479736328125,157.07711791992188,24.63983154296875,57.6885986328125,4.0958464524010196e-05
330,433.0483703613281,162.9349365234375,26.545166015625,62.44451904296875,2.4871196728781797e-05
330,585.552001953125,124.66905975341797,54.947998046875,229.2923583984375,4.0099472244037315e-05
330,551.5974731445312,150.7323455810547,61.9195556640625,154.38539123535156,3.6368848668644205e-05
330,464.23175048828125,150.38531494140625,23.95599365234375,55.47686767578125,1.1410117622290272e-05
330,471.8945617675781,149.565185546875,23.0157470703125,53.237457275390625,2.5259432732127607e-05
330,601.6151123046875,155.46728515625,38.8848876953125,155.06857299804688,1.8130647731595673e-05
330,537.5509033203125,96.07920837402344,74.5423583984375,182.2742462158203,0.00010299167479388416
330,490.9940490722656,52.96199035644531,137.85964965820312,326.2568359375,9.936951755662449e-06
330,601.0675659179688,39.72405242919922,39.43243408203125,162.55322265625,1.8284719772054814e-05
330,448.0512390136719,182.69363403320312,20.755126953125,50.706817626953125,9.358235547551885e-05
360,483.9112548828125,98.86676025390625,74.0250244140625,172.77301025390625,0.09299352765083313
360,440.31475830078125,158.87246704101562,22.1728515625,52.769622802734375,0.005079164169728756
360,465.13299560546875,28.211105346679688,112.5673828125,276.6832275390625,0.0010799814481288195
360,448.32989501953125,159.25881958007812,22.8067626953125,53.222808837890625,0.0005668813828378916
360,481.9858093261719,119.05082702636719,95.54916381835938,235.3546905517578,0.00020647168275900185
360,449.1021423339844,0.0,97.20986938476562,220.83883666992188,0.0017044409178197384
360,455.6727600097656,155.2460479736328,23.691650390625,58.262542724609375,0.0001438252947991714
360,514.1898193359375,111.93836212158203,62.9078369140625,154.80947875976562,0.0006977358134463429
360,480.1888122558594,107.4725112915039,53.181060791015625,127.61418914794922,0.0002496220695320517
360,499.49505615234375,140.36502075195312,45.789306640625,111.94052124023438,8.212502871174365e-05
360,478.6647033691406,150.48538208007812,69.11221313476562,167.268310546875,2.0611290892702527e-05
360,463.4143371582031,16.55298614501953,66.29006958007812,157.06863403320312,3.3588847145438194e-05
360,504.884033203125,83.51812744140625,93.6427001953125,223.53424072265625,1.7917920558829792e-05
360,493.1025695800781,83.0443115234375,55.631134033203125,137.68511962890625,0.0011798316845670342
360,465.1492919921875,155.6552276611328,20.71966552734375,50.571807861328125,2.4770572508714395e-06
360,517.2161254882812,130.26614379882812,39.8123779296875,96.948974609375,1.1287020242889412e-05
360,433.5854797363281,148.77886962890625,21.86175537109375,52.198486328125,5.610344487649854e-06
360,425.093994140625,0.0,95.79571533203125,155.11363220214844,8.617730600235518e-06
360,0.0,178.87237548828125,15.09433364868164,52.9200439453125,3.6739329516422004e-06
360,599.672607421875,361.1566162109375,40.827392578125,119.3433837890625,2.8027776352246292e-05
360,534.685546875,142.2562713623047,27.4752197265625,69.3575439453125,2.8138331344962353e-06
360,436.01763916015625,140.62339782714844,32.51318359375,79.25341796875,9.051735105458647e-06
360,469.5932922363281,0.0,97.64077758789062,151.97286987304688,5.772437361883931e-06
360,526.5122680664062,145.88465881347656,23.53466796875,54.563751220703125,6.4334767557738815e-06
360,611.3355712890625,407.37939453125,29.1644287109375,73.12060546875,4.833536422665929e-06
360,523.2239379882812,152.085205078125,40.7593994140625,94.71893310546875,5.531667738978285e-06
390,596.0435180664062,0.0,44.45648193359375,127.2854995727539,1.7920540358318249e-06
390,602.8431396484375,357.9825134277344,37.6568603515625,122.51748657226562,7.522399300796678e-06
420,415.3992614746094,141.2196502685547,23.16778564453125,54.583160400390625,0.00010754956747405231
420,422.0344543457031,144.1020050048828,23.83984375,56.427734375,7.367939360847231e-06
420,410.35260009765625,151.1181640625,21.313720703125,52.2667236328125,4.070971044711769e-06
420,0.0,176.97720336914062,20.83580780029297,51.33941650390625,5.4107225878397e-05
420,601.3846435546875,359.2500915527344,39.1153564453125,121.24990844726562,2.5491201540717157e-06
450,416.91253662109375,145.05194091796875,21.38824462890625,50.99462890625,9.108580707106739e-05
450,424.42034912109375,146.0950469970703,21.92572021484375,52.89935302734375,5.9586858697002754e-05
450,430.84423828125,148.78041076660156,22.5850830078125,52.513641357421875,4.788682872458594e-06
450,0.0,184.72634887695312,15.201412200927734,53.174468994140625,2.9281311526574427e-06
450,627.5877685546875,185.9319305419922,12.9122314453125,51.101287841796875,5.611794676951831e-06
450,610.2496337890625,403.1395263671875,30.2503662109375,77.3604736328125,5.481829703057883e-06
450,601.68359375,359.480712890625,38.81640625,121.019287109375,8.68603092385456e-06
450,580.9932250976562,318.67584228515625,59.50677490234375,161.82415771484375,4.307324161345605e-06
480,424.1539001464844,155.6971893310547,22.03863525390625,50.99664306640625,1.4784705854253843e-05
480,428.38006591796875,151.85305786132812,26.24395751953125,60.61962890625,2.0230245354468934e-05
480,407.8212890625,154.879150390625,27.43804931640625,63.969329833984375,1.5076937415869907e-05
480,414.726318359375,146.2035369873047,29.79998779296875,72.97512817382812,0.00014999450650066137
510,627.617919921875,168.13417053222656,12.882080078125,57.31787109375,2.164399347748258e-06
510,429.8914489746094,167.94842529296875,26.510986328125,60.37554931640625,5.667746336257551e-06
510,420.5015563964844,163.84991455078125,31.55010986328125,77.37142944335938,7.9127194112516e-06
510,610.288818359375,401.62939453125,30.211181640625,78.87060546875,2.163000317523256e-06
510,600.1257934570312,358.6354675292969,40.37420654296875,121.86453247070312,8.532435458619148e-06
540,272.9736328125,176.0953369140625,21.37176513671875,51.12359619140625,1.052026800607564e-05
540,276.9158630371094,168.55311584472656,30.15814208984375,70.78475952148438,1.1987149264314212e-06
540,288.87860107421875,176.7979736328125,21.1995849609375,50.860076904296875,6.498651055153459e-05
540,281.359375,177.93414306640625,21.14666748046875,50.978851318359375,1.1534336408658419e-05
540,293.5765380859375,181.00767517089844,24.27728271484375,56.12109375,1.2991135918127839e-05
540,601.504638671875,363.78717041015625,38.995361328125,116.71282958984375,3.900990577676566e-06
600,560.385009765625,181.59552001953125,21.98486328125,50.793304443359375,0.013926349580287933
600,579.6393432617188,182.5100860595703,23.12548828125,55.413787841796875,0.0025583873502910137
600,590.6500244140625,184.8367919921875,20.8935546875,51.30718994140625,4.953641109750606e-06
600,555.1992797851562,186.86175537109375,21.8731689453125,53.176727294921875,1.6863548808032647e-05
600,554.93994140625,173.60031127929688,34.88037109375,86.4425048828125,2.6441575755598024e-05
600,567.8314819335938,183.02096557617188,26.43408203125,62.902740478515625,8.693262498127297e-05
600,586.28125,181.09446716308594,31.052978515625,72.06851196289062,2.701341873034835e-05
600,569.959228515625,178.80184936523438,37.6724853515625,91.06884765625,2.4420205591013655e-05
600,610.4445190429688,204.53868103027344,20.933837890625,51.92108154296875,1.5580420949845575e-05
600,606.3825073242188,197.1092987060547,30.439453125,71.39601135253906,3.985537205153378e-06
600,615.8250732421875,210.8728790283203,23.3463134765625,54.20466613769531,3.856665352941491e-05
600,626.4185180664062,210.37730407714844,14.08148193359375,50.90467834472656,5.097631401440594e-06
630,125.75004577636719,187.6800537109375,21.1907958984375,51.255889892578125,0.00015703908866271377
630,323.152099609375,192.1812744140625,22.37152099609375,53.2681884765625,0.0023087942972779274
630,337.2568664550781,191.96157836914062,21.991943359375,52.99188232421875,9.275434422306716e-05
630,320.7163391113281,179.91551208496094,43.44500732421875,103.76777648925781,2.521125497878529e-05
630,627.5831909179688,188.84909057617188,12.91680908203125,50.7786865234375,1.7979017457037116e-06
630,132.76043701171875,186.98428344726562,26.240264892578125,63.208587646484375,0.6094812154769897
630,140.893310546875,188.60635375976562,24.94140625,56.18780517578125,0.0005378825007937849
630,158.95460510253906,189.423583984375,25.39105224609375,58.43463134765625,0.00014811698929406703
630,304.6737060546875,192.11233520507812,26.0206298828125,62.83203125,7.078076009747747e-07
630,314.1303405761719,193.3374481201172,29.35821533203125,68.88392639160156,0.0003662937961053103
630,617.6397094726562,194.91346740722656,21.1632080078125,51.22210693359375,1.2301928109081928e-05
630,148.7775421142578,187.936767578125,30.7672119140625,75.79214477539062,3.190683855791576e-05
630,166.8968048095703,196.27392578125,22.681182861328125,53.965728759765625,9.102089393309143e-07
630,324.19342041015625,195.3729248046875,30.30474853515625,72.55157470703125,0.9999960660934448
630,346.61846923828125,198.09278869628906,26.9967041015625,63.34754943847656,0.00012996736040804535
630,359.4436950683594,201.3231201171875,21.24993896484375,51.9190673828125,2.9085631467751227e-06
630,159.56353759765625,190.6942596435547,34.49951171875,81.88331604003906,7.378177542705089e-06
630,336.9644775390625,196.95394897460938,29.79180908203125,70.71511840820312,0.03028574213385582
630,353.3238525390625,192.76611328125,31.69171142578125,75.35208129882812,8.054259410528175e-07
630,625.6570434570312,207.26341247558594,14.84295654296875,60.73890686035156,6.492479769804049e-06
630,618.0977172851562,181.1196746826172,22.40228271484375,98.63117980957031,3.341103138154722e-06
630,130.65658569335938,191.70584106445312,34.8153076171875,85.13632202148438,0.0030014964286237955
630,138.90423583984375,185.4880828857422,50.56964111328125,117.90290832519531,1.7254426438739756e-06
630,121.17247009277344,175.11770629882812,51.344482421875,117.858154296875,2.5598154024919495e-05
660,627.9802856445312,107.31755828857422,12.51971435546875,50.634727478027344,4.562228423310444e-05
660,48.35990905761719,183.4732666015625,27.468734741210938,67.52886962890625,2.6888790671364404e-05
660,59.114349365234375,186.32305908203125,20.477096557617188,51.328460693359375,0.015033666044473648
660,32.44377136230469,189.99952697753906,26.357391357421875,61.597991943359375,8.704763786226977e-06
660,41.40752410888672,193.96925354003906,23.646827697753906,58.147674560546875,1.833278474805411e-05
660,55.33755111694336,192.08697509765625,29.994403839111328,69.93673706054688,0.06656849384307861
660,76.73079681396484,193.09512329101562,24.757217407226562,58.645050048828125,2.8277352612349205e-05
660,64.3578109741211,197.7066650390625,23.684600830078125,53.802764892578125,0.005890018306672573
660,68.3360595703125,191.32403564453125,35.42692565917969,85.012939453125,8.449017332168296e-05
660,72.3318099975586,203.44065856933594,21.865707397460938,52.2525634765625,0.003958716988563538
660,39.26466369628906,184.4980010986328,39.70042419433594,101.11799621582031,5.979530396871269e-05
660,53.85712432861328,188.26950073242188,41.936737060546875,101.16006469726562,0.9998213648796082
660,32.46610641479492,157.3535919189453,80.893798828125,187.05784606933594,1.1576708857319318e-05
660,63.940330505371094,231.5871124267578,24.930389404296875,61.52046203613281,1.5080627235875e-06
660,63.588157653808594,213.0248565673828,36.66038513183594,86.34745788574219,0.00016523867088835686
690,87.89102935791016,194.93621826171875,24.534454345703125,57.753814697265625,2.360384132771287e-05
720,431.7017822265625,169.50811767578125,21.54931640625,51.99395751953125,1.6523477825103328e-05
720,418.53082275390625,172.62828063964844,21.415771484375,50.538116455078125,1.3487812111634412e-06
720,425.0377197265625,173.29981994628906,21.9727783203125,51.735931396484375,3.337412272230722e-05
720,0.0,204.6098175048828,18.272356033325195,63.02183532714844,6.431353540392593e-05
720,0.0,173.01718139648438,29.47689437866211,123.50741577148438,1.1575947610253934e-05
720,4.493771553039551,208.7938232421875,26.655597686767578,63.464569091796875,9.012100781546906e-05
720,0.0,155.19944763183594,41.10619354248047,217.9236602783203,5.452111508930102e-06
720,0.0,184.0428924560547,66.99929809570312,283.845703125,2.5027138690347783e-06
720,0.0,220.09104919433594,24.523929595947266,61.89192199707031,0.8086983561515808
720,10.66151237487793,218.9041748046875,27.015283584594727,62.971588134765625,1.2900456567876972e-05
720,591.5790405273438,157.20115661621094,48.92095947265625,238.07301330566406,6.154325546958717e-06
720,0.0,236.48744201660156,15.821357727050781,57.44395446777344,1.2039302418997977e-05
750,138.61871337890625,163.02394104003906,22.21356201171875,52.650787353515625,0.016051169484853745
750,161.23974609375,167.95648193359375,21.583770751953125,51.10614013671875,2.050667353614699e-05
750,98.51925659179688,176.6684112548828,21.31085205078125,50.769287109375,1.2966888789378572e-05
750,131.7087860107422,166.3194580078125,21.542938232421875,51.0380859375,0.0002563796588219702
750,132.96868896484375,149.83331298828125,33.546356201171875,78.60494995117188,1.7735474102664739e-06
750,151.85861206054688,165.52310180664062,22.36651611328125,54.14166259765625,0.0001163703273050487
750,186.18092346191406,177.8238067626953,21.017578125,50.823211669921875,5.435840648715384e-06
750,0.0,186.52430725097656,13.25987434387207,51.507537841796875,1.7803462242227397e-06
750,47.6879997253418,189.4860382080078,22.62704849243164,53.59954833984375,1.7489725223640562e-06
750,144.5704803466797,173.5013885498047,21.62896728515625,51.19012451171875,6.497750291600823e-06
750,8.810851097106934,189.9053955078125,24.041065216064453,57.82781982421875,2.645906761244987e-06
750,17.64218521118164,192.16590881347656,21.321800231933594,50.564208984375,2.99689872917952e-05
750,23.40416717529297,191.78555297851562,23.851417541503906,56.287078857421875,1.3909158951719292e-05
750,32.35935974121094,193.11080932617188,22.83355712890625,53.743133544921875,6.115064024925232e-06
750,40.17311096191406,191.80996704101562,23.145851135253906,54.173095703125,6.2346844060812145e-06
750,55.426605224609375,191.63778686523438,23.159896850585938,54.6500244140625,2.647777137099183e-06
750,600.885986328125,364.58270263671875,39.614013671875,115.91729736328125,3.7940419588267105e-06
780,115.23686218261719,156.252685546875,21.96966552734375,51.504852294921875,0.005071305204182863
780,107.02214813232422,160.1640167236328,25.465919494628906,59.4100341796875,1.5934461771394126e-05
780,119.20262145996094,159.59494018554688,25.39312744140625,60.08270263671875,0.09872766584157944
780,69.83448791503906,172.93801879882812,27.899032592773438,65.9661865234375,3.722710516740335e-06
780,97.6970443725586,167.17791748046875,21.066864013671875,52.841552734375,4.69227461508126e-06
780,136.4334716796875,168.8951873779297,21.812652587890625,53.610382080078125,1.4703660781378858e-05
780,147.4600372314453,178.1608428955078,21.57440185546875,51.83306884765625,0.00035452519659884274
780,153.6562957763672,181.9500274658203,21.89312744140625,51.852020263671875,0.15602748095989227
780,79.90060424804688,181.1239471435547,21.424102783203125,51.962005615234375,8.461845573037863e-05
780,86.58670806884766,176.57937622070312,23.519638061523438,55.635528564453125,1.2112775948480703e-05
780,128.92333984375,169.08985900878906,21.681365966796875,50.6778564453125,0.00014254299458116293
780,113.34732055664062,173.0634002685547,23.49542236328125,57.76397705078125,5.696014795830706e-06
780,110.25587463378906,150.28326416015625,36.11555480957031,87.66204833984375,4.395781161292689e-06
780,144.4571990966797,164.10304260253906,36.505859375,83.52505493164062,2.272007577630575e-06
780,86.79720306396484,123.88604736328125,136.97415161132812,288.0599365234375,8.257156878244132e-06
780,165.39210510253906,180.16046142578125,21.3489990234375,51.889923095703125,4.501431703829439e-06
810,88.19229888916016,152.56692504882812,30.000518798828125,72.1241455078125,0.002331401687115431
810,81.26930236816406,158.01429748535156,27.178634643554688,64.61245727539062,1.3004697393625975e-05
810,105.720703125,164.38905334472656,27.317520141601562,64.39187622070312,0.0037136636674404144
810,96.0457534790039,160.21038818359375,29.972625732421875,71.70159912109375,0.978394091129303
810,119.48963165283203,170.89907836914062,20.66796112060547,50.90814208984375,5.504781256604474e-06
810,84.47178649902344,143.4588165283203,44.20198059082031,99.11184692382812,0.0001928185811266303
810,49.83042907714844,147.91159057617188,119.47279357910156,267.82086181640625,2.7555668111745035e-06
810,89.88777160644531,179.8253936767578,22.721847534179688,55.44708251953125,3.417735797484056e-06
810,104.648681640625,182.6275634765625,21.433990478515625,50.841888427734375,0.0006387252942658961
840,106.67776489257812,123.77985382080078,39.306396484375,96.50411224365234,3.3578571674297564e-06
840,20.339824676513672,140.83505249023438,44.47795486450195,105.64971923828125,1.5572994698231923e-06
840,39.9785041809082,152.04383850097656,22.809242248535156,53.490570068359375,1.5967617628120934e-06
840,90.70625305175781,149.1455078125,21.121170043945312,51.443267822265625,1.128170515585225e-05
840,88.33024597167969,140.97061157226562,30.733901977539062,71.22073364257812,6.686035476377583e-07
840,99.20968627929688,150.58396911621094,22.202117919921875,51.0738525390625,4.103497849428095e-05
840,0.0,161.64028930664062,16.525943756103516,54.721649169921875,2.093320836138446e-05
840,102.57518005371094,148.05413818359375,27.236648559570312,64.65890502929688,0.02537740208208561
840,113.9281234741211,148.32199096679688,27.39691925048828,65.22488403320312,0.0003029318177141249
840,6.105365753173828,164.8033447265625,24.91765594482422,59.872711181640625,0.00017550625489093363
840,15.896601676940918,162.53506469726562,27.839305877685547,65.779296875,6.540717004099861e-05
840,30.094554901123047,155.05035400390625,30.075103759765625,71.991943359375,0.9999951124191284
840,123.31302642822266,148.9829559326172,26.199501037597656,62.094451904296875,1.2723761528832256e-06
840,40.33896255493164,158.04782104492188,28.66427993774414,69.23733520507812,0.0008668994996696711
840,0.0,141.71044921875,27.40346908569336,104.45724487304688,2.111701360263396e-05
840,0.0,111.72274017333984,34.81856918334961,230.26589965820312,1.074677402357338e-05
840,0.0,129.314208984375,53.71055603027344,284.75457763671875,6.315146947599715e-06
840,0.0,172.0692901611328,22.656082153320312,58.256927490234375,0.8751102089881897
840,26.676565170288086,166.30128479003906,24.0140323638916,55.507537841796875,0.0009016198455356061
840,97.68968200683594,165.14527893066406,22.431427001953125,55.67254638671875,3.216575350961648e-06
840,228.5030059814453,169.96017456054688,21.387664794921875,51.07684326171875,2.799475851134048e-06
840,0.0,185.1585693359375,17.400585174560547,62.7608642578125,4.1370471990376245e-06
870,59.00857162475586,134.28173828125,33.1511116027832,82.02743530273438,2.7712289920600597e-06
870,79.12621307373047,156.86923217773438,26.09442138671875,60.9967041015625,4.090944457857404e-06
870,627.8442993164062,163.31036376953125,12.65570068359375,50.64385986328125,7.854713658161927e-06
870,0.0,171.22496032714844,12.665755271911621,51.298065185546875,5.0872772590082604e-06
870,0.0,159.32948303222656,16.79368782043457,76.69491577148438,5.398968369263457e-06
870,56.8551025390625,158.78683471679688,22.673095703125,55.66937255859375,1.4695656318508554e-05
870,63.82530212402344,161.01611328125,22.65142822265625,55.507293701171875,1.3671885426447261e-05
870,87.83153533935547,167.74777221679688,23.181015014648438,54.64068603515625,5.403934210335137e-06
870,601.029052734375,358.158203125,39.470947265625,122.341796875,2.4369942366320174e-06
930,39.978294372558594,189.82957458496094,22.510841369628906,53.451446533203125,1.2887360753666144e-05
930,627.817138671875,186.33827209472656,12.682861328125,51.83770751953125,2.283759840793209e-06
930,602.3953247070312,359.57818603515625,38.10467529296875,120.92181396484375,2.0876691451121587e-06
960,0.0,185.389892578125,15.153009414672852,58.665863037109375,5.9049148148915265e-06
960,1.5467195510864258,203.4927215576172,22.927886962890625,54.34031677246094,8.10420260677347e-06
960,628.0210571289062,202.4312744140625,12.47894287109375,51.37091064453125,2.1159978587093065e-06
960,0.0,207.4095458984375,15.316408157348633,55.069854736328125,5.177502316655591e-06
960,7.704347610473633,212.06837463378906,21.858497619628906,52.13487243652344,3.476287383818999e-05
990,113.52903747558594,181.2453155517578,23.097244262695312,53.44537353515625,8.980507118394598e-06
990,438.4703369140625,184.85472106933594,21.58245849609375,50.732147216796875,0.00033188555971719325
990,627.7915649414062,224.32064819335938,12.70843505859375,51.2119140625,9.340099495602772e-06
1050,1.3282356262207031,100.5196533203125,92.17790222167969,237.93283081054688,2.859087544493377e-06
1050,627.5848999023438,211.4542694091797,12.91510009765625,50.69136047363281,6.385298547684215e-06
1080,464.02020263671875,183.62469482421875,20.98004150390625,50.56488037109375,9.3813587227487e-06
1110,497.1394348144531,160.3158721923828,23.094146728515625,54.471160888671875,5.2612373110605404e-05
1110,496.24578857421875,153.72061157226562,33.0997314453125,75.98583984375,0.006393250077962875
1110,508.8587646484375,154.04830932617188,26.693115234375,63.01483154296875,2.2037120288587175e-05
1110,627.3805541992188,190.94485473632812,13.11944580078125,57.496002197265625,9.807435162656475e-06
1170,607.9888916015625,138.55313110351562,24.07958984375,56.1937255859375,7.3169494498870336e-06
1170,627.4135131835938,139.66392517089844,13.08648681640625,51.908721923828125,3.2291829938912997e-06
1200,627.6986694335938,159.8051300048828,12.80133056640625,56.825408935546875,2.3691020487603964e-06
1200,0.0,169.95242309570312,16.175987243652344,54.96685791015625,5.044636964157689e-06
1230,627.5233154296875,169.48924255371094,12.9766845703125,53.18927001953125,3.318202288937755e-06
1260,138.17129516601562,159.11654663085938,20.926544189453125,52.6793212890625,6.088400823500706e-06
1290,0.0,176.13307189941406,15.386463165283203,56.48480224609375,4.674939191318117e-06
1320,115.0016860961914,187.63470458984375,20.825157165527344,50.580718994140625,2.1011433091189247e-06
1410,446.9559631347656,184.75486755371094,23.03277587890625,54.38580322265625,5.286415216687601e-06
1410,18.104909896850586,205.02304077148438,23.286218643188477,54.59686279296875,2.61930199485505e-06
1410,25.808547973632812,211.7250518798828,21.85223388671875,51.67497253417969,0.0015431524952873588
1440,456.94036865234375,196.47816467285156,21.90374755859375,51.62103271484375,8.550584425393026e-06
1500,561.1768188476562,152.26593017578125,22.9842529296875,54.90447998046875,8.745078048377763e-06
1500,568.7672119140625,151.85415649414062,21.964599609375,51.041290283203125,8.682884072186425e-06
1500,538.7575073242188,171.02877807617188,21.4781494140625,51.239898681640625,6.145240604382707e-06
1500,525.8616943359375,152.740966796875,44.37744140625,105.36602783203125,4.635568257072009e-05
1500,545.2223510742188,168.00393676757812,29.880615234375,67.08926391601562,7.462834219040815e-06
1500,537.4703979492188,178.02105712890625,27.6627197265625,65.87789916992188,0.9999145269393921
1500,530.0943603515625,183.11351013183594,27.068603515625,65.458984375,3.066538556595333e-05
1530,506.0036926269531,181.90420532226562,22.151580810546875,52.282745361328125,1.3361260471356218e-06
1530,522.85888671875,180.77297973632812,21.3326416015625,50.619415283203125,1.5573719792882912e-05
1530,197.1621856689453,192.28488159179688,21.878509521484375,51.79638671875,7.446945346600842e-06
1530,207.0062255859375,191.2750701904297,21.925018310546875,51.222198486328125,2.4155403934855713e-06
1560,591.2738037109375,140.79922485351562,43.3714599609375,103.46820068359375,0.02686576545238495
1560,607.1023559570312,111.53101348876953,33.39764404296875,139.84014892578125,6.704262341372669e-05
1560,578.1033935546875,165.07118225097656,20.6383056640625,52.486114501953125,0.00015006402099970728
1560,583.05615234375,159.9715576171875,29.1387939453125,69.13995361328125,8.38509095046902e-06
1560,598.3218383789062,163.8186492919922,28.544189453125,68.71786499023438,0.0002552932419348508
1560,619.8499145507812,156.8018341064453,20.65008544921875,87.22930908203125,5.598231655312702e-05
1560,432.7943420410156,181.59814453125,23.34832763671875,56.232757568359375,7.909180567367002e-06
1560,441.027099609375,182.3085174560547,21.009765625,51.0948486328125,4.007867391919717e-05
1560,579.7257080078125,150.10482788085938,39.4564208984375,101.75381469726562,5.898521521885414e-06
1560,33.47560119628906,192.2114715576172,21.243698120117188,50.915924072265625,6.089720727686654e-07
1560,40.67845916748047,191.74728393554688,22.183433532714844,52.050994873046875,3.4818988297047326e-06
1560,56.10205841064453,192.85684204101562,22.884719848632812,55.511505126953125,2.9203201847849414e-06
1560,64.64888763427734,193.13206481933594,23.170196533203125,54.611358642578125,4.168020041106502e-06
1560,72.40289306640625,191.16616821289062,23.6412353515625,55.32421875,1.41646842166665e-06
1560,592.274658203125,100.96411895751953,48.225341796875,223.07052612304688,6.72382811899297e-05
1560,46.24953079223633,196.7465362548828,24.683040618896484,58.82293701171875,2.7887849682883825e-06
1560,599.555908203125,167.1041259765625,39.021728515625,93.869873046875,2.781000603135908e-06
1560,569.4381713867188,143.66558837890625,58.0423583984375,140.93109130859375,6.080723778723041e-06
1560,565.8438720703125,58.400634765625,74.6561279296875,299.90789794921875,5.512834832188673e-06
1590,443.34844970703125,164.38673400878906,22.162353515625,53.111602783203125,1.8694021491683088e-05
1590,627.8175659179688,169.0257110595703,12.68243408203125,50.60784912109375,3.4214601782878162e-06
1590,0.0,177.73248291015625,15.603120803833008,54.7791748046875,5.876629529666388e-06
1590,7.172022819519043,184.3572540283203,23.948223114013672,55.404022216796875,8.695247743162327e-06
1590,448.7403259277344,179.1958465576172,21.875,52.7276611328125,0.0003136242157779634
1590,455.4090881347656,179.6148681640625,22.53326416015625,54.355621337890625,4.076184723089682e-06
1590,0.31609630584716797,188.1488494873047,24.667003631591797,58.233673095703125,2.836659405147657e-06
1590,15.622517585754395,190.68881225585938,21.44709014892578,51.434051513671875,4.641466148314066e-06
1590,441.8121032714844,183.42901611328125,25.00177001953125,60.082611083984375,7.297328465938335e-07
1620,459.5807800292969,153.38255310058594,23.44134521484375,55.718658447265625,7.956970762279525e-07
1620,466.0696105957031,163.3671875,21.68621826171875,51.3643798828125,0.9999462366104126
1620,449.3605041503906,121.60736083984375,53.679443359375,116.55902099609375,2.973249820570345e-06
1620,400.49639892578125,83.98480224609375,137.8641357421875,295.30511474609375,7.236133114929544e-06
1620,479.02093505859375,162.15626525878906,21.0281982421875,50.824005126953125,1.0059502528747544e-05
1620,458.3218078613281,150.18081665039062,35.04327392578125,81.23928833007812,2.4827047582220985e-06
1620,542.4766845703125,161.83058166503906,95.3907470703125,238.38035583496094,7.355179718615545e-07
1650,137.13604736328125,157.62750244140625,22.887420654296875,55.604522705078125,3.712365469255019e-06
1650,475.9291076660156,155.77784729003906,21.584716796875,50.989532470703125,5.23369453730993e-05
1650,487.7855224609375,154.9491729736328,21.9317626953125,51.013946533203125,9.065392077900469e-05
1650,458.2220153808594,159.31027221679688,20.82745361328125,50.609771728515625,4.1663743104436435e-06
1650,466.41546630859375,156.91476440429688,26.27838134765625,62.22796630859375,1.0149475201615132e-05
1650,479.194091796875,156.5418243408203,26.73211669921875,63.75396728515625,0.9999963045120239
1650,419.9523620605469,111.81480407714844,127.55435180664062,283.74884033203125,5.06361811858369e-06
1650,492.71685791015625,159.11444091796875,23.010498046875,56.215362548828125,1.0353661309636664e-05
1650,468.78997802734375,138.4111328125,43.8671875,98.27206420898438,1.1917959454876836e-06
1650,0.0,181.41700744628906,14.644845008850098,57.117034912109375,6.039615072950255e-06
1650,472.8798828125,168.74728393554688,23.8385009765625,58.343658447265625,1.2654010106416536e-06
1650,486.517333984375,167.90451049804688,24.2042236328125,58.14788818359375,7.47265539757791e-06
1650,601.6695556640625,362.8125,38.8304443359375,117.6875,6.650082468695473e-06
1680,458.1929016113281,151.6077880859375,23.76300048828125,56.9000244140625,0.5679978728294373
1680,452.09539794921875,156.17605590820312,21.98968505859375,52.120452880859375,0.04433728754520416
1680,445.976318359375,127.23876953125,49.99700927734375,113.52651977539062,2.6152481950703077e-05
1680,396.5361022949219,92.84751892089844,131.64572143554688,283.196044921875,1.1563148291315883e-05
1680,468.4340515136719,149.59278869628906,27.13433837890625,64.76132202148438,0.00295782508328557
1680,478.2198181152344,152.33270263671875,21.7911376953125,52.59185791015625,0.0013904068619012833
1680,484.2480773925781,149.39561462402344,23.99151611328125,56.736663818359375,3.436850192883867e-06
1680,442.7939758300781,159.1839599609375,24.35736083984375,57.290496826171875,5.6474809753126465e-06
1680,34.92491149902344,102.54107666015625,142.39649963378906,282.90155029296875,5.3362518883659504e-06
1680,458.42095947265625,151.65576171875,33.324951171875,80.236572265625,0.9999630451202393
1680,627.7825927734375,165.90206909179688,12.7174072265625,57.512664794921875,6.285668860073201e-06
1680,119.43294525146484,169.9018096923828,20.840187072753906,50.66131591796875,0.00025516768801026046
1680,470.9528503417969,170.9243927001953,23.58966064453125,56.905120849609375,1.8545589455243316e-06
1680,111.99951171875,172.2650146484375,22.025741577148438,51.509490966796875,0.0358210988342762
1680,425.2822570800781,110.589111328125,88.82150268554688,209.32662963867188,5.059138857177459e-06
1680,464.28594970703125,177.92092895507812,23.8067626953125,57.701080322265625,0.0031330229248851538
1680,599.7449951171875,363.5086669921875,40.7550048828125,116.9913330078125,4.201534920866834e-06
1710,394.7563781738281,108.35069274902344,85.78912353515625,192.03395080566406,9.442970622330904e-06
1710,431.5511474609375,157.4647674560547,22.777099609375,54.039825439453125,1.3101894182909746e-05
1710,393.16790771484375,163.80868530273438,20.19927978515625,51.23724365234375,1.7808926713769324e-05
1710,471.1484069824219,153.2422637939453,26.552734375,65.2412109375,9.137007509707473e-06
1710,394.8228759765625,101.0361328125,147.12908935546875,285.5386657714844,4.927440386381932e-06
1710,94.35620880126953,173.51763916015625,21.532562255859375,51.34197998046875,0.9999383687973022
1710,31.90570831298828,85.55499267578125,137.093017578125,308.5830078125,2.0833671442233026e-05
1710,104.17564392089844,170.92962646484375,21.15631103515625,50.567962646484375,0.0006019999273121357
1710,386.6737365722656,168.26141357421875,22.8753662109375,54.87030029296875,7.6017918217985425e-06
1710,399.1986389160156,163.5058135986328,27.0743408203125,66.36203002929688,2.1824610030307667e-06
1710,425.6158752441406,164.11138916015625,23.505615234375,56.9371337890625,3.3694846933940426e-05
1710,441.222900390625,167.0453338623047,23.48828125,52.877410888671875,8.158966011251323e-06
1710,85.63383483886719,160.7160186767578,33.276763916015625,75.53836059570312,4.689397883339552e-06
1710,119.01634216308594,170.54698181152344,21.707489013671875,51.2166748046875,0.005741986446082592
1710,408.8251647949219,157.5828857421875,35.06927490234375,87.41656494140625,0.0006586096133105457
1710,418.6091613769531,171.7145538330078,23.16754150390625,54.97222900390625,5.034899913880508e-06
1710,419.78759765625,153.2545166015625,38.32720947265625,92.67050170898438,0.9999934434890747
1710,445.5810546875,170.45950317382812,26.49688720703125,61.762969970703125,0.0002794274187181145
1710,454.5430603027344,172.48178100585938,21.9364013671875,52.67047119140625,7.3189803515560925e-06
1710,465.5301818847656,164.0047607421875,23.32220458984375,57.52349853515625,6.817183475504862e-07
1710,433.4039001464844,159.7805633544922,35.2862548828125,86.94720458984375,0.004165689926594496
1740,363.21002197265625,153.028076171875,19.777587890625,50.504547119140625,1.6546756853585975e-07
1740,331.389892578125,107.07096099853516,82.26373291015625,187.63800048828125,1.604444878466893e-05
1740,389.2413024902344,162.54885864257812,24.2686767578125,55.816741943359375,5.047663580626249e-05
1740,408.72613525390625,115.40815734863281,141.15472412109375,282.3614501953125,6.582091373275034e-06
1740,99.66521453857422,175.16383361816406,21.725906372070312,52.08428955078125,0.9999922513961792
1740,345.5975341796875,166.4580078125,24.8798828125,61.3104248046875,1.056717906067206e-06
1740,361.93670654296875,166.1532440185547,22.597900390625,53.921173095703125,2.434788621030748e-05
1740,381.5220031738281,166.40777587890625,25.5654296875,58.2542724609375,3.0358347430592403e-05
1740,62.19367599487305,177.16885375976562,21.636417388916016,52.13555908203125,0.000303880573483184
1740,60.475685119628906,162.32179260253906,34.28997802734375,76.77371215820312,6.390854650817346e-06
1740,50.31559753417969,142.48089599609375,49.940277099609375,105.44351196289062,2.595658656900923e-07
1740,5.071632385253906,127.13626098632812,129.21133422851562,278.09844970703125,7.67039819038473e-06
1740,70.26752471923828,174.6968994140625,22.31353759765625,53.221099853515625,0.9999924898147583
1740,78.15432739257812,177.66416931152344,21.643325805664062,50.676361083984375,0.0057531557977199554
1740,91.8294677734375,161.3490753173828,34.142333984375,77.73956298828125,2.3433516616933048e-05
1740,53.65083694458008,104.7616195678711,100.43769836425781,251.54226684570312,4.901204192719888e-06
1740,108.24794006347656,173.784912109375,22.776565551757812,55.52587890625,7.346910933847539e-06
1740,343.4085693359375,157.63681030273438,35.800048828125,88.14633178710938,0.0001909359998535365
1740,355.4142150878906,173.05348205566406,21.80242919921875,52.446685791015625,1.4286702025856357e-05
1740,367.98992919921875,170.9004669189453,23.29364013671875,56.4173583984375,1.6863731389094028e-06
1740,356.1398620605469,153.19464111328125,40.07659912109375,95.37030029296875,0.999985933303833
1740,373.52947998046875,158.27740478515625,35.42425537109375,87.48379516601562,4.997892756364308e-05
1740,482.8106994628906,163.15728759765625,22.28240966796875,53.75592041015625,0.005271955393254757
1740,91.73268127441406,174.98272705078125,22.312484741210938,53.759368896484375,0.00021960340382065624
1770,293.88677978515625,156.1344757080078,24.51739501953125,57.116241455078125,5.874063390365336e-06
1770,263.1100158691406,114.73751831054688,78.6993408203125,183.8291015625,2.6539039026829414e-05
1770,278.7677001953125,158.3976287841797,33.0162353515625,80.44354248046875,0.00010807757644215599
1770,488.72760009765625,163.561767578125,25.080078125,61.048370361328125,5.006569699617103e-05
1770,73.50043487548828,163.73846435546875,33.20903015136719,78.71466064453125,3.245496918680146e-05
1770,271.3937683105469,164.32733154296875,28.64691162109375,68.04901123046875,2.815862444549566e-06
1770,414.3231201171875,123.35350036621094,136.5174560546875,273.36328125,7.537709279858973e-06
1770,79.67315673828125,178.68972778320312,22.6966552734375,54.03558349609375,0.9999935626983643
1770,289.8241882324219,172.46853637695312,22.48980712890625,53.607696533203125,2.6326349598093657e-06
1770,299.4842224121094,161.0350341796875,36.72271728515625,89.98324584960938,7.954191096359864e-05
1770,49.11416244506836,184.41905212402344,22.523548126220703,51.3975830078125,0.00014659922453574836
1770,20.81475067138672,133.46633911132812,127.14801788330078,277.4521484375,5.148314812686294e-06
1770,112.52200317382812,182.43936157226562,22.127471923828125,51.28851318359375,6.784849392715842e-05
1770,284.42559814453125,159.9184112548828,40.9473876953125,97.76145935058594,0.9999829530715942
1770,296.64300537109375,179.4622344970703,22.39385986328125,54.373077392578125,1.0848480087588541e-05
1770,68.3966064453125,186.51510620117188,20.770614624023438,51.407806396484375,1.9202643670723774e-06
1770,87.59626770019531,184.9962158203125,21.826797485351562,52.775421142578125,0.0009239655337296426
1770,73.83924102783203,187.7225341796875,23.077880859375,55.864715576171875,0.0001017050672089681
1770,272.1263122558594,175.82601928710938,35.29925537109375,85.51773071289062,1.0388944247097243e-06
1770,286.6060485839844,189.1015625,27.87078857421875,67.03225708007812,2.2118310880614445e-06
1770,295.6028747558594,184.94874572753906,35.68731689453125,84.95561218261719,1.401583745064272e-06
1800,33.30411911010742,173.6775665283203,24.461837768554688,59.558349609375,8.617065759608522e-05
1800,178.85906982421875,125.52733612060547,80.22821044921875,188.1546630859375,1.037715992424637e-05
1800,0.0,175.37496948242188,14.229774475097656,50.7445068359375,3.313125125714578e-05
1800,53.38136291503906,178.70269775390625,22.12206268310547,51.080535888671875,9.692157618701458e-06
1800,422.3258056640625,108.31202697753906,140.4786376953125,289.01409912109375,6.52324433758622e-06
1800,493.91937255859375,169.13681030273438,25.7142333984375,60.65985107421875,0.0005967785837128758
1800,0.2684173583984375,189.31991577148438,21.42527961730957,51.4171142578125,0.0007420530891977251
1800,8.386127471923828,186.59974670410156,21.207218170166016,51.885101318359375,1.1324466868245509e-05
1800,17.735095977783203,185.9204864501953,20.89728546142578,51.39190673828125,6.851964826637413e-06
1800,29.22925567626953,185.09927368164062,22.512939453125,54.086212158203125,5.9638594393618405e-05
1800,39.83372497558594,180.3347930908203,23.894515991210938,57.23388671875,0.9999724626541138
1800,0.0,131.3238525390625,105.96322631835938,282.21746826171875,7.79096626501996e-06
1800,110.4991226196289,182.5619354248047,20.85608673095703,52.3291015625,2.008495903282892e-05
1800,180.8628692626953,170.95382690429688,35.4158935546875,82.21585083007812,1.985467861231882e-06
1800,209.11175537109375,182.78733825683594,22.70233154296875,55.39337158203125,1.3889805813960265e-05
1800,200.8643035888672,169.91725158691406,40.065643310546875,96.22215270996094,0.9998458623886108
1800,225.7590789794922,180.98989868164062,29.387298583984375,68.42361450195312,7.975130574777722e-05
1800,0.0,167.649169921875,23.612464904785156,93.37362670898438,3.7147572584217414e-05
1800,47.91790008544922,187.0592498779297,21.998382568359375,52.09649658203125,0.01852918602526188
1800,39.878662109375,173.4995574951172,34.26013946533203,79.12637329101562,0.0043065426871180534
1800,102.93572998046875,186.15565490722656,22.256317138671875,52.30364990234375,0.10697277635335922
1800,202.96701049804688,187.84359741210938,22.277313232421875,53.453125,6.273071630857885e-05
1800,216.15057373046875,187.73538208007812,23.169097900390625,54.408477783203125,5.6921151553979144e-05
1800,55.26154708862305,193.4718017578125,21.35720443725586,50.98504638671875,9.698020221549086e-06
1800,0.0,204.84825134277344,13.803674697875977,51.021514892578125,3.4371198125882074e-05
1800,31.02338409423828,182.9038543701172,30.800003051757812,74.58668518066406,0.0003079943126067519
1800,190.52249145507812,181.1302490234375,38.1156005859375,90.58233642578125,0.00027845014119520783
1800,214.9813690185547,178.13143920898438,36.368988037109375,89.50433349609375,0.39801546931266785
1800,199.2300262451172,208.96234130859375,24.90802001953125,61.673919677734375,1.4945606380933896e-05
1830,626.54736328125,14.188810348510742,13.95263671875,54.44799041748047,4.21926688431995e-06
1830,102.91140747070312,170.17897033691406,25.49169921875,60.089202880859375,4.106595497432863e-06
1830,106.72343444824219,167.6444854736328,31.780715942382812,78.74362182617188,5.204065018915571e-06
1830,93.60939025878906,167.7943878173828,33.68336486816406,86.32431030273438,5.6571461755083874e-05
1830,57.43048858642578,174.546142578125,33.362701416015625,78.2833251953125,7.157549134717556e-06
1830,486.11474609375,176.01263427734375,22.5760498046875,54.19842529296875,1.8041890143649653e-05
1830,430.2877197265625,121.10992431640625,133.2552490234375,283.68896484375,1.2688483366218861e-05
1830,494.78900146484375,178.8328094482422,21.4615478515625,50.945648193359375,0.9998376369476318
1830,488.9559326171875,161.77200317382812,35.22320556640625,80.837158203125,8.438532859145198e-06
1830,63.49188995361328,189.3846893310547,22.697357177734375,53.92279052734375,0.9999830722808838
1830,73.97166442871094,171.1560516357422,40.272918701171875,95.63056945800781,2.1414169168565422e-05
1830,501.3916931152344,179.66209411621094,21.604827880859375,51.87677001953125,0.009038533084094524
1830,51.33519744873047,159.88116455078125,49.78248596191406,114.71389770507812,1.7057586774171796e-06
1830,6.198772430419922,120.66940307617188,125.15113830566406,284.569580078125,1.3495323401002679e-05
1830,67.46662902832031,176.214599609375,103.38642883300781,241.11431884765625,2.532495273044333e-06
1830,72.21830749511719,194.2574005126953,21.689407348632812,52.418792724609375,0.0014500280376523733
1830,77.87653350830078,189.73489379882812,27.834518432617188,68.57772827148438,2.9510760214179754e-05
1830,88.17208862304688,196.25819396972656,25.580047607421875,64.01429748535156,2.2463998902821913e-05
1830,100.81239318847656,190.82618713378906,29.626068115234375,71.66676330566406,3.853631824313197e-06
1830,91.99996185302734,170.43942260742188,48.300575256347656,116.81475830078125,0.9999905824661255
1830,110.04166412353516,171.05340576171875,45.736045837402344,110.23721313476562,0.00013871189730707556
1830,58.104705810546875,195.6585693359375,22.069869995117188,54.690826416015625,0.00032594535150565207
1830,66.99223327636719,186.63673400878906,31.499008178710938,76.89485168457031,6.060542091290699e-06
1830,75.466064453125,135.510986328125,72.37129211425781,180.28741455078125,5.172052260604687e-05
1830,121.08340454101562,195.06239318847656,32.621917724609375,73.91783142089844,1.8690670913201757e-06
1830,81.268310546875,185.7880859375,41.50645446777344,101.95462036132812,0.00045012327609583735
1830,94.07633972167969,200.9776153564453,28.432327270507812,70.89378356933594,9.572241879141075e-07
1830,78.94832611083984,212.0118865966797,30.578689575195312,72.02497863769531,1.5601608538418077e-05
1830,105.75425720214844,201.30601501464844,36.95831298828125,82.85292053222656,7.431025551341008e-06
