60,0.0,237.3311767578125,16.076740264892578,59.5162353515625,1.316034854426107e-06
180,596.816650390625,0.0,43.683349609375,122.68916320800781,1.6345263702532975e-06
180,104.20674133300781,206.12857055664062,22.892990112304688,54.7677001953125,5.247572516964283e-06
180,96.92887878417969,208.66969299316406,24.420333862304688,59.35099792480469,3.04455033983686e-06
180,600.7079467773438,363.939208984375,39.79205322265625,116.560791015625,6.287059477472212e-06
210,597.7167358398438,0.0,42.78326416015625,123.7077407836914,1.1887447044500732e-06
210,600.5254516601562,362.90399169921875,39.97454833984375,117.59600830078125,5.25329096490168e-06
240,597.72265625,0.0,42.77734375,123.66588592529297,1.3877936453354778e-06
240,600.291259765625,363.261962890625,40.208740234375,117.238037109375,5.735124432248995e-06
270,597.7635498046875,0.0,42.7364501953125,122.36650085449219,1.4284331655289861e-06
270,600.8810424804688,363.3863525390625,39.61895751953125,117.1136474609375,4.47824504590244e-06
300,597.7783203125,0.0,42.7216796875,124.14224243164062,1.021665752887202e-06
300,105.52196502685547,179.07920837402344,23.66132354736328,55.94366455078125,9.624483936931938e-05
300,118.89617919921875,179.2004852294922,24.319122314453125,57.541229248046875,1.2161738141003298e-06
300,113.03117370605469,187.44573974609375,21.829544067382812,52.3397216796875,0.00011056318908231333
300,601.0288696289062,362.67877197265625,39.47113037109375,117.82122802734375,4.823746621696046e-06
330,597.5872802734375,0.0,42.9127197265625,122.9754409790039,1.5603932297381107e-06
330,111.9161605834961,177.63711547851562,23.872596740722656,57.733154296875,5.744523605244467e-06
330,105.38031005859375,187.71414184570312,22.728485107421875,53.935302734375,0.0002842741960193962
330,98.37702941894531,193.65309143066406,21.282119750976562,51.47125244140625,1.2327742297202349e-05
330,93.49525451660156,188.63677978515625,30.925796508789062,75.31301879882812,1.105194132833276e-05
330,600.6441650390625,363.3218994140625,39.8558349609375,117.1781005859375,4.679779522120953e-06
360,597.4740600585938,0.0,43.02593994140625,123.6053466796875,1.1293548141111387e-06
360,113.22965240478516,189.24362182617188,21.75794219970703,51.33782958984375,3.9680189729551785e-06
360,106.17660522460938,193.37338256835938,22.018447875976562,52.8154296875,1.4683145309390966e-05
360,441.1517639160156,197.01327514648438,23.7027587890625,55.45367431640625,9.832070873017074e-07
360,98.26768493652344,206.95852661132812,20.655258178710938,50.914764404296875,1.7842760371422628e-06
360,463.2035827636719,206.78237915039062,24.027587890625,56.526611328125,7.612693480041344e-07
360,600.3423461914062,363.36187744140625,40.15765380859375,117.13812255859375,5.53396830582642e-06
390,597.7545166015625,0.0,42.7454833984375,122.793701171875,1.3069843589619268e-06
390,97.53927612304688,178.2692413330078,22.043365478515625,53.1541748046875,1.0591842510621063e-05
390,102.88875579833984,184.3030242919922,25.649993896484375,58.956024169921875,0.00036747075500898063
390,112.07623291015625,186.40940856933594,21.247512817382812,51.175811767578125,9.408298501512036e-05
390,107.09776306152344,179.21119689941406,30.808013916015625,73.51931762695312,0.0001714114478090778
390,128.32244873046875,187.60733032226562,20.71124267578125,50.983062744140625,8.02168869995512e-06
390,89.17135620117188,171.35488891601562,38.334320068359375,94.4237060546875,2.7716648673958844e-06
390,118.968505859375,187.93801879882812,25.50335693359375,57.602813720703125,1.0324652976123616e-05
390,600.4788208007812,363.3695373535156,40.02117919921875,117.13046264648438,5.543681709241355e-06
420,597.5455322265625,0.0,42.9544677734375,123.38568878173828,1.2467434089558083e-06
420,106.8112564086914,189.81924438476562,21.513763427734375,51.69708251953125,0.0005299326148815453
420,600.7438354492188,363.918701171875,39.75616455078125,116.581298828125,4.845032435696339e-06
450,112.21360778808594,179.98770141601562,23.776504516601562,56.84381103515625,3.6513895338430302e-06
450,106.08708953857422,188.3407745361328,22.116973876953125,53.345062255859375,8.781328506302088e-05
450,98.21000671386719,205.5165557861328,20.675674438476562,51.25975036621094,1.2729404943456757e-06
450,600.1363525390625,362.7138671875,40.3636474609375,117.7861328125,5.035552931076381e-06
510,597.4854736328125,0.0,43.0145263671875,124.08767700195312,1.4456019243880291e-06
510,600.5079345703125,363.190185546875,39.9920654296875,117.309814453125,4.405954769026721e-06
540,597.8372192382812,0.0,42.66278076171875,123.7417221069336,9.748767979544937e-07
540,104.8193588256836,196.69619750976562,22.1363525390625,54.662200927734375,1.2469557077565696e-05
540,97.99835205078125,206.7489471435547,20.814544677734375,50.84745788574219,8.97742484085029e-06
540,600.7626953125,362.878662109375,39.7373046875,117.621337890625,5.240756308921846e-06
570,113.41223907470703,188.85484313964844,21.74500274658203,51.81463623046875,1.2230010725033935e-05
570,106.17609405517578,191.78587341308594,21.875579833984375,52.91680908203125,1.309619710809784e-05
570,98.73424530029297,199.8765869140625,20.814193725585938,51.3922119140625,9.875366231426597e-06
570,601.1640625,362.82763671875,39.3359375,117.67236328125,4.37455400970066e-06
600,598.150390625,0.0,42.349609375,124.6063232421875,2.4543819563405123e-06
600,113.296875,187.95155334472656,21.784591674804688,52.123779296875,8.399258149438538e-06
600,106.12674713134766,192.56048583984375,21.936233520507812,52.8070068359375,6.910190677444916e-06
600,98.62987518310547,199.43600463867188,20.504592895507812,50.57623291015625,6.9367406467790715e-06
600,600.3290405273438,364.268798828125,40.17095947265625,116.231201171875,4.950240963808028e-06
630,598.2003173828125,0.0,42.2996826171875,124.63245391845703,1.8066036773234373e-06
630,119.03266906738281,182.49832153320312,23.285614013671875,55.453460693359375,2.644619053171482e-05
630,112.8136215209961,186.91690063476562,21.494102478027344,51.49090576171875,0.0002115617535309866
630,98.16340637207031,192.5866241455078,22.504150390625,56.253173828125,1.0082177141157445e-05
630,105.95506286621094,191.32737731933594,21.947616577148438,52.927032470703125,0.000124553800560534
630,95.08720397949219,206.85679626464844,25.175018310546875,60.03868103027344,1.778470686986111e-05
630,600.6900634765625,363.3948974609375,39.8099365234375,117.1051025390625,4.86957924294984e-06
660,597.8134155273438,0.0,42.68658447265625,123.15445709228516,1.5447017176484223e-06
660,113.48932647705078,189.02066040039062,21.38495635986328,51.14794921875,8.599094144301489e-06
660,97.98825073242188,205.66436767578125,21.2423095703125,52.524017333984375,2.3423831407853868e-06
660,105.44227600097656,203.20721435546875,20.060714721679688,50.74957275390625,3.8385500374715775e-05
660,627.86083984375,219.63479614257812,12.63916015625,50.69873046875,3.213981244698516e-06
660,600.6312866210938,362.15435791015625,39.86871337890625,118.34564208984375,4.85752434542519e-06
690,597.8631591796875,0.0,42.6368408203125,123.03563690185547,1.6740413002480636e-06
690,113.78528594970703,187.566162109375,21.652931213378906,51.41131591796875,7.412170816678554e-06
690,98.19335174560547,207.01254272460938,20.744140625,50.86181640625,2.005801206905744e-06
690,600.984130859375,363.0657958984375,39.515869140625,117.4342041015625,4.934343905915739e-06
720,96.77471160888672,206.68075561523438,23.003799438476562,57.104400634765625,2.1668715817213524e-06
720,600.8802490234375,362.7014465332031,39.6197509765625,117.79855346679688,4.61433592136018e-06
750,597.7576904296875,0.0,42.7423095703125,123.89692687988281,1.600782411514956e-06
750,97.97718811035156,198.69869995117188,21.2491455078125,52.197296142578125,2.325728928553872e-06
750,103.50558471679688,193.6761016845703,23.62872314453125,58.044219970703125,8.322862413479015e-06
780,597.8310546875,0.0,42.6689453125,123.1407699584961,1.2607417829713086e-06
780,97.82450866699219,206.16851806640625,21.18121337890625,51.9859619140625,7.326294735321426e-07
780,600.6140747070312,363.6737060546875,39.88592529296875,116.8262939453125,5.09444362251088e-06
810,597.3563842773438,0.0,43.14361572265625,123.77351379394531,1.5591823512295377e-06
810,105.34454345703125,192.40162658691406,22.39044189453125,53.017181396484375,6.703588951495476e-06
810,98.22615814208984,199.75180053710938,21.019668579101562,50.9638671875,4.294506197766168e-06
810,600.2960815429688,364.433837890625,40.20391845703125,116.066162109375,5.598372354143066e-06
840,597.8043823242188,0.0,42.69561767578125,124.06507873535156,1.4205429579305928e-06
840,106.2345962524414,193.35377502441406,21.84619140625,52.278717041015625,1.4436648143600905e-06
840,98.1837387084961,206.9496307373047,20.986541748046875,51.90345764160156,1.8509068695493625e-06
840,600.8546752929688,363.8951721191406,39.64532470703125,116.60482788085938,4.83572193843429e-06
870,597.8271484375,0.0,42.6728515625,124.99991607666016,1.6060150755947689e-06
870,600.5025024414062,362.7833251953125,39.99749755859375,117.7166748046875,4.306194568926003e-06
900,597.9881591796875,0.0,42.5118408203125,124.01836395263672,1.4456625194725348e-06
900,600.9982299804688,363.5269775390625,39.50177001953125,116.9730224609375,3.768812803173205e-06
930,597.0026245117188,0.0,43.49737548828125,124.34750366210938,1.5892006786089041e-06
930,578.0843505859375,0.0,62.4156494140625,175.4181671142578,2.862732799258083e-06
930,104.23579406738281,186.56092834472656,23.320068359375,54.879180908203125,1.7284832210862078e-05
930,98.07832336425781,192.869384765625,21.284652709960938,51.24298095703125,2.9513807930925395e-06
930,600.8195190429688,362.90533447265625,39.68048095703125,117.59466552734375,4.341989097156329e-06
960,597.38525390625,0.0,43.11474609375,124.4972915649414,1.3470894373313058e-06
960,577.2288208007812,0.0,63.27117919921875,174.46621704101562,1.8030099226962193e-06
960,601.0391235351562,362.0299072265625,39.46087646484375,118.4700927734375,4.46553303845576e-06
1020,597.5693969726562,0.0,42.93060302734375,123.37149047851562,1.30242301565886e-06
1020,600.6878051757812,362.8436279296875,39.81219482421875,117.6563720703125,5.335111836757278e-06
1050,597.56494140625,0.0,42.93505859375,122.77577209472656,1.4397573977475986e-06
1050,330.7915954589844,86.52509307861328,21.86065673828125,51.49382781982422,4.498372436501086e-05
1050,97.58917236328125,199.33615112304688,21.123977661132812,51.193145751953125,1.815934865589952e-06
1080,597.9789428710938,0.0,42.52105712890625,123.87755584716797,1.5384270000140532e-06
1080,600.3159790039062,363.09112548828125,40.18402099609375,117.40887451171875,5.291378784022527e-06
1110,597.770263671875,0.0,42.729736328125,124.36335754394531,1.6001505400708993e-06
1110,600.7332763671875,363.6661682128906,39.7667236328125,116.83383178710938,4.3175109567528125e-06
1140,597.9378662109375,0.0,42.5621337890625,123.95549011230469,1.3120472885930212e-06
1140,97.69640350341797,206.89266967773438,20.893875122070312,50.97296142578125,2.1617217953462387e-06
1140,600.4406127929688,363.9637756347656,40.05938720703125,116.53622436523438,5.7397755881538615e-06
1170,597.5906372070312,0.0,42.90936279296875,123.31361389160156,1.6695804561095429e-06
1170,97.68083190917969,200.210205078125,21.09820556640625,51.6610107421875,1.5545115275017451e-06
1170,600.6573486328125,363.18505859375,39.8426513671875,117.31494140625,5.369730388338212e-06
1200,597.37353515625,0.0,43.12646484375,124.20914459228516,9.718773981148843e-07
1200,601.1065063476562,363.1882019042969,39.39349365234375,117.31179809570312,4.975405772711383e-06
1230,597.6024780273438,0.0,42.89752197265625,123.3531723022461,1.1582400247789337e-06
1230,97.40914154052734,206.08778381347656,21.316299438476562,52.32395935058594,1.4828669918642845e-06
1230,600.9371948242188,363.94989013671875,39.56280517578125,116.55010986328125,5.247692570264917e-06
1260,597.44384765625,0.0,43.05615234375,123.57201385498047,8.741956776248117e-07
1260,97.76846313476562,200.22091674804688,20.778213500976562,50.89666748046875,4.2586325434967875e-06
1260,600.9169921875,363.0041809082031,39.5830078125,117.49581909179688,4.811140115634771e-06
1290,104.66011810302734,186.83358764648438,23.2462158203125,54.9691162109375,5.505537501448998e-06
1290,97.98538208007812,194.38864135742188,20.960403442382812,50.903656005859375,2.1788882804685272e-06
1290,600.796875,361.7801208496094,39.703125,118.71987915039062,4.689858997153351e-06
1320,627.2760620117188,179.43455505371094,13.22393798828125,51.592987060546875,8.858765795594081e-06
1320,625.2073974609375,192.1314239501953,15.2926025390625,61.34246826171875,2.2100701244198717e-05
1320,617.8990478515625,174.7691650390625,22.6009521484375,98.32394409179688,8.943703505792655e-06
1320,626.6434936523438,214.77928161621094,13.85650634765625,60.41999816894531,4.903298759018071e-06
1320,593.2391967773438,149.0091552734375,47.26080322265625,240.67218017578125,3.522045062709367e-06
1320,600.3486938476562,363.33941650390625,40.15130615234375,117.16058349609375,3.4988386232726043e-06
1350,627.0210571289062,178.28598022460938,13.47894287109375,58.6190185546875,4.343807177065173e-06
1350,0.0,188.00711059570312,13.043953895568848,51.07513427734375,5.0508324420661665e-06
1350,0.0,199.61097717285156,16.457427978515625,57.42109680175781,8.166952284227591e-06
1350,626.1111450195312,197.7868194580078,14.38885498046875,58.7816162109375,0.00013030787522438914
1350,7.303118705749512,206.60516357421875,23.466033935546875,55.806304931640625,6.59740726405289e-06
1350,620.5652465820312,184.7165985107422,19.93475341796875,93.50376892089844,7.670720151509158e-06
1350,627.8551635742188,223.46990966796875,12.64483642578125,52.11456298828125,7.20261232345365e-06
1350,600.0538940429688,362.318603515625,40.44610595703125,118.181396484375,3.5461769130051835e-06
1380,595.7401123046875,0.0,44.7598876953125,124.1313247680664,2.648575218699989e-06
1380,628.2601928710938,195.89935302734375,12.23980712890625,51.4495849609375,9.74872136794147e-07
1380,30.2312068939209,206.63412475585938,26.388368606567383,64.10418701171875,1.9839515516650863e-05
1380,41.10006332397461,212.11648559570312,22.16938018798828,52.912261962890625,1.330113627773244e-05
1380,628.88720703125,218.51210021972656,11.61279296875,51.39595031738281,4.3798177102871705e-06
1380,5.349298477172852,188.60353088378906,40.701988220214844,102.50346374511719,1.3158342881069984e-05
1380,18.1185302734375,201.82064819335938,33.889732360839844,82.45761108398438,1.564969716127962e-05
1380,0.0,159.10064697265625,49.322288513183594,223.35247802734375,2.6780842290463625e-06
1380,600.087646484375,361.2929992675781,40.412353515625,119.20700073242188,4.034504854644183e-06
1410,592.2400512695312,175.8001708984375,22.388427734375,53.63214111328125,1.9113200323772617e-05
1440,627.1760864257812,170.35435485839844,13.32391357421875,52.0986328125,5.338959908840479e-06
1440,623.67041015625,174.21229553222656,16.82958984375,75.57498168945312,1.6936475731199607e-05
1440,137.7852783203125,214.9452667236328,20.989501953125,50.74732971191406,2.87191887764493e-05
1470,546.7017211914062,193.54067993164062,22.3604736328125,53.332275390625,4.732134584628511e-06
1470,559.13671875,192.2013702392578,22.7723388671875,54.41326904296875,3.4665351904550334e-06
1470,553.0452880859375,198.55160522460938,21.94970703125,52.992767333984375,1.2326755495450925e-05
1470,627.0123291015625,194.37266540527344,13.4876708984375,59.850860595703125,4.145785351283848e-05
1470,618.1735229492188,168.69418334960938,22.32647705078125,98.81787109375,3.6757555790245533e-06
1470,600.7440185546875,359.8955993652344,39.7559814453125,120.60440063476562,8.8855022113421e-06
1500,626.256591796875,180.8710174560547,14.243408203125,57.68499755859375,4.612615612131776e-06
1500,200.94082641601562,196.048095703125,21.05804443359375,50.68646240234375,5.395746029535076e-06
1500,585.0938110351562,191.17697143554688,21.6741943359375,50.898529052734375,2.29030083573889e-05
1500,591.7659912109375,195.78636169433594,23.2802734375,55.0225830078125,3.0726449040230364e-05
1500,599.0992431640625,192.87071228027344,24.1722412109375,54.544342041015625,1.7221436792169698e-05
1500,608.5408325195312,193.83526611328125,20.9522705078125,51.182861328125,1.8824544895323925e-05
1500,624.4142456054688,198.92764282226562,16.08575439453125,61.13861083984375,0.00010373068653279915
1500,618.0403442382812,179.24929809570312,22.45965576171875,94.359619140625,1.1952415661653504e-05
1500,618.220458984375,215.7094268798828,20.6424560546875,50.97596740722656,5.22384016221622e-06
1500,627.5289306640625,223.4715118408203,12.9710693359375,51.15318298339844,1.3306464097695425e-05
1500,601.7233276367188,364.29901123046875,38.77667236328125,116.20098876953125,2.7079886422143318e-06
1560,624.6427612304688,124.22854614257812,15.85723876953125,64.359130859375,7.862906386435498e-06
1560,611.3309326171875,105.72335815429688,29.1690673828125,119.02273559570312,4.443222223926568e-06
1560,619.2525634765625,148.09744262695312,21.2474365234375,50.56915283203125,0.0930548757314682
1560,612.2076416015625,155.96136474609375,21.4649658203125,53.340484619140625,1.7727998056216165e-05
1560,623.3020629882812,157.72357177734375,17.19793701171875,66.1702880859375,0.0006316306535154581
1560,617.3596801757812,146.90130615234375,23.14031982421875,99.0635986328125,5.5135889851953834e-05
1560,591.2392578125,113.44448852539062,49.2607421875,222.59188842773438,7.964919859659858e-06
1560,626.3753051757812,179.30465698242188,14.12469482421875,57.295135498046875,1.0033002581621986e-05
1560,480.80230712890625,192.26589965820312,22.90057373046875,54.38067626953125,3.5197147099097492e-06
1560,535.4697265625,204.51559448242188,23.3797607421875,54.170166015625,6.426283562177559e-06
1560,591.364013671875,196.35601806640625,49.135986328125,238.190673828125,3.611290594562888e-06
1590,626.8010864257812,146.86874389648438,13.69891357421875,51.39825439453125,1.806475302146282e-05
1590,96.50396728515625,155.22926330566406,23.253326416015625,53.813446044921875,5.375469299906399e-06
1590,395.532470703125,181.75146484375,21.895751953125,52.3193359375,3.696030944411177e-06
1590,407.87677001953125,179.9390411376953,22.5665283203125,53.848785400390625,0.007437828462570906
1590,413.9538879394531,185.53009033203125,22.22064208984375,52.7369384765625,1.0145226951863151e-05
1590,400.6845397949219,184.4650115966797,25.14434814453125,60.03857421875,1.273928410228109e-05
1590,0.0,213.0074462890625,15.018460273742676,50.781524658203125,1.0777678653539624e-05
1590,0.0,222.75619506835938,22.75293731689453,56.2073974609375,2.119291593771777e-06
1590,592.672607421875,161.31228637695312,47.827392578125,242.83502197265625,5.174333637114614e-06
1620,536.8610229492188,55.60986328125,20.827392578125,50.58226013183594,0.012956145219504833
1620,96.66942596435547,159.68946838378906,24.060226440429688,56.44671630859375,0.0006861589499749243
1620,104.7460708618164,159.22921752929688,21.114730834960938,50.9708251953125,0.0001918975031003356
1620,0.0,169.43618774414062,15.316436767578125,57.039093017578125,4.966673714079661e-06
1620,111.8261489868164,160.5245819091797,20.377052307128906,50.545074462890625,1.3721914001507685e-05
1620,89.63777160644531,163.83322143554688,25.943328857421875,62.114532470703125,4.3741543777287006e-05
1620,210.94558715820312,178.6231689453125,22.77923583984375,52.879730224609375,0.015033503994345665
1620,87.34199523925781,152.77256774902344,37.62467956542969,89.14877319335938,2.8404276690707775e-06
1620,202.3378143310547,183.1127166748047,25.234283447265625,57.272491455078125,3.460906009422615e-05
1620,496.20037841796875,199.92962646484375,23.42486572265625,55.418701171875,1.0692741625462077e-06
1620,505.0885314941406,205.542236328125,21.073516845703125,51.25665283203125,8.051094482652843e-06
1650,592.0253295898438,0.0,48.47467041015625,127.40416717529297,9.271303497371264e-06
1650,618.1362915039062,1.8307132720947266,20.9498291015625,50.64391326904297,6.52341850582161e-06
1650,598.607666015625,13.995899200439453,24.26611328125,58.372982025146484,0.8834190368652344
1650,626.1168823242188,10.003211975097656,14.38311767578125,56.01924133300781,0.00034468754893168807
1650,606.9215698242188,17.463943481445312,21.52734375,50.81462860107422,0.0012360045220702887
1650,615.5050048828125,14.487136840820312,24.9949951171875,61.28431701660156,3.357776586199179e-05
1650,601.4271850585938,17.41762924194336,30.94189453125,72.55058288574219,1.4513411770167295e-05
1650,106.20777893066406,154.64915466308594,21.49578857421875,51.46441650390625,1.920422255352605e-05
1650,209.1819305419922,184.2706756591797,21.71978759765625,50.74786376953125,0.005234693177044392
1650,360.25927734375,184.0241241455078,22.2310791015625,51.817596435546875,1.4395594917004928e-05
1650,202.79315185546875,188.5169677734375,21.28094482421875,51.990631103515625,8.879692359187175e-06
1650,354.659912109375,188.08834838867188,20.80706787109375,51.31964111328125,4.407169399200939e-06
1680,354.843994140625,177.45654296875,22.72540283203125,53.3829345703125,1.3379262782109436e-05
1680,362.9378967285156,184.8103790283203,21.39404296875,50.80645751953125,0.020260581746697426
1680,354.21832275390625,169.63906860351562,35.5390625,81.72390747070312,1.120480533245427e-06
1680,347.92657470703125,187.1654052734375,21.8062744140625,51.891448974609375,2.9583205105154775e-05
1680,373.81890869140625,183.58567810058594,21.37860107421875,52.49554443359375,1.1253381444475963e-06
1680,438.54461669921875,191.9234619140625,21.11865234375,50.8060302734375,4.685692147177178e-06
1680,617.350830078125,196.1090087890625,22.984130859375,54.4349365234375,7.840389116609003e-06
1680,627.1616821289062,199.66555786132812,13.33831787109375,55.862030029296875,1.662605063756928e-05
1710,209.71395874023438,178.42591857910156,21.01702880859375,50.938720703125,0.00022520321363117546
1710,587.0750122070312,190.48898315429688,22.3951416015625,54.1915283203125,1.4751094568055123e-06
1710,593.9462280273438,194.63720703125,21.53955078125,51.5118408203125,1.2877569133706857e-05
1710,627.892578125,201.89144897460938,12.607421875,51.19244384765625,7.77442164690001e-06
1740,596.0723266601562,0.0,44.42767333984375,121.50984191894531,1.2471333548091934e-06
1740,217.29656982421875,176.19688415527344,21.923004150390625,50.94158935546875,1.43659299283172e-05
1740,346.8011779785156,183.8059539794922,22.1907958984375,51.6702880859375,0.0011093529174104333
1740,498.1286315917969,189.42332458496094,21.165863037109375,50.889739990234375,0.001004487625323236
1740,209.5264892578125,181.22811889648438,22.14715576171875,51.6197509765625,1.478087233408587e-05
1740,434.8365478515625,182.0977783203125,21.7117919921875,52.06378173828125,7.739785360172391e-06
1740,446.55572509765625,182.9075927734375,24.5733642578125,59.197113037109375,3.948323137592524e-05
1740,456.10076904296875,184.64279174804688,21.387939453125,52.03436279296875,1.3908602340961806e-05
1740,593.1030883789062,194.9532012939453,21.026611328125,50.976287841796875,1.4124962035566568e-05
1740,439.16375732421875,175.42892456054688,36.3232421875,87.94558715820312,3.256866648371215e-06
1740,627.2758178710938,191.44479370117188,13.22418212890625,56.95831298828125,2.1569856471614912e-05
1740,492.46295166015625,195.57131958007812,22.44921875,53.99041748046875,1.7549158656038344e-05
1740,503.2066345214844,196.27003479003906,21.504669189453125,50.69842529296875,0.0009201526991091669
1770,255.04859924316406,164.66383361816406,22.011734008789062,52.00372314453125,1.0715224561863579e-05
1770,240.72042846679688,176.94496154785156,24.1064453125,56.23583984375,1.480719856772339e-05
1770,248.34812927246094,171.4400634765625,24.027175903320312,57.022430419921875,6.434199895011261e-05
1770,353.0628662109375,182.74180603027344,23.218505859375,55.694915771484375,6.01356805418618e-06
1770,591.1067504882812,188.9198455810547,22.92431640625,53.521484375,0.0017788426484912634
1770,233.86962890625,185.4878692626953,22.825408935546875,54.096588134765625,8.306740710395388e-06
1770,346.7220153808594,187.2364959716797,21.5010986328125,52.04107666015625,1.1536606052686693e-06
1770,359.5740661621094,189.19374084472656,22.39697265625,52.21417236328125,7.7013872214593e-05
1770,456.903564453125,185.32061767578125,22.769287109375,54.108795166015625,0.0005897048395127058
1770,366.8310852050781,192.5208740234375,22.94879150390625,55.226287841796875,9.005892025015783e-06
1770,573.2892456054688,195.25987243652344,21.2061767578125,51.64886474609375,0.0003992724814452231
1770,568.1695556640625,155.15069580078125,47.8944091796875,104.57073974609375,4.266474206815474e-06
1770,521.6918334960938,136.3431396484375,118.80816650390625,288.317138671875,8.32520436233608e-06
1770,598.8526611328125,190.7916259765625,22.4171142578125,53.512298583984375,3.794384974753484e-05
1770,605.252197265625,190.12538146972656,26.5804443359375,59.757049560546875,0.00022687585442326963
1770,614.5135498046875,191.36856079101562,25.81494140625,59.378509521484375,1.2002674338873476e-05
1770,449.7779235839844,191.1770477294922,25.49578857421875,60.76751708984375,1.5189680198091082e-05
1770,463.72271728515625,194.88819885253906,21.10614013671875,52.3048095703125,1.1726498314601486e-06
1770,552.9244384765625,196.37313842773438,21.734375,50.782379150390625,9.1939429694321e-05
1770,582.9351196289062,191.55613708496094,25.2386474609375,60.231719970703125,0.9998822212219238
1770,627.2041625976562,202.2650146484375,13.29583740234375,50.71978759765625,1.263231570192147e-05
1770,577.0867309570312,200.73780822753906,23.62353515625,58.49491882324219,5.325107849785127e-06
1770,581.6649169921875,182.7983856201172,35.841796875,84.82881164550781,1.3502715319191338e-06
1800,433.00042724609375,188.2440948486328,22.59051513671875,54.958221435546875,8.879404049366713e-06
1800,440.0716247558594,187.30245971679688,23.0416259765625,55.988311767578125,1.1287002052995376e-06
1800,625.7012939453125,192.19863891601562,14.7987060546875,54.196868896484375,0.007081499323248863
1800,618.9059448242188,175.063720703125,21.59405517578125,88.91552734375,5.3043859224999323e-05
1800,562.8715209960938,95.32038879394531,77.62847900390625,306.57720947265625,2.0698016669484787e-05
1800,506.98663330078125,202.9204864501953,21.58984375,50.710205078125,5.5161507361845e-07
1800,626.4356689453125,211.1065216064453,14.0643310546875,52.48008728027344,9.365750884171575e-06
1800,0.0,348.599853515625,62.33304214477539,131.900146484375,6.592903446289711e-06
1800,599.0198974609375,365.9326171875,41.4801025390625,114.5673828125,5.930253792030271e-06
1830,608.4637451171875,192.57012939453125,21.7828369140625,51.94256591796875,1.038697291733115e-06
1830,0.0,190.1055145263672,15.931507110595703,59.3851318359375,4.515590262599289e-06
1830,0.0,164.49639892578125,23.046810150146484,106.7271728515625,1.6338250361513929e-06
1830,600.536865234375,363.9969177246094,39.963134765625,116.50308227539062,9.773522833711468e-06
1830,578.7442626953125,322.86126708984375,61.7557373046875,157.63873291015625,8.052023076743353e-06
