30,185.8655548095703,178.936279296875,21.407073974609375,50.56591796875,1.730605617922265e-06
30,225.19578552246094,184.30166625976562,22.381622314453125,52.912353515625,1.2080280612281058e-05
30,627.3837890625,194.35487365722656,13.1162109375,51.643096923828125,5.736514140153304e-06
60,147.2603759765625,172.0906219482422,22.263946533203125,52.18267822265625,0.003073415718972683
60,528.3638916015625,174.84901428222656,21.8419189453125,53.7855224609375,1.307045522480621e-06
60,76.46399688720703,118.18693542480469,142.64532470703125,289.47705078125,5.641205007123062e-06
60,534.6106567382812,177.6224822998047,25.4754638671875,61.365264892578125,1.4716149507876253e-06
60,450.2359619140625,179.3026885986328,22.1229248046875,53.59405517578125,0.0010704919695854187
60,526.6800537109375,187.31651306152344,25.365966796875,60.631072998046875,4.659292608266696e-05
60,455.1533203125,183.15261840820312,24.80902099609375,57.883880615234375,1.010814230539836e-05
90,378.4713134765625,146.50198364257812,21.13824462890625,51.11627197265625,3.890409061568789e-05
90,506.083740234375,168.069091796875,22.4229736328125,52.677978515625,0.38260698318481445
90,0.0,167.5575408935547,15.048080444335938,53.80633544921875,7.369084414676763e-06
90,497.40850830078125,170.53591918945312,26.2967529296875,62.509979248046875,1.2371283446555026e-06
90,430.87591552734375,87.22930908203125,144.10504150390625,300.5946044921875,1.9764524040510878e-05
90,481.4510498046875,170.31451416015625,26.55413818359375,63.86444091796875,7.470439868484391e-06
90,498.96124267578125,159.51487731933594,37.0072021484375,83.94915771484375,1.1563658972590929e-06
90,627.8722534179688,179.4295196533203,12.62774658203125,50.921783447265625,1.930363396240864e-05
90,512.0303955078125,174.98422241210938,21.6092529296875,52.17523193359375,0.000572115124668926
90,601.5284423828125,191.19073486328125,21.1905517578125,51.512115478515625,7.391784038190963e-06
90,615.19091796875,185.1512908935547,24.4080810546875,57.377197265625,1.537025127618108e-06
90,593.4365234375,192.529052734375,21.9251708984375,51.48529052734375,6.511228320960072e-07
90,606.0653076171875,196.3570556640625,25.2176513671875,59.488555908203125,4.3342852222849615e-06
90,610.5071411132812,408.6034851074219,29.99285888671875,71.89651489257812,1.1619519000305445e-06
90,599.0449829101562,358.8494873046875,41.45501708984375,121.6505126953125,8.673895536048803e-06
120,0.0,165.60745239257812,16.076444625854492,57.97528076171875,1.908843387354864e-06
120,541.595703125,170.78994750976562,25.0234375,59.6671142578125,0.9999862909317017
120,569.7617797851562,171.26800537109375,26.33154296875,62.5789794921875,0.9999991655349731
120,534.1444091796875,174.03253173828125,24.7244873046875,58.248138427734375,0.4199034869670868
120,522.9000244140625,144.3022918701172,47.6136474609375,98.64297485351562,5.062161179125724e-08
120,479.28924560546875,137.23748779296875,125.8382568359375,270.43994140625,9.561517799738795e-06
120,562.16015625,173.85049438476562,24.4625244140625,57.868438720703125,0.03112928941845894
120,560.6007080078125,147.21450805664062,45.4088134765625,104.58721923828125,7.004520057307673e-07
120,527.0215454101562,133.08084106445312,101.293212890625,241.0235595703125,2.867508783310768e-06
120,578.2889404296875,172.26242065429688,24.9678955078125,58.09759521484375,0.007851433008909225
120,551.658935546875,174.20065307617188,22.9775390625,54.163482666015625,0.09519302099943161
120,610.9378051757812,407.027587890625,29.56219482421875,73.472412109375,5.8246278058504686e-06
120,600.7431640625,361.7691650390625,39.7568359375,118.7308349609375,5.505573881237069e-06
150,0.0,164.63943481445312,15.393260955810547,57.864837646484375,1.5953081629049848e-06
150,66.02098846435547,175.82481384277344,20.31842041015625,50.807647705078125,2.24294171857764e-06
150,0.0,185.7972412109375,15.213823318481445,51.576934814453125,0.00013642343401443213
150,0.0,160.69837951660156,23.176389694213867,95.01638793945312,5.790820068796165e-06
150,0.0,113.55535888671875,58.863563537597656,305.58514404296875,2.0663210307247937e-06
180,432.50445556640625,163.90257263183594,21.3818359375,51.463592529296875,1.0984337677655276e-05
210,370.0298156738281,157.3151397705078,21.61077880859375,52.788909912109375,5.196380880079232e-05
210,383.8172607421875,160.3882293701172,21.49560546875,53.027862548828125,3.420061693759635e-05
210,627.5228271484375,154.7011260986328,12.9771728515625,50.95367431640625,4.663655545300571e-06
210,441.2262268066406,167.39971923828125,21.13702392578125,50.7874755859375,3.060945891775191e-05
210,448.12725830078125,164.9720458984375,22.222412109375,52.5972900390625,3.3453725336585194e-06
210,8.76353931427002,179.0625,21.48336410522461,52.2530517578125,7.80289042268123e-07
210,456.43182373046875,172.05979919433594,21.23541259765625,50.87054443359375,2.1450566691783024e-06
210,0.0,184.28565979003906,17.421024322509766,50.89459228515625,0.01050964929163456
210,0.0,98.09708404541016,44.822776794433594,238.224853515625,5.265012077870779e-06
210,0.0,166.0557403564453,23.484874725341797,83.73159790039062,9.858484190772288e-06
210,0.0,127.82301330566406,62.10498046875,298.33642578125,4.764471214002697e-06
240,441.240478515625,174.19679260253906,20.56207275390625,51.1986083984375,0.00033515325048938394
240,449.4054260253906,170.29002380371094,21.1845703125,51.617889404296875,1.1519148301886162e-06
240,464.8128662109375,172.34024047851562,21.842041015625,51.449005126953125,0.0014530979096889496
240,471.6416931152344,170.3889617919922,22.58392333984375,52.52764892578125,0.0002872241020668298
240,479.7174072265625,171.28245544433594,22.145751953125,52.32427978515625,2.558860978751909e-05
240,486.3695068359375,169.49267578125,22.56207275390625,52.516845703125,2.395862566118012e-06
240,519.5638427734375,166.65518188476562,21.7008056640625,51.203765869140625,1.0353839570598211e-05
240,361.09588623046875,71.58198547363281,152.61102294921875,308.77581787109375,2.4621349439257756e-06
240,0.0,185.83584594726562,15.544681549072266,51.68548583984375,2.1169900719542056e-05
240,0.0,88.48597717285156,62.11211395263672,327.3780517578125,5.045291345595615e-06
270,627.6299438476562,154.482421875,12.87005615234375,56.099609375,1.2915856132167391e-05
270,471.5135192871094,179.97752380371094,25.766357421875,62.096710205078125,0.006710003595799208
270,398.38427734375,92.36279296875,142.3050537109375,311.18157958984375,7.768759132886771e-06
270,627.79638671875,176.1166229248047,12.70361328125,51.08270263671875,1.462897034798516e-05
300,616.9457397460938,158.81521606445312,21.80029296875,52.270599365234375,1.6112191588035785e-05
300,0.0,159.62930297851562,16.528545379638672,57.082000732421875,2.0432291876204545e-06
300,472.93450927734375,173.8712921142578,20.56390380859375,50.520904541015625,5.3159847084316425e-06
300,624.20068359375,162.89508056640625,16.29931640625,63.08392333984375,9.875584510155022e-05
300,529.412353515625,184.92703247070312,21.5904541015625,51.135711669921875,0.010528896003961563
300,535.34521484375,181.6200408935547,24.5032958984375,59.99713134765625,0.130349263548851
300,593.8466796875,172.07351684570312,20.6986083984375,51.110870361328125,6.6813013290811796e-06
300,602.583740234375,171.0692901611328,21.121826171875,51.66082763671875,1.602464726602193e-05
300,608.4895629882812,168.6598663330078,26.219482421875,60.3624267578125,0.0003561850171536207
300,567.2372436523438,184.56759643554688,23.3909912109375,54.445648193359375,1.550049455545377e-05
300,615.7733154296875,175.15672302246094,24.7266845703125,62.262847900390625,0.0004565073468256742
300,521.2282104492188,168.68898010253906,36.309814453125,83.69100952148438,9.093733751797117e-06
300,460.3146667480469,112.92424011230469,136.46139526367188,287.1314697265625,3.6932506191078573e-06
300,536.7661743164062,172.20809936523438,35.8599853515625,80.84487915039062,4.507307949097594e-06
300,551.181640625,186.718017578125,21.3385009765625,51.184326171875,0.012355816550552845
300,560.5968017578125,188.38589477539062,21.3990478515625,50.981964111328125,0.00045623391633853316
300,574.5066528320312,183.453125,23.863037109375,56.3887939453125,2.306536543983384e-06
300,624.3423461914062,185.61776733398438,16.15765380859375,61.759002685546875,0.0011812897864729166
300,543.25439453125,186.96871948242188,21.160400390625,50.970489501953125,0.9858848452568054
300,610.8309326171875,189.19558715820312,20.5684814453125,51.16815185546875,2.974031121993903e-05
300,612.7954711914062,155.79324340820312,27.70452880859375,122.6475830078125,1.22752899187617e-05
300,591.2353515625,127.59906005859375,49.2646484375,232.63604736328125,1.3437890629575122e-05
300,522.560791015625,188.94580078125,22.177001953125,52.508392333984375,0.019224068149924278
300,618.3140258789062,203.848388671875,22.18597412109375,53.544891357421875,7.367370017163921e-06
300,625.948974609375,208.74331665039062,14.551025390625,63.92547607421875,1.983764195756521e-05
300,600.66650390625,361.91741943359375,39.83349609375,118.58258056640625,6.09210655966308e-06
330,610.660888671875,0.0,29.839111328125,58.57240295410156,8.761639946897049e-06
330,595.1492309570312,0.0,45.35076904296875,120.39640808105469,3.7473917018360225e-06
330,576.6611938476562,0.0,63.83880615234375,175.51402282714844,8.984979103843216e-06
330,451.8359069824219,173.94488525390625,21.3822021484375,51.545654296875,5.246647197054699e-05
330,488.87847900390625,174.32553100585938,20.8719482421875,51.044647216796875,0.001132188830524683
330,506.60540771484375,172.2148895263672,21.2193603515625,52.122894287109375,7.54436132410774e-06
330,616.9133911132812,172.50892639160156,21.8907470703125,52.1527099609375,2.8095696507079992e-06
330,625.14208984375,167.25515747070312,15.35791015625,63.67578125,1.2265285477042198e-05
330,510.0408630371094,171.92771911621094,27.094757080078125,65.15850830078125,8.403263564105146e-06
330,383.639892578125,109.07145690917969,142.72100830078125,282.548583984375,6.874007340229582e-06
330,427.276123046875,97.65440368652344,152.58746337890625,300.67962646484375,8.64692083268892e-06
330,456.1589050292969,172.52703857421875,25.39892578125,59.82159423828125,0.00016842357581481338
330,613.2376708984375,187.01751708984375,21.8857421875,52.79754638671875,1.7089685570681468e-05
330,561.1666259765625,148.794921875,79.3333740234375,279.5074462890625,2.0718853193102404e-05
330,623.1119995117188,184.48619079589844,17.38800048828125,66.81912231445312,0.012103384360671043
330,0.0,192.14401245117188,14.27869701385498,55.593109130859375,2.7817548470920883e-05
330,0.0,168.22059631347656,21.709796905517578,98.85929870605469,2.3342818167293444e-06
330,17.457901000976562,196.04661560058594,21.42937469482422,50.976715087890625,5.975090289211948e-07
330,25.721473693847656,197.9379119873047,21.198776245117188,51.07891845703125,3.5860557545674965e-06
330,614.7913208007812,172.97592163085938,25.70867919921875,103.27728271484375,0.00028345794999040663
330,594.496826171875,140.8936309814453,46.003173828125,207.9832000732422,5.067027086624876e-05
360,0.0,0.0,60.576446533203125,167.2814483642578,6.6506086113804486e-06
360,520.783935546875,161.53518676757812,22.50048828125,52.51824951171875,1.7600508726900443e-05
360,515.9049682617188,146.71017456054688,37.127685546875,89.79696655273438,6.622581736337452e-07
360,546.2103271484375,165.45045471191406,22.268310546875,52.063690185546875,1.5899337086011656e-05
360,513.9874267578125,168.45213317871094,27.91845703125,66.45999145507812,0.9999663829803467
360,523.8746337890625,167.2652130126953,25.85986328125,61.774627685546875,0.0003705751441884786
360,536.2760620117188,169.478759765625,25.285400390625,59.107269287109375,8.140468708006665e-06
360,569.1883544921875,173.50550842285156,24.0111083984375,56.619476318359375,4.826838903682074e-06
360,579.5866088867188,177.38919067382812,22.0333251953125,51.621673583984375,0.010349033400416374
360,588.6220092773438,162.16717529296875,32.6090087890625,78.59658813476562,4.419939614308532e-06
360,606.302978515625,178.30760192871094,21.82763671875,51.514556884765625,0.0008452006732113659
360,508.316162109375,173.86642456054688,23.84619140625,56.296478271484375,6.734955968568102e-05
360,499.9518127441406,150.59083557128906,45.025238037109375,93.687255859375,1.3357806665226235e-06
360,454.94635009765625,143.79931640625,122.3795166015625,269.97686767578125,4.715709110314492e-06
360,551.2717895507812,173.19374084472656,23.342529296875,55.622894287109375,0.9990848302841187
360,546.0838623046875,163.47705078125,34.310546875,77.8990478515625,5.194294863031246e-05
360,506.75030517578125,118.9111099243164,102.343017578125,243.32647705078125,5.175705155124888e-06
360,559.051513671875,177.00624084472656,21.6522216796875,51.24041748046875,0.00405713077634573
360,575.4813842773438,166.90509033203125,33.6016845703125,77.22793579101562,2.943701019830769e-06
360,585.6011352539062,181.5771942138672,21.7559814453125,51.917022705078125,0.9989601373672485
360,598.8963012695312,179.61102294921875,23.0885009765625,55.333343505859375,0.9999927282333374
360,614.3214111328125,177.86264038085938,22.9954833984375,54.9984130859375,4.402733338793041e-06
360,574.6780395507812,146.49229431152344,50.09130859375,110.02456665039062,8.990300557343289e-07
360,534.0172119140625,130.06015014648438,106.4827880859375,282.30157470703125,6.5719245867512655e-06
360,597.6026000976562,170.86703491210938,33.958740234375,80.83969116210938,1.6857781020007678e-06
360,627.412109375,183.53677368164062,13.087890625,51.406036376953125,1.0479413504072e-05
360,601.353759765625,358.8606262207031,39.146240234375,121.63937377929688,3.6065307540411595e-06
390,607.707763671875,102.47078704833984,32.792236328125,142.495849609375,8.418559445999563e-06
390,624.310302734375,140.01382446289062,16.189697265625,66.73953247070312,1.1012488357664552e-05
390,588.2008666992188,111.70956420898438,52.29913330078125,209.43728637695312,2.1815620129927993e-05
390,621.0438232421875,159.19598388671875,19.4561767578125,71.330810546875,0.0004918433260172606
390,594.3836059570312,152.23312377929688,46.11639404296875,114.5059814453125,0.00010367550567025319
390,586.3892822265625,170.4959259033203,21.4169921875,53.272979736328125,1.4465230378846172e-05
390,392.67999267578125,102.48480224609375,152.41949462890625,294.13836669921875,7.567968623334309e-06
390,590.2052001953125,170.60626220703125,29.1002197265625,68.34426879882812,1.6978086932795122e-05
390,611.0748901367188,173.20669555664062,23.1785888671875,53.516937255859375,1.5136681213334668e-05
390,581.7595825195312,151.67337036132812,58.74041748046875,273.0130615234375,2.5167396415781695e-06
390,598.88671875,170.75836181640625,32.451171875,77.51983642578125,7.464322698069736e-05
390,610.6749267578125,165.14382934570312,29.8250732421875,87.6363525390625,0.9987267851829529
390,0.0,194.8790283203125,13.271347045898438,50.810577392578125,1.5163999478318146e-06
390,48.603050231933594,195.2960205078125,21.43480682373047,51.508026123046875,1.2973296179552563e-05
390,474.7799987792969,181.80271911621094,21.53741455078125,50.95477294921875,5.332641376298852e-05
390,611.1116943359375,191.1109619140625,22.13623046875,52.040008544921875,1.051512299454771e-05
390,620.5589599609375,184.96974182128906,19.9410400390625,72.10307312011719,0.0005368422716856003
420,505.3652648925781,178.12548828125,21.577423095703125,52.6114501953125,0.6738905310630798
420,1.1364107131958008,177.85511779785156,22.288162231445312,54.733306884765625,6.5520057432877365e-06
420,432.7159729003906,101.06401062011719,145.27029418945312,298.47515869140625,8.066695954767056e-06
420,0.0,188.60191345214844,15.151437759399414,51.096588134765625,0.0006684353575110435
420,0.0,137.62374877929688,31.337039947509766,130.21151733398438,6.652677257079631e-06
420,0.0,106.26336669921875,66.5131607055664,311.378173828125,2.4546356144128367e-05
420,628.0469360351562,186.33526611328125,12.45306396484375,50.768829345703125,4.73319050797727e-06
420,568.8206787109375,186.7196807861328,22.1810302734375,52.963134765625,7.080391242197948e-06
450,63.46857452392578,93.09010314941406,22.911514282226562,53.053558349609375,0.00018545087368693203
450,56.57197570800781,97.12832641601562,22.598953247070312,52.65943908691406,0.005024810321629047
450,48.23845291137695,185.04527282714844,21.82327651977539,52.647674560546875,1.1652415196294896e-05
450,560.4667358398438,176.41542053222656,24.7645263671875,58.96246337890625,0.9999679327011108
450,570.4707641601562,175.5810546875,25.3995361328125,60.306854248046875,0.0001707703195279464
450,627.290771484375,181.1610107421875,13.209228515625,50.705963134765625,0.00011673575500026345
450,546.822021484375,183.73617553710938,21.8563232421875,51.895263671875,6.294751801760867e-05
450,505.513671875,158.76434326171875,123.028076171875,267.1661376953125,1.9604849512688816e-06
450,583.8831787109375,182.87496948242188,21.187255859375,51.73175048828125,1.5085358882060973e-06
450,618.1160278320312,186.24774169921875,22.38397216796875,54.4561767578125,8.629819603811484e-06
450,0.0,192.7803955078125,16.365394592285156,52.7841796875,2.020882129727397e-05
450,537.6278686523438,184.63568115234375,20.6370849609375,52.2657470703125,0.0004715030372608453
450,531.0919189453125,191.5631866455078,21.2264404296875,52.70794677734375,1.3656990631716326e-05
450,552.5286254882812,181.1689453125,25.7518310546875,61.892303466796875,5.821999366162345e-05
450,627.4300537109375,197.4774932861328,13.0699462890625,57.368896484375,2.029083771049045e-05
450,600.11767578125,365.7457275390625,40.38232421875,114.7542724609375,3.6454641758609796e-06
480,0.0,168.527099609375,14.448387145996094,51.208953857421875,1.2421372048265766e-05
480,397.9805908203125,168.1213836669922,21.30645751953125,50.5089111328125,4.883219389739679e-06
480,0.0,148.19195556640625,22.527822494506836,93.6549072265625,6.144302915345179e-06
480,406.2051696777344,168.19862365722656,21.4410400390625,51.761932373046875,1.3402238892012974e-06
480,0.0,97.29029846191406,41.729774475097656,234.19993591308594,1.2155801414337475e-05
480,0.0,183.1099090576172,17.796348571777344,51.799468994140625,0.002048705006018281
480,0.0,112.89079284667969,60.92465591430664,311.98236083984375,1.043935480993241e-05
480,481.08056640625,183.54542541503906,22.68731689453125,53.76483154296875,3.272817593824584e-06
510,563.602783203125,162.55953979492188,22.068115234375,52.155303955078125,3.3483182050986215e-05
510,627.7594604492188,169.1548309326172,12.74053955078125,52.0286865234375,9.939083611243404e-06
510,471.5859375,163.9099578857422,38.3358154296875,85.10113525390625,6.4254381868522614e-06
510,464.5765380859375,137.0486602783203,53.963623046875,123.71348571777344,1.449018100174726e-06
510,409.5081787109375,101.85226440429688,143.9083251953125,299.3458251953125,8.885443094186485e-06
510,567.47021484375,174.4433135986328,22.0877685546875,51.1646728515625,0.04272446036338806
510,574.9761962890625,174.55137634277344,20.94384765625,51.493133544921875,0.0003425807226449251
510,584.7299194335938,175.52438354492188,20.3330078125,50.810546875,4.909386461804388e-06
510,609.1714477539062,175.07664489746094,20.9075927734375,50.652679443359375,2.545523238950409e-05
510,616.81103515625,175.07373046875,21.776611328125,51.3973388671875,3.3306056138826534e-05
510,468.8049621582031,186.21621704101562,20.94622802734375,51.298492431640625,9.195085794999613e-07
510,481.16943359375,182.84039306640625,21.7430419921875,51.3167724609375,0.7971881628036499
510,553.7003173828125,177.5204620361328,26.500244140625,61.855224609375,1.3867835150449537e-05
510,606.0783081054688,173.2892608642578,30.4608154296875,72.19754028320312,4.8697951569920406e-05
510,623.7113037109375,173.44320678710938,16.7886962890625,73.13833618164062,1.988941221497953e-05
510,487.25933837890625,186.68026733398438,22.61669921875,52.670166015625,0.018160047009587288
510,496.71221923828125,189.4355926513672,21.00958251953125,50.997528076171875,1.5515330460402765e-06
510,562.0707397460938,173.7443389892578,32.4527587890625,74.19232177734375,0.0001782316976459697
510,473.125,187.48973083496094,25.4149169921875,62.070556640625,3.51300259353593e-05
540,403.29083251953125,98.83737182617188,35.17724609375,79.88644409179688,4.6622367335658055e-06
540,400.3825988769531,119.76158142089844,41.52642822265625,100.81591796875,5.738254003517795e-06
540,522.0612182617188,175.5269012451172,21.7333984375,51.572998046875,0.008644030429422855
540,521.0946655273438,165.5072021484375,33.9046630859375,79.171142578125,4.0313630051969085e-06
540,535.1324462890625,178.81675720214844,21.910400390625,50.866180419921875,0.007161180954426527
540,551.3206787109375,179.9693603515625,22.4068603515625,52.42218017578125,5.827414497616701e-05
540,0.0,175.36537170410156,15.569664001464844,57.633758544921875,8.439064913545735e-06
540,513.9342041015625,180.51617431640625,21.1729736328125,50.990875244140625,0.0001955316256498918
540,528.492919921875,180.9739532470703,21.5489501953125,51.240478515625,0.9998987913131714
540,459.6621398925781,132.33084106445312,129.11666870117188,280.821533203125,4.546451691567199e-06
540,544.6642456054688,180.68161010742188,21.304443359375,51.30987548828125,0.00041799258906394243
540,507.8297424316406,185.51722717285156,21.693450927734375,52.269134521484375,0.0002207643847214058
570,614.8688354492188,172.46542358398438,23.3809814453125,56.4815673828125,0.00020797309116460383
570,625.2516479492188,170.0955810546875,15.24835205078125,53.527618408203125,6.324541755020618e-05
570,595.801025390625,177.1971435546875,23.8170166015625,57.75762939453125,0.0003290278255008161
570,555.7899169921875,146.24749755859375,84.7100830078125,284.15228271484375,5.094686457596254e-06
570,606.6964111328125,175.77076721191406,27.3016357421875,64.69015502929688,0.9991703033447266
570,621.1649169921875,179.5642547607422,19.3350830078125,62.21539306640625,0.024705491960048676
570,616.4896850585938,154.91232299804688,24.01031494140625,112.59976196289062,1.1124313459731638e-05
570,600.5796508789062,183.26470947265625,25.725830078125,61.99517822265625,0.007413933519273996
570,593.9321899414062,173.277099609375,38.4912109375,90.28280639648438,0.00012051971134496853
570,615.3480224609375,196.45761108398438,23.2711181640625,56.648956298828125,5.426964708021842e-05
570,625.731201171875,201.95843505859375,14.768798828125,52.25323486328125,1.6811700334073976e-05
600,0.0,177.566162109375,15.64798355102539,54.948944091796875,1.2700515071628615e-05
600,7.716137886047363,179.5743408203125,22.040664672851562,52.1568603515625,1.1394416105758864e-05
600,1.7909011840820312,184.7357940673828,21.858095169067383,51.99237060546875,7.62418267186149e-06
600,423.55316162109375,177.53179931640625,21.1663818359375,50.5611572265625,6.995479907345725e-06
630,628.4325561523438,150.97271728515625,12.06744384765625,56.308502197265625,1.236615025845822e-05
630,0.0,187.23483276367188,15.376856803894043,53.174224853515625,1.0186518920818344e-05
660,382.4487609863281,17.904808044433594,28.93402099609375,67.94232177734375,5.4199514124775305e-05
660,378.83807373046875,14.671676635742188,40.5457763671875,101.14216613769531,0.00036921934224665165
660,375.337890625,8.690391540527344,60.0152587890625,141.6097412109375,1.7637173641560366e-06
660,2.280580520629883,183.96243286132812,22.21947479248047,53.0684814453125,2.438542651361786e-06
660,0.0,192.5318145751953,15.631757736206055,52.91864013671875,4.922809239360504e-06
690,601.199951171875,87.03306579589844,21.5673828125,50.808807373046875,4.230478225508705e-05
690,617.4409790039062,81.37397003173828,20.7806396484375,50.69805145263672,6.270180620049359e-06
690,627.5849609375,82.424560546875,12.9150390625,51.04682922363281,2.7892323487321846e-05
690,422.1478576660156,180.9990692138672,22.0360107421875,51.504180908203125,0.002230783924460411
690,0.0,187.1793212890625,13.56045150756836,52.7010498046875,0.00015495931438636035
690,0.0,162.08786010742188,22.061939239501953,99.09210205078125,4.532948423729977e-06
690,411.39105224609375,181.0703582763672,20.8956298828125,51.3380126953125,6.330046289804159e-06
690,413.37847900390625,166.39991760253906,34.54022216796875,80.15859985351562,3.0831074582238216e-06
690,429.6769104003906,179.75357055664062,23.47393798828125,56.7235107421875,0.00015889265341684222
720,447.50830078125,160.31439208984375,30.6905517578125,75.1495361328125,0.00011053515481762588
720,442.1878356933594,171.26683044433594,25.15997314453125,57.50250244140625,6.355351797537878e-05
720,462.93560791015625,172.31011962890625,23.20989990234375,55.3695068359375,0.015575185418128967
720,457.15447998046875,157.23760986328125,35.42071533203125,81.29632568359375,0.00013236835366114974
720,0.0,187.49913024902344,15.684715270996094,51.5062255859375,0.0002497558598406613
720,0.0,182.53590393066406,25.139842987060547,64.83645629882812,6.735378519806545e-06
720,450.5638427734375,179.99838256835938,21.42059326171875,51.793426513671875,9.083643089979887e-05
720,469.84368896484375,178.48410034179688,21.816650390625,52.361328125,0.0007241580751724541
720,458.3088684082031,180.8914794921875,21.98992919921875,53.5135498046875,0.00015774522034917027
750,591.0361938476562,58.23936462402344,49.46380615234375,239.47840881347656,1.0088871931657195e-05
750,0.0,181.98916625976562,16.585729598999023,51.3870849609375,0.00025603719404898584
750,489.69256591796875,178.131103515625,22.319091796875,52.716644287109375,0.00022835115669295192
750,0.0,140.3632354736328,29.581995010375977,125.42301940917969,1.7920934851645143e-06
750,0.0,111.31718444824219,62.55039978027344,310.546875,8.658341357659083e-06
750,0.0,179.6700439453125,25.873394012451172,66.6025390625,8.764363883528858e-06
750,482.2463684082031,181.8797149658203,23.17144775390625,55.92303466796875,2.0755501282110345e-06
750,514.6090087890625,182.51605224609375,22.01220703125,50.939849853515625,2.0846689494646853e-06
780,626.5642700195312,89.41886901855469,13.93572998046875,57.55931091308594,8.649386472825427e-06
780,84.25010681152344,172.18576049804688,21.644424438476562,50.8026123046875,0.0016006686491891742
780,34.006126403808594,182.35211181640625,20.34819793701172,50.563720703125,1.114627252718492e-06
780,601.5878295898438,167.84861755371094,30.0150146484375,71.23870849609375,3.174419543938711e-05
780,609.3372192382812,179.2385711669922,20.9215087890625,50.8883056640625,0.730156421661377
780,0.0,187.57342529296875,13.650358200073242,50.923248291015625,8.293104474432766e-05
780,0.0,102.72648620605469,68.6837158203125,310.90869140625,6.44465899313218e-06
780,610.706787109375,173.58328247070312,29.793212890625,71.50674438476562,0.0012623232323676348
780,626.8422241210938,185.0802001953125,13.65777587890625,53.38507080078125,5.20182265972835e-06
810,473.89385986328125,173.6752471923828,22.91064453125,56.2127685546875,1.9903491192962974e-05
810,64.573486328125,180.09425354003906,21.279449462890625,51.209869384765625,0.0003148885443806648
810,481.3434143066406,178.49742126464844,21.43023681640625,50.79644775390625,0.002518748864531517
810,488.5085754394531,178.2350616455078,21.35491943359375,51.45611572265625,0.0001435931771993637
810,495.06549072265625,179.60348510742188,21.9161376953125,52.607940673828125,8.861477544996887e-05
810,0.0,188.0428009033203,14.411890029907227,51.761688232421875,0.0005209295195527375
810,0.0,164.45033264160156,21.439369201660156,95.41334533691406,9.9897133623017e-06
810,0.0,108.17648315429688,61.4940185546875,313.0694580078125,7.011001798673533e-06
840,626.5233154296875,79.49424743652344,13.9766845703125,51.74432373046875,1.4841156371403486e-05
840,616.3123779296875,86.04701232910156,24.1876220703125,58.84356689453125,1.565394995850511e-05
840,610.8156127929688,99.77137756347656,21.0260009765625,51.78224182128906,1.2945451089763083e-05
840,625.0814819335938,96.39600372314453,15.41851806640625,63.36510467529297,1.956891173904296e-05
840,614.4650268554688,98.44514465332031,26.03497314453125,76.64129638671875,2.7424157451605424e-05
840,2.7820234298706055,179.24298095703125,21.243873596191406,50.749908447265625,0.00012069382501067594
840,467.3758850097656,181.25685119628906,21.49188232421875,50.627655029296875,7.166003342717886e-05
840,488.6249694824219,179.9109344482422,23.014892578125,54.684295654296875,0.001068166340701282
840,576.4779663085938,179.68515014648438,23.5888671875,56.46173095703125,7.898318472143728e-06
840,6.058480262756348,178.1326446533203,27.097793579101562,64.226318359375,3.7928989513602573e-06
840,500.7244873046875,185.0799560546875,23.807373046875,57.5003662109375,2.757643642326002e-06
840,0.0,185.28466796875,14.702000617980957,51.4141845703125,0.00010220039985142648
840,0.0,97.64744567871094,60.40023422241211,311.15716552734375,8.376627192774322e-06
840,467.7112121582031,170.2326202392578,35.33929443359375,78.58090209960938,1.5309091395465657e-05
840,413.6392822265625,134.28504943847656,133.60687255859375,274.79840087890625,1.3972042324894574e-05
840,495.25579833984375,189.0650177001953,21.45281982421875,51.5040283203125,0.0028147855773568153
840,528.7478637695312,193.62510681152344,22.007568359375,53.5877685546875,1.632412568142172e-05
840,475.3682861328125,185.6331329345703,21.29296875,50.591766357421875,0.9996670484542847
840,536.5471801757812,197.61241149902344,21.2745361328125,51.670440673828125,1.0556810593698174e-05
840,560.8282470703125,190.27798461914062,25.18994140625,57.613555908203125,4.830955731449649e-06
840,569.6411743164062,188.82244873046875,25.6396484375,59.8577880859375,0.0001546412386232987
840,580.5402221679688,190.43324279785156,25.235595703125,59.56439208984375,0.03384760767221451
840,580.2265625,177.87901306152344,35.54443359375,84.51765441894531,6.352197488013189e-06
840,589.634033203125,195.0603485107422,23.2022705078125,56.532928466796875,0.0004183892742730677
840,627.8234252929688,211.5361785888672,12.67657470703125,50.55668640136719,3.3044540032278746e-05
840,623.5821533203125,199.1709442138672,16.9178466796875,75.19047546386719,1.836778574215714e-05
840,592.27734375,129.2951202392578,48.22265625,236.56980895996094,9.020091965794563e-06
840,627.6950073242188,230.86962890625,12.80499267578125,50.915740966796875,8.382836313103326e-06
870,626.824951171875,98.87107849121094,13.675048828125,57.0184326171875,9.220541869581211e-06
870,0.0,176.9549560546875,14.429084777832031,54.2161865234375,7.885500963311642e-06
870,450.1393127441406,179.3793487548828,22.703125,53.6651611328125,0.00014061802357900888
870,461.7705383300781,184.4580078125,21.55230712890625,52.103546142578125,0.00021851899509783834
870,470.696533203125,183.56021118164062,23.5238037109375,56.09759521484375,0.9931633472442627
870,465.8741455078125,170.26007080078125,33.73626708984375,78.859619140625,0.00013202964328229427
870,411.8900146484375,121.64141845703125,132.13824462890625,287.4569091796875,3.283709474999341e-06
870,520.24072265625,197.3082733154297,22.4918212890625,54.921630859375,0.00020988548931200057
870,560.3718872070312,199.2921142578125,22.7803955078125,55.664581298828125,0.00020830371067859232
870,626.9407958984375,187.21353149414062,13.5592041015625,52.110626220703125,9.984742064261809e-06
870,477.9877624511719,189.71707153320312,21.87457275390625,51.580108642578125,0.051897551864385605
870,584.413818359375,197.14878845214844,22.597412109375,54.1573486328125,6.943994958419353e-05
870,591.0587158203125,194.79513549804688,23.2457275390625,54.745391845703125,8.066695954767056e-06
870,576.392822265625,200.56175231933594,22.857177734375,54.595550537109375,0.00012859310663770884
870,464.46197509765625,192.9730987548828,23.63739013671875,56.86041259765625,1.3395542737271171e-06
870,566.7266235351562,205.36947631835938,22.2921142578125,52.628631591796875,0.0005603025783784688
870,627.877197265625,209.6658935546875,12.622802734375,51.211578369140625,3.7208474168437533e-06
900,627.555419921875,149.44927978515625,12.944580078125,51.3656005859375,0.0001524367107776925
900,620.3641357421875,128.68429565429688,20.1358642578125,94.51885986328125,1.9750128558371216e-05
900,457.8612976074219,157.30227661132812,33.05859375,78.90554809570312,1.450278523407178e-05
900,480.2305908203125,162.7051544189453,24.92657470703125,60.15350341796875,0.0001585834106663242
900,49.068965911865234,174.52764892578125,20.92428207397461,50.84527587890625,1.7753327483660541e-06
900,471.2825012207031,170.58248901367188,22.66534423828125,53.548248291015625,0.01958676241338253
900,487.920166015625,174.63937377929688,21.96075439453125,51.099273681640625,0.18784302473068237
900,523.2623291015625,170.24514770507812,20.7808837890625,51.512786865234375,1.5222030924633145e-05
900,511.2188720703125,158.28587341308594,44.59130859375,106.15876770019531,2.353492527618073e-05
900,426.44775390625,175.69952392578125,22.44427490234375,52.995758056640625,8.968404472398106e-06
900,465.5964660644531,176.99510192871094,21.2703857421875,50.8447265625,0.9999034404754639
900,495.4212951660156,173.66949462890625,20.483551025390625,51.581207275390625,0.00010056754399556667
900,513.7816772460938,176.26026916503906,26.5416259765625,62.336669921875,1.4394098798220512e-05
900,548.2840576171875,176.22174072265625,21.1224365234375,50.7186279296875,0.0002555869286879897
900,556.5399780273438,173.97584533691406,21.49658203125,51.69854736328125,0.12729096412658691
900,485.129638671875,83.50070190429688,143.97216796875,310.4371032714844,9.239924111170694e-06
900,627.4356079101562,166.8366241455078,13.06439208984375,52.7943115234375,2.7541731469682418e-05
900,432.67633056640625,184.35098266601562,21.69793701171875,51.4854736328125,6.5379554143873975e-06
900,402.344970703125,113.69035339355469,136.435546875,289.2420654296875,1.8566966900834814e-05
900,564.5073852539062,173.3017578125,21.8953857421875,53.46759033203125,4.356947829364799e-05
900,0.0,184.48556518554688,15.294496536254883,54.229095458984375,8.106799214147031e-06
900,504.5040283203125,176.656494140625,27.4349365234375,63.2911376953125,7.0339660851459485e-06
900,519.8116455078125,174.2579803466797,31.4482421875,75.187255859375,0.9999978542327881
900,530.3959350585938,177.58895874023438,28.050048828125,65.03164672851562,0.00023945936118252575
900,628.00634765625,186.14773559570312,12.49365234375,51.518524169921875,3.2948958050837973e-06
900,541.2977294921875,177.09971618652344,31.0625,74.990966796875,2.6504441848373972e-05
900,551.2550659179688,173.65682983398438,30.78662109375,72.048095703125,0.0059918612241744995
900,624.2113647460938,192.01528930664062,16.28863525390625,77.33438110351562,8.810421604721341e-06
900,529.2927856445312,195.49557495117188,22.2296142578125,53.230194091796875,1.708450508886017e-05
900,628.1587524414062,212.3380126953125,12.34124755859375,50.837554931640625,1.6401165339630097e-05
900,628.56298828125,228.0717315673828,11.93701171875,57.94078063964844,6.121855676610721e-06
930,599.8873901367188,87.47251892089844,24.4410400390625,56.21656799316406,4.590336629917147e-06
930,608.3837280273438,95.56785583496094,24.00390625,57.04058837890625,4.812893166672438e-06
930,627.5429077148438,172.70848083496094,12.95709228515625,55.768890380859375,2.765700173767982e-06
930,520.1588134765625,177.86341857910156,23.460693359375,55.88873291015625,1.110153789340984e-06
930,528.6039428710938,175.140869140625,21.1409912109375,51.3953857421875,8.077103302639443e-06
930,0.0,186.11366271972656,15.465665817260742,53.339569091796875,1.2958555998920929e-05
930,496.2618713378906,180.50653076171875,22.120025634765625,53.58941650390625,6.926416244823486e-05
930,503.097900390625,182.2921142578125,23.345703125,54.94189453125,2.749825625869562e-06
930,618.8938598632812,160.20791625976562,21.60614013671875,99.68997192382812,2.750436578935478e-06
930,489.00665283203125,186.55014038085938,23.73541259765625,56.636199951171875,6.540861249959562e-06
930,594.3341674804688,192.49078369140625,23.5023193359375,55.326080322265625,5.425705239758827e-06
930,602.1770629882812,191.54727172851562,23.2684326171875,52.843231201171875,6.6918996708409395e-06
930,627.3828735351562,192.95687866210938,13.11712646484375,51.42724609375,1.9651830371003598e-05
930,609.9259033203125,199.27603149414062,20.759033203125,50.743011474609375,5.02303009852767e-05
930,617.5167846679688,199.61767578125,21.1390380859375,50.907989501953125,8.738924407225568e-06
930,625.5958862304688,204.45196533203125,14.90411376953125,59.729522705078125,8.948463801061735e-06
960,582.7041625976562,136.74664306640625,50.8857421875,124.01116943359375,8.809362952888478e-06
960,524.2616577148438,157.79086303710938,45.701171875,108.76699829101562,8.071085903793573e-05
960,578.2386474609375,164.77293395996094,23.0489501953125,54.629364013671875,7.447044481523335e-06
960,599.8948974609375,159.53128051757812,22.81298828125,54.159820556640625,0.0001586100406711921
960,626.5714721679688,158.04185485839844,13.92852783203125,53.93218994140625,4.728642670670524e-05
960,0.0,165.42979431152344,23.573453903198242,55.905670166015625,4.098789304407546e-06
960,537.7498779296875,168.29701232910156,22.3392333984375,54.166900634765625,2.1095091142342426e-05
960,600.6185302734375,160.98507690429688,31.1541748046875,75.1197509765625,0.002322981134057045
960,559.8353271484375,170.90069580078125,26.433837890625,60.72467041015625,8.29932923807064e-06
960,567.7658081054688,165.2591094970703,26.9652099609375,63.760711669921875,2.49300901487004e-05
960,576.4976196289062,157.68099975585938,32.67919921875,78.36181640625,0.000153040251461789
960,593.4328002929688,164.93589782714844,24.1298828125,57.965972900390625,0.09601559489965439
960,541.840087890625,151.5699005126953,98.659912109375,274.445068359375,2.696376668609446e-06
960,0.0,176.9741668701172,15.461529731750488,52.96240234375,3.0754181352676824e-05
960,522.7882080078125,172.1104736328125,29.5360107421875,69.80999755859375,3.5016073525184765e-05
960,588.9104614257812,156.6162567138672,35.2510986328125,84.73477172851562,0.999997615814209
960,611.5658569335938,163.83367919921875,28.93414306640625,75.45208740234375,0.0002990233479067683
960,623.3643798828125,168.06613159179688,17.1356201171875,64.03994750976562,0.0002937028184533119
960,532.1371459960938,171.67222595214844,31.8499755859375,76.35955810546875,0.9999990463256836
960,485.57513427734375,155.06082153320312,118.790771484375,281.99346923828125,2.708879719648394e-06
960,542.34033203125,169.75843811035156,32.8037109375,78.54489135742188,0.0003306800208520144
960,626.057373046875,188.9853057861328,14.442626953125,52.765899658203125,1.1260166502324864e-05
960,544.40234375,188.52700805664062,23.0439453125,55.955810546875,2.2770245777792297e-06
990,544.523681640625,168.3896484375,25.16162109375,56.844390869140625,4.019090283691185e-06
990,624.3927612304688,174.45326232910156,16.10723876953125,63.162567138671875,0.0001214185103890486
990,610.2689208984375,181.12669372558594,22.1329345703125,53.695037841796875,5.354420409275917e-06
990,0.0,191.56614685058594,15.389667510986328,54.505859375,1.2174909898021724e-05
990,608.2415771484375,190.81520080566406,28.56298828125,65.4315185546875,0.0002693183487281203
990,625.4555053710938,199.7069091796875,15.04449462890625,53.65667724609375,0.0003545987419784069
990,618.919921875,190.778076171875,21.580078125,78.8255615234375,0.010676699690520763
990,591.80908203125,147.01141357421875,48.69091796875,214.86968994140625,2.9414191885734908e-05
990,611.5502319335938,175.4657440185547,28.94976806640625,116.75630187988281,0.00023080778191797435
990,610.2529907226562,215.67303466796875,23.0352783203125,56.64154052734375,1.4988224393164273e-05
990,624.5578002929688,216.13412475585938,15.94219970703125,67.5269775390625,2.0388601114973426e-05
1020,409.5030517578125,162.11343383789062,22.30780029296875,52.3704833984375,1.0028477845480666e-05
1020,614.57666015625,169.52810668945312,22.1995849609375,52.90185546875,1.983166475838516e-05
1020,481.4901428222656,176.093994140625,21.67645263671875,50.9913330078125,3.3623233321122825e-05
1020,626.7802124023438,169.9840087890625,13.71978759765625,56.52020263671875,1.2205554412503261e-05
1020,529.9652099609375,179.1239013671875,22.947998046875,54.97711181640625,2.9963864562887466e-06
1020,608.986572265625,174.72348022460938,21.7369384765625,51.32806396484375,0.0005177946295589209
1020,0.0,182.6243133544922,14.384079933166504,54.14166259765625,2.832668906194158e-05
1020,601.4891967773438,181.28561401367188,25.6832275390625,60.298797607421875,2.8023657705489313e-06
1050,594.4821166992188,0.0,46.01788330078125,120.30093383789062,6.118563305790303e-06
1050,512.9678955078125,174.33877563476562,22.2320556640625,52.653350830078125,1.4930420547898393e-05
1050,0.0,185.12969970703125,15.397171020507812,55.78643798828125,0.00012521233293227851
1050,0.0,159.62060546875,21.62015724182129,96.70223999023438,9.79056585492799e-06
1080,0.0,158.78604125976562,13.356965065002441,51.59454345703125,7.025659670034656e-06
1080,0.0,165.33885192871094,23.378644943237305,57.819366455078125,8.797223017609213e-06
1080,627.5077514648438,164.43038940429688,12.99224853515625,53.51165771484375,4.918932972941548e-06
1080,7.734101295471191,172.85516357421875,22.614517211914062,53.1837158203125,6.235064574866556e-06
1080,49.65021514892578,178.42677307128906,21.356491088867188,51.180908203125,3.523435907482053e-06
1080,538.5148315429688,172.01611328125,22.46875,53.044158935546875,2.769338243524544e-05
1080,620.1259765625,149.8690948486328,20.3740234375,96.78317260742188,7.250888756971108e-06
1080,0.0,175.6062774658203,15.289775848388672,54.130706787109375,8.863150287652388e-05
1080,617.9779663085938,181.13851928710938,21.6025390625,51.994537353515625,1.3823192603013013e-05
1080,627.33544921875,187.14968872070312,13.16455078125,50.703826904296875,0.00017443268734496087
1080,627.1876220703125,206.4133758544922,13.3123779296875,51.47441101074219,5.0053604354616255e-06
1110,434.7242126464844,160.7850799560547,23.68914794921875,56.06884765625,2.1877745894016698e-05
1110,448.7977294921875,162.22528076171875,22.318115234375,53.544677734375,5.832640817970969e-05
1110,440.9512939453125,164.10150146484375,24.77752685546875,58.82415771484375,0.027559416368603706
1110,456.5408020019531,165.3720245361328,21.5753173828125,52.26519775390625,0.00038415673770941794
1110,463.5784912109375,167.9267578125,22.71685791015625,53.95147705078125,1.475146746088285e-05
1110,482.7351989746094,172.82034301757812,22.39825439453125,53.017364501953125,6.425515266528237e-07
1110,0.0,180.87750244140625,15.858123779296875,56.9351806640625,9.258208592655137e-06
1110,437.7700500488281,155.35653686523438,34.8621826171875,84.0611572265625,1.859008989413269e-05
1110,608.1762084960938,183.68618774414062,22.2135009765625,54.31060791015625,1.5188202269200701e-05
1110,604.8467407226562,174.7917938232422,32.4744873046875,77.70419311523438,3.6075300158699974e-05
1110,0.0,198.9488525390625,20.948402404785156,51.88397216796875,0.0004530623846221715
1110,490.0005187988281,185.22618103027344,21.61004638671875,51.086822509765625,8.40406573843211e-05
1110,6.263751029968262,199.8368377685547,21.77249526977539,52.509429931640625,2.2434904167312197e-05
1110,0.0,212.02044677734375,13.922786712646484,51.47381591796875,7.672484571230598e-06
1140,620.5610961914062,131.12564086914062,19.93890380859375,94.64779663085938,4.050431016366929e-06
1140,465.680419921875,163.4420623779297,23.0408935546875,55.057708740234375,1.6248861356871203e-05
1140,473.03118896484375,167.97433471679688,21.749755859375,52.89764404296875,5.665249773301184e-06
1140,488.0787048339844,167.8806915283203,22.040283203125,52.598052978515625,3.209914211765863e-05
1140,610.5206298828125,167.74749755859375,22.2071533203125,52.1435546875,1.040866754919989e-05
1140,625.7178955078125,164.3846435546875,14.7821044921875,56.11737060546875,0.00017638906138017774
1140,450.3165283203125,167.654296875,23.072265625,54.685455322265625,1.6159601727849804e-05
1140,481.2390441894531,170.92837524414062,21.59771728515625,51.287689208984375,8.59843839862151e-06
1140,567.1038818359375,70.00993347167969,73.3961181640625,316.06427001953125,2.739627461778582e-06
1140,617.8226928710938,173.5167999267578,21.8701171875,51.43658447265625,1.0601635040075053e-05
1140,0.0,183.36843872070312,15.586809158325195,56.528228759765625,0.0003570244007278234
1140,0.0,165.55445861816406,21.71700668334961,90.27352905273438,9.906228115141857e-06
1140,7.1391401290893555,192.31863403320312,22.36164093017578,54.64263916015625,3.6487022043729667e-06
1140,0.0,204.48275756835938,13.393707275390625,51.545135498046875,4.355675173428608e-06
1170,401.8959655761719,175.54429626464844,21.67718505859375,52.4947509765625,2.4818105885060504e-05
1170,128.42031860351562,181.6396484375,22.35028076171875,52.740325927734375,5.1920611440436915e-05
1170,555.5494995117188,177.46624755859375,20.7469482421875,50.623016357421875,9.687344572739676e-05
1170,561.3589477539062,180.28236389160156,21.14697265625,51.012725830078125,1.9148299543303438e-05
1170,0.0,193.8486785888672,16.261394500732422,53.5828857421875,3.113741331617348e-05
1170,135.63519287109375,190.6688690185547,21.75579833984375,51.48065185546875,2.9638209525728598e-05
1200,627.28857421875,148.89588928222656,13.21142578125,51.237213134765625,8.905692084226757e-06
1200,608.5252075195312,162.08309936523438,24.228515625,55.83184814453125,2.1237479813862592e-05
1200,422.0506286621094,175.5095672607422,20.6898193359375,50.97119140625,3.4676231734920293e-06
1200,616.596435546875,169.72903442382812,22.1854248046875,52.95367431640625,1.5076520867296495e-05
1200,626.8159790039062,168.07705688476562,13.68402099609375,53.95062255859375,8.133640221785754e-06
1200,0.0,195.37086486816406,15.14998722076416,52.545135498046875,2.486820812919177e-05
1200,1.4941959381103516,205.217529296875,21.809406280517578,52.129150390625,2.4781679712759797e-06
1200,600.5826416015625,364.9831848144531,39.9173583984375,115.51681518554688,8.312811587529723e-06
1230,423.9795837402344,168.03977966308594,28.19940185546875,69.38735961914062,9.507429012955981e-07
1230,341.09881591796875,91.44175720214844,155.2156982421875,300.00384521484375,1.6282594970107311e-06
1230,0.0,192.7733917236328,14.943853378295898,53.263763427734375,3.403788014111342e-06
1230,627.3673706054688,192.15867614746094,13.13262939453125,56.79656982421875,6.683493666059803e-06
1260,608.9369506835938,158.67599487304688,20.96923828125,51.3179931640625,4.710864232038148e-05
1260,439.3586730957031,169.48345947265625,27.65179443359375,67.90032958984375,1.3000691978959367e-05
1260,361.0552062988281,86.94729614257812,151.1688232421875,302.6727600097656,5.0301291594223585e-06
1260,0.0,184.5957794189453,15.412956237792969,53.82196044921875,0.00010515325993765146
1260,627.4762573242188,185.98910522460938,13.02374267578125,50.753875732421875,4.124232873436995e-06
1260,0.0,162.10565185546875,23.134002685546875,97.45040893554688,5.052990672993474e-06
1290,451.4986267089844,172.75538635253906,21.3150634765625,51.902740478515625,4.357502803031821e-06
1290,416.5663757324219,168.85791015625,22.6759033203125,54.22247314453125,0.000994345755316317
1290,0.0,177.8899688720703,15.47576904296875,56.06378173828125,1.4860926057735924e-05
1290,423.6204833984375,170.88583374023438,22.954833984375,54.42864990234375,1.2840644558309577e-05
1290,455.7553405761719,172.64630126953125,26.94903564453125,65.86599731445312,2.8899419703520834e-05
1290,381.75567626953125,103.62841796875,146.31536865234375,297.38934326171875,6.7909313656855375e-06
1290,1.8097305297851562,190.34442138671875,21.157018661499023,50.853668212890625,6.9799461925867945e-06
1290,410.6122131347656,174.8966827392578,23.35113525390625,56.576904296875,5.529789632419124e-06
1290,0.0,198.52041625976562,15.202814102172852,53.699066162109375,1.7149504856206477e-05
1320,1.348978042602539,175.2864532470703,22.394081115722656,52.8328857421875,1.3767489690508228e-05
1320,482.8697814941406,181.01063537597656,21.26007080078125,50.58770751953125,0.9992778897285461
1320,0.0,183.11825561523438,14.967247009277344,57.050872802734375,1.402359612256987e-05
1320,0.0,159.50872802734375,23.174800872802734,97.71713256835938,3.7592787975881947e-06
1320,7.366135597229004,184.6345977783203,22.259578704833984,52.218994140625,1.1455441381258424e-05
1320,465.7288818359375,185.9309539794922,20.79229736328125,51.7940673828125,2.575419784989208e-06
1320,474.94818115234375,166.36154174804688,34.34210205078125,80.7738037109375,6.454875801864546e-06
1320,414.8404235839844,139.28402709960938,131.16860961914062,271.372802734375,7.5318389463063795e-06
1320,441.1189880371094,186.8915557861328,21.78973388671875,50.74835205078125,1.5646162410121178e-06
1320,476.2319030761719,183.42413330078125,21.79522705078125,51.73431396484375,0.0002561475557740778
1350,481.779541015625,183.19692993164062,20.64007568359375,50.933685302734375,1.9738174160011113e-05
1350,540.3825073242188,180.0748748779297,23.635498046875,54.3953857421875,1.6562401015107753e-06
1350,526.2863159179688,182.74578857421875,24.8138427734375,59.0159912109375,0.8886907696723938
1350,471.3988037109375,136.10870361328125,127.2752685546875,271.771728515625,1.7258705611311598e-06
1350,503.1580810546875,178.5876922607422,33.2579345703125,79.39167785644531,4.705789535819349e-07
1350,512.6407470703125,190.68075561523438,23.3427734375,54.69580078125,0.01169342827051878
1350,534.2342529296875,184.787841796875,22.407958984375,52.44268798828125,0.00033420627005398273
1350,627.8997802734375,192.785400390625,12.6002197265625,50.6981201171875,3.1684801342635183e-06
1350,506.8704833984375,197.98822021484375,22.5347900390625,55.4403076171875,2.9823172553733457e-06
1350,517.3699951171875,185.92088317871094,27.70166015625,65.91140747070312,6.213671440491453e-05
1380,595.7254028320312,0.0,44.77459716796875,132.54176330566406,6.803325504733948e-06
1380,576.435791015625,0.0,64.064208984375,185.68972778320312,6.165618628983793e-07
1380,419.1089782714844,171.485107421875,22.07537841796875,51.812957763671875,0.00043984962394461036
1380,585.0542602539062,171.793212890625,21.92919921875,54.404022216796875,2.0526375010376796e-05
1380,567.6669311523438,154.9601287841797,43.2874755859375,102.97883605957031,1.8018513401329983e-06
1380,591.7277221679688,174.16299438476562,27.966064453125,68.36785888671875,0.007504643406718969
1380,601.2806396484375,171.99652099609375,22.16357421875,53.336639404296875,0.00013157592911738902
1380,609.57861328125,175.15431213378906,28.3724365234375,67.50042724609375,7.043249752314296e-06
1380,425.9537658691406,176.501220703125,22.17974853515625,52.801788330078125,0.5914595723152161
1380,363.126220703125,139.86827087402344,132.644287109375,282.70013427734375,7.16987324267393e-06
1380,561.8941650390625,179.0845184326172,22.1983642578125,53.25445556640625,0.001980488421395421
1380,571.5534057617188,176.5240936279297,23.9927978515625,56.341461181640625,0.0001239763805642724
1380,575.3045654296875,170.34506225585938,29.9185791015625,71.4700927734375,0.9999606609344482
1380,584.3270874023438,154.94903564453125,42.11669921875,104.45010375976562,8.209566658479162e-06
1380,410.041748046875,180.42076110839844,21.68988037109375,51.6265869140625,1.0719261808844749e-05
1380,437.0664367675781,176.9071044921875,24.89794921875,61.059478759765625,1.4825072867097333e-05
1380,445.44073486328125,179.97616577148438,25.41790771484375,58.919097900390625,4.67913196189329e-06
1380,456.909912109375,182.59152221679688,21.1744384765625,51.20025634765625,9.857757277131896e-07
1380,597.934814453125,172.23046875,32.5999755859375,78.169921875,0.999996542930603
1380,624.717529296875,179.209716796875,15.782470703125,63.3157958984375,2.6429197532706894e-05
1380,554.0579833984375,181.60037231445312,25.5003662109375,60.275909423828125,3.8790690268797334e-06
1380,417.4872741699219,182.02996826171875,28.123046875,66.116943359375,7.612005902046803e-06
1380,423.4076843261719,175.76028442382812,32.39447021484375,77.61981201171875,3.0002955099917017e-05
1380,602.7196655273438,192.3889617919922,22.1142578125,53.943084716796875,6.707208740408532e-06
1380,593.7815551757812,159.04876708984375,46.71844482421875,117.9447021484375,3.87138288715505e-06
1410,0.0,48.841915130615234,14.552465438842773,51.227787017822266,1.597070149728097e-05
1410,0.0,54.76605987548828,23.657394409179688,58.232269287109375,7.41443654987961e-05
1410,490.0621032714844,175.8563995361328,21.5869140625,51.03265380859375,0.00016606268764007837
1410,26.224411010742188,180.5026397705078,21.991683959960938,51.739898681640625,0.0006395158707164228
1410,464.5060119628906,178.32540893554688,22.27667236328125,52.92938232421875,0.9998301267623901
1410,459.2755126953125,163.34930419921875,34.28057861328125,78.6817626953125,1.1418988833611365e-05
1410,406.1058044433594,122.78520202636719,129.69607543945312,286.57391357421875,7.292636382771889e-06
1410,483.7985534667969,178.65985107421875,21.58612060546875,50.78912353515625,0.0015866387402638793
1410,503.81402587890625,183.0990753173828,21.2344970703125,50.587554931640625,0.004988725297152996
1410,495.6422119140625,179.35768127441406,23.06341552734375,54.904022216796875,0.08048471063375473
1410,471.6648254394531,179.7552947998047,23.829833984375,54.1143798828125,0.0011449727462604642
1410,509.0603332519531,186.50335693359375,24.084808349609375,57.565521240234375,1.341343522653915e-05
1410,519.7528076171875,189.8405303955078,21.1153564453125,50.5548095703125,2.110546120093204e-06
1410,476.3317565917969,176.74203491210938,31.3895263671875,76.74005126953125,8.149152563419193e-06
1410,486.3190612792969,184.4904022216797,27.674285888671875,65.6168212890625,0.00015516497660428286
1410,462.9273376464844,174.9576416015625,41.6656494140625,99.55441284179688,2.17603496821539e-06
1410,482.8564147949219,177.50021362304688,38.893035888671875,93.311767578125,1.832726047723554e-05
1410,496.7679138183594,185.58876037597656,32.415252685546875,77.23558044433594,6.130716792540625e-05
1440,549.0382080078125,170.14041137695312,24.204833984375,55.21258544921875,3.794110307353549e-05
1440,297.33404541015625,174.607421875,22.37469482421875,52.560699462890625,3.636399196693674e-05
1440,518.08740234375,172.4029541015625,22.9744873046875,55.0689697265625,0.015136229805648327
1440,532.8694458007812,170.1952362060547,26.1444091796875,62.177978515625,0.01604294776916504
1440,617.0369262695312,175.29574584960938,21.5411376953125,51.77783203125,5.047028935223352e-06
1440,464.06939697265625,160.3836212158203,125.611083984375,263.99395751953125,6.678383670077892e-06
1440,523.5499877929688,169.75897216796875,26.4620361328125,62.602752685546875,0.999956488609314
1440,542.009765625,172.04736328125,23.4189453125,54.711944580078125,0.020327765494585037
1440,303.0822448730469,178.0651397705078,22.84429931640625,54.9161376953125,2.334364125999855e-06
1440,610.218994140625,188.57699584960938,22.529052734375,54.690643310546875,1.1737962267943658e-05
1440,625.645263671875,188.0906982421875,14.854736328125,54.19970703125,0.0002075499651255086
1440,589.2520141601562,116.75682067871094,51.24798583984375,226.4086456298828,3.545527761161793e-06
1440,0.0,192.95904541015625,13.906401634216309,52.65472412109375,5.366894129110733e-06
1440,616.1765747070312,192.91177368164062,24.32342529296875,60.0521240234375,0.0016473570140078664
1440,613.6310424804688,148.54391479492188,26.86895751953125,126.52459716796875,1.8451353753334843e-05
1440,626.8760375976562,211.78347778320312,13.62396240234375,51.99078369140625,3.837250915239565e-05
1470,448.1637268066406,178.32293701171875,22.79046630859375,52.626312255859375,2.4945762561401352e-05
1470,0.0,187.56002807617188,15.065166473388672,52.91510009765625,1.398294625687413e-05
1500,497.1180114746094,150.00494384765625,22.394317626953125,52.61065673828125,5.009873802919174e-06
1500,489.1405334472656,152.3115997314453,21.75018310546875,51.7816162109375,2.3967717424966395e-05
1500,482.0182800292969,155.53611755371094,20.956298828125,52.153350830078125,4.1604831494623795e-05
1500,473.80670166015625,161.39959716796875,20.73638916015625,51.6864013671875,1.1176438420079648e-05
1500,508.28619384765625,160.05613708496094,23.9515380859375,56.41143798828125,0.006082126405090094
1500,517.9469604492188,161.7082061767578,22.7529296875,53.077239990234375,1.1427976460254285e-05
1500,490.4183654785156,163.43397521972656,27.330718994140625,64.5999755859375,0.00033066331525333226
1500,499.4479064941406,161.72654724121094,26.189605712890625,62.00457763671875,0.39559537172317505
1500,417.0929260253906,178.38992309570312,22.34368896484375,53.7677001953125,4.952649305778323e-06
1500,481.724853515625,173.57073974609375,22.453369140625,55.046173095703125,1.2785706530848984e-05
1500,485.3322448730469,143.81260681152344,46.918182373046875,106.79055786132812,1.8351796597926295e-06
1500,443.6142272949219,135.357421875,120.50405883789062,271.26922607421875,5.482295364345191e-06
1500,514.7379150390625,166.62551879882812,29.779296875,70.51101684570312,3.863865458697546e-06
1500,498.0922546386719,180.94171142578125,21.255523681640625,52.29107666015625,0.011698488146066666
1500,503.51409912109375,167.94610595703125,32.1153564453125,75.58343505859375,1.4682170785818016e-06
1530,525.98193359375,169.96356201171875,23.9986572265625,56.814971923828125,2.1342357285902835e-06
1530,507.6546630859375,179.4109649658203,20.4554443359375,50.973419189453125,8.276503649540246e-06
1530,520.431640625,179.81304931640625,21.755859375,50.689483642578125,0.9727907180786133
1530,8.706586837768555,185.48736572265625,20.766864776611328,50.94549560546875,1.1115745110146236e-05
1530,512.6812744140625,161.27259826660156,37.8160400390625,83.03958129882812,7.284075991265127e-07
1530,447.1359558105469,92.44955444335938,143.48507690429688,299.7000427246094,2.433373765597935e-06
1530,553.1200561523438,182.4412078857422,21.565185546875,51.340667724609375,5.2042010793229565e-05
1530,0.0,184.8667755126953,14.871142387390137,53.428955078125,4.7087531129363924e-05
1530,559.8036499023438,185.27110290527344,22.05859375,52.76025390625,5.573972885031253e-06
1530,627.8662109375,183.16619873046875,12.6337890625,56.94158935546875,3.4952299756696448e-06
1560,594.9193115234375,0.0,45.5806884765625,125.93350219726562,2.3913428321975516e-06
1560,522.411865234375,177.04629516601562,22.8590087890625,55.87603759765625,7.617743449372938e-06
1560,539.4805297851562,163.7682342529297,33.586181640625,80.3387451171875,8.11272366263438e-06
1560,530.6925048828125,185.0596466064453,21.7822265625,52.00360107421875,0.007781342137604952
1560,557.3605346679688,182.35589599609375,21.106201171875,51.2041015625,5.177456478122622e-05
1560,626.8128051757812,176.150146484375,13.68719482421875,56.7943115234375,1.629500911803916e-05
1560,539.3573608398438,184.84677124023438,22.4088134765625,52.593536376953125,0.3589155972003937
1560,546.5322875976562,184.01121520996094,22.5372314453125,53.74664306640625,0.9999974966049194
1560,484.498046875,129.782958984375,131.1392822265625,282.24560546875,1.0917643521679565e-05
1560,627.6618041992188,200.7717742919922,12.83819580078125,51.201324462890625,1.1669551895465702e-05
1560,600.6245727539062,367.4784240722656,39.87542724609375,113.02157592773438,3.5867124097421765e-06
1590,591.5892944335938,151.5478973388672,46.235107421875,116.85484313964844,1.6249001419055276e-05
1590,594.1514892578125,176.01699829101562,23.1143798828125,55.549072265625,8.261571929324418e-05
1590,608.9818725585938,176.23367309570312,22.0872802734375,51.165313720703125,2.2034960238670465e-06
1590,579.7644653320312,183.0267791748047,23.4927978515625,55.660430908203125,0.00022891773551236838
1590,584.4906616210938,181.60476684570312,28.2344970703125,66.92990112304688,0.00979892909526825
1590,611.2301635742188,178.91574096679688,28.151611328125,65.56961059570312,2.705580300244037e-05
1590,0.0,186.27000427246094,14.659928321838379,53.4781494140625,8.56176393426722e-06
1590,571.4918823242188,183.61917114257812,21.6708984375,54.652496337890625,1.7811204088502564e-05
1590,590.9254150390625,176.0507354736328,32.9052734375,78.9659423828125,0.9999953508377075
1590,601.5726928710938,179.34771728515625,29.3154296875,69.69256591796875,0.0023849643766880035
1590,624.4179077148438,180.92803955078125,16.08209228515625,60.588287353515625,3.3013890060829e-05
1590,497.25335693359375,191.24270629882812,23.69866943359375,56.955413818359375,2.304236886629951e-06
1590,504.1410217285156,188.5997314453125,21.474151611328125,51.72698974609375,8.077218808466569e-06
1590,511.966552734375,189.97616577148438,21.4232177734375,53.163421630859375,1.5687564882682636e-06
1590,539.3707275390625,160.2348175048828,101.1292724609375,272.044677734375,2.848954409273574e-06
1590,576.9845581054688,170.23348999023438,43.857177734375,103.0775146484375,9.03662385098869e-06
1590,593.919677734375,194.78550720214844,22.4097900390625,54.141326904296875,1.3195286555856e-05
1620,594.322021484375,0.0,46.177978515625,126.12591552734375,5.905990747123724e-06
1620,175.9188995361328,178.70664978027344,28.164276123046875,68.99356079101562,1.851509114203509e-05
1620,96.9693374633789,104.69618225097656,155.95867919921875,305.36541748046875,6.275246960285585e-06
1620,0.0,195.5037841796875,14.219557762145996,52.914794921875,1.6016794688766822e-05
1650,626.6099243164062,149.80052185058594,13.89007568359375,57.304718017578125,6.954439413675573e-06
1650,618.9366455078125,162.46322631835938,21.5633544921875,51.686431884765625,1.878288821899332e-05
1650,417.0908203125,179.7388916015625,22.222900390625,51.5809326171875,4.357399120635819e-06
1650,424.0323181152344,179.4217071533203,22.64593505859375,53.4422607421875,1.891201281978283e-05
1650,480.91326904296875,165.0314178466797,22.46270751953125,52.95159912109375,1.1230845302634407e-05
1650,592.1284790039062,95.67921447753906,48.37152099609375,239.92356872558594,4.2951210161845665e-06
1650,429.24224853515625,181.68917846679688,26.90374755859375,64.88409423828125,0.0001501381630077958
1650,437.2237548828125,179.72671508789062,25.0985107421875,58.883148193359375,6.794049841118976e-05
1650,445.6168518066406,177.94573974609375,24.7354736328125,55.9527587890625,7.1966178438742645e-06
1650,626.8360595703125,174.8355712890625,13.6639404296875,51.552337646484375,4.326252019382082e-05
1650,417.50604248046875,182.3675994873047,33.64312744140625,78.35057067871094,4.6343793655978516e-05
1650,404.61883544921875,168.5684814453125,40.48602294921875,101.99835205078125,4.827437805943191e-06
1650,621.9207763671875,180.67633056640625,18.5792236328125,78.44082641601562,1.375267584080575e-05
1650,610.3640747070312,147.13241577148438,30.13592529296875,131.79147338867188,4.52803578809835e-06
1650,427.34185791015625,170.65492248535156,38.90130615234375,91.59361267089844,9.866749905995675e-07
1680,496.3689880371094,171.85986328125,22.781768798828125,55.0721435546875,2.945661208286765e-06
1680,471.0797119140625,178.93357849121094,24.81878662109375,58.569488525390625,2.291537612109096e-06
1680,457.605712890625,186.13568115234375,22.97613525390625,52.482696533203125,2.397165008005686e-05
1680,464.1720275878906,188.03488159179688,23.905517578125,55.23760986328125,2.8172136808279902e-05
1680,627.7523193359375,186.4408721923828,12.7476806640625,52.553314208984375,4.288363470550394e-06
1680,448.92376708984375,190.24261474609375,22.82452392578125,53.01025390625,1.1308074135740753e-05
1680,452.5718078613281,191.2110137939453,31.7279052734375,75.40513610839844,3.350768565724138e-06
1680,627.8089599609375,209.89102172851562,12.6910400390625,50.554901123046875,4.006744347861968e-06
1680,467.9802551269531,191.07672119140625,32.39306640625,82.5556640625,2.324776869500056e-05
1710,542.883056640625,178.35389709472656,24.79150390625,56.276336669921875,1.5636911484762095e-05
1710,0.0,184.2757110595703,14.97169303894043,53.586090087890625,5.420109573606169e-06
1740,480.2992248535156,183.81312561035156,21.32666015625,50.520965576171875,6.625565674767131e-06
1740,34.19807052612305,186.13784790039062,21.39043426513672,50.96002197265625,8.917744480640977e-07
1740,627.8638305664062,184.54409790039062,12.63616943359375,51.84075927734375,7.434541203110712e-06
1770,626.8937377929688,147.04661560058594,13.60626220703125,59.326812744140625,4.529707439360209e-06
1770,554.5252685546875,178.84835815429688,21.28466796875,51.1103515625,2.102949292748235e-05
1770,592.1412963867188,178.89767456054688,21.2908935546875,50.725830078125,0.0001308505015913397
1770,627.1686401367188,170.82443237304688,13.33135986328125,53.4552001953125,3.13375931000337e-05
1770,620.0242309570312,148.83404541015625,20.47576904296875,95.26712036132812,5.462114131660201e-06
1770,598.6257934570312,180.08164978027344,22.1968994140625,52.5841064453125,5.48442358194734e-06
1770,617.1029052734375,177.4281463623047,22.041748046875,53.6568603515625,1.5636538591934368e-05
1770,530.1766967773438,189.47679138183594,22.8060302734375,53.010223388671875,2.050884359050542e-05
1770,546.4950561523438,185.9090576171875,21.3404541015625,51.848480224609375,7.047214580779837e-07
1770,584.4788208007812,181.10398864746094,27.1025390625,64.48931884765625,2.662214683368802e-06
1770,626.8666381835938,189.77581787109375,13.63336181640625,61.259796142578125,1.4380927495949436e-05
1800,626.6033935546875,172.9500732421875,13.8966064453125,53.08538818359375,8.930253898142837e-06
1800,610.75537109375,187.29000854492188,23.749267578125,55.40802001953125,6.745889095327584e-06
1800,626.5555419921875,194.13796997070312,13.9444580078125,51.461822509765625,0.0002621340681798756
1800,617.3616333007812,197.4228515625,23.13836669921875,55.18035888671875,9.088608203455806e-05
1800,627.0406494140625,213.58322143554688,13.4593505859375,52.136444091796875,3.415970013520564e-06
1830,455.9359130859375,184.41143798828125,22.79473876953125,53.147979736328125,6.424923412851058e-06
1830,24.763469696044922,183.42218017578125,27.45146942138672,66.19729614257812,1.6753152522142045e-05
1830,0.0,94.95687866210938,95.3751449584961,310.14556884765625,2.2180265659699216e-06
1830,434.84393310546875,189.1952667236328,21.5118408203125,51.1514892578125,2.176539283027523e-06
1830,441.3492431640625,187.5986785888672,22.2642822265625,53.193023681640625,6.810258128098212e-06
1830,450.1048583984375,191.09124755859375,21.6622314453125,52.185272216796875,3.8020676583983004e-05
