30,384.2868347167969,161.00770568847656,23.24603271484375,54.50164794921875,1.3675764876097674e-06
30,409.2032775878906,167.05760192871094,22.18621826171875,52.586761474609375,1.7576643585925922e-05
30,442.19854736328125,170.7334442138672,21.47650146484375,52.506317138671875,0.00030009920010343194
30,427.2449951171875,160.5819091796875,44.86572265625,104.5902099609375,2.843425363607821e-06
30,449.25994873046875,169.288818359375,22.08984375,52.338592529296875,5.459349631564692e-05
30,361.013671875,166.55877685546875,27.4420166015625,64.59078979492188,2.164287980122026e-05
30,370.1834716796875,173.10699462890625,22.23236083984375,50.966827392578125,4.446616367204115e-05
30,363.77459716796875,156.97938537597656,35.67083740234375,86.09613037109375,0.00301538803614676
30,380.4209899902344,162.95745849609375,31.40325927734375,75.953369140625,0.001385142095386982
30,370.6187438964844,142.044677734375,48.23089599609375,115.58511352539062,3.439985084696673e-05
30,384.5692443847656,152.40872192382812,47.07867431640625,113.3941650390625,0.0001256285177078098
30,412.22357177734375,169.8807373046875,27.1839599609375,66.35333251953125,0.0001992034522118047
30,374.328369140625,169.29335021972656,27.49176025390625,63.4942626953125,0.0020054318010807037
30,395.16375732421875,178.62509155273438,20.83453369140625,50.557891845703125,5.298289397615008e-05
30,391.25933837890625,168.70864868164062,32.015869140625,75.53720092773438,0.000489956175442785
30,402.3267517089844,175.62738037109375,23.2127685546875,55.046173095703125,2.3924876586534083e-05
30,369.9648132324219,130.79635620117188,80.18316650390625,188.84616088867188,1.2628175909412676e-06
30,426.6789245605469,177.69607543945312,21.840576171875,50.85504150390625,3.862635276163928e-05
30,435.169677734375,178.8515167236328,23.260009765625,53.151092529296875,0.002959371078759432
30,400.3997497558594,168.44427490234375,35.3868408203125,85.18527221679688,0.9999978542327881
30,420.8841552734375,171.02328491210938,32.18853759765625,78.47540283203125,0.0001251714857062325
30,438.97113037109375,175.1799774169922,30.18756103515625,72.15280151367188,0.9999649524688721
30,450.39410400390625,175.71865844726562,28.15228271484375,66.87515258789062,0.7482813596725464
30,460.6156921386719,179.54747009277344,25.01055908203125,58.42205810546875,0.0010965269757434726
30,469.640380859375,180.7244415283203,22.59442138671875,54.11279296875,7.2740285759209655e-06
30,407.654052734375,183.61293029785156,24.12353515625,57.033782958984375,1.4452502909989562e-05
30,520.213134765625,203.84449768066406,22.371337890625,54.68681335449219,3.677519089251291e-06
60,9.071743965148926,163.38290405273438,22.511871337890625,53.08819580078125,5.32932645000983e-05
60,3.747631072998047,168.59519958496094,20.82867431640625,51.05841064453125,3.3345331758027896e-06
60,291.191162109375,168.64744567871094,22.69647216796875,54.18609619140625,0.5239112973213196
60,230.1129913330078,134.35887145996094,131.74632263183594,272.68316650390625,4.929236183670582e-06
60,309.2453308105469,168.47364807128906,27.31915283203125,64.47946166992188,4.20430806116201e-05
60,569.1430053710938,135.8063507080078,61.5794677734375,148.2474822998047,3.9191745599964634e-05
60,305.8771057128906,173.44708251953125,22.05615234375,52.3978271484375,0.005473174154758453
60,511.89385986328125,156.38943481445312,39.8846435546875,98.33843994140625,6.705628493364202e-06
60,611.549560546875,160.7616729736328,28.950439453125,118.29039001464844,8.324426744366065e-06
60,283.493408203125,171.55361938476562,26.40203857421875,63.7330322265625,0.0016428555827587843
60,480.8223571777344,158.0587921142578,39.331024169921875,99.95191955566406,1.4295015716925263e-05
60,581.626220703125,169.67086791992188,36.0313720703125,89.19110107421875,9.912115274346434e-06
60,623.9761352539062,187.14083862304688,16.52386474609375,66.37332153320312,4.1490393414278515e-06
60,597.2334594726562,142.19581604003906,43.26654052734375,168.48545837402344,0.00026984940632246435
60,294.4598388671875,176.17910766601562,25.0762939453125,59.044952392578125,4.046288268000353e-06
60,448.9258117675781,190.36819458007812,20.870361328125,50.53192138671875,3.0849191716697533e-06
60,495.84088134765625,198.04421997070312,21.7239990234375,51.88006591796875,2.977142457893933e-06
60,544.7362060546875,88.21220397949219,95.7637939453125,311.7088623046875,6.907248462084681e-05
60,579.5411376953125,136.86355590820312,60.9588623046875,245.46466064453125,0.020719053223729134
60,625.3435668945312,223.06993103027344,15.15643310546875,64.63111877441406,9.91021533991443e-06
60,617.2855834960938,207.04470825195312,23.21441650390625,89.16351318359375,1.1987860489170998e-05
60,600.867431640625,192.9391326904297,39.632568359375,170.15101623535156,4.246347089065239e-05
60,590.538818359375,206.63616943359375,49.961181640625,241.04913330078125,3.7482037441805005e-05
90,290.8551330566406,171.1034698486328,21.62237548828125,50.779296875,0.033849865198135376
90,304.6015930175781,168.07492065429688,21.44696044921875,50.79571533203125,6.39436575511354e-06
90,315.5833435058594,170.28269958496094,21.365966796875,50.892242431640625,0.0004749721847474575
90,363.18914794921875,173.46043395996094,25.5037841796875,62.342803955078125,0.000706894788891077
90,322.02374267578125,167.91851806640625,26.14898681640625,62.6832275390625,0.010849875397980213
90,319.4884033203125,155.19378662109375,44.66632080078125,101.62875366210938,2.1319703591871075e-05
90,332.0993957519531,164.89244079589844,27.489501953125,65.76535034179688,0.8779745697975159
90,342.2258605957031,171.08175659179688,24.36212158203125,56.70111083984375,0.0010564448311924934
90,353.0343933105469,176.6128387451172,21.3421630859375,53.09930419921875,2.5994835596065968e-05
90,370.96160888671875,178.2335662841797,25.3226318359375,60.283416748046875,0.9998101592063904
90,324.2093811035156,104.531494140625,93.7606201171875,238.25430297851562,3.9591550375916995e-06
90,379.1424255371094,178.761474609375,24.73101806640625,57.97265625,0.0006879423162899911
90,309.3196716308594,148.97080993652344,126.36474609375,275.7901611328125,8.549965059501119e-06
90,371.7368469238281,169.55247497558594,35.11248779296875,82.35980224609375,3.3391634133295156e-06
90,602.6699829101562,224.87872314453125,21.3515625,51.074249267578125,0.00014589386410079896
90,614.5973510742188,225.02146911621094,23.2950439453125,54.18867492675781,2.300194501003716e-05
90,596.4616088867188,230.86056518554688,21.647705078125,51.4248046875,1.6430863070127089e-06
90,627.6739501953125,231.50535583496094,12.8260498046875,51.00816345214844,7.695976819377393e-06
90,607.5742797851562,230.78363037109375,23.402587890625,55.34710693359375,1.4595054381061345e-05
120,19.34124755859375,165.75814819335938,21.861305236816406,51.827423095703125,1.3476252433974878e-06
120,26.293209075927734,170.51815795898438,21.54698944091797,50.731109619140625,0.00014758943871129304
120,337.5506591796875,168.59286499023438,22.63970947265625,54.287811279296875,4.616990736394655e-06
120,400.983642578125,141.8260040283203,47.767578125,114.87359619140625,6.664361080765957e-06
120,343.9230041503906,180.38134765625,22.01959228515625,52.1953125,0.01685120165348053
120,350.5949401855469,175.62600708007812,23.4287109375,54.7017822265625,6.7402556851448026e-06
120,376.5926208496094,172.89657592773438,21.14263916015625,52.0797119140625,3.0717892514076084e-05
120,372.2790832519531,164.52688598632812,30.87939453125,72.80068969726562,1.2953008990734816e-05
120,369.4931945800781,180.49818420410156,22.2880859375,52.1719970703125,1.199615144287236e-05
120,383.1711730957031,173.17691040039062,26.249267578125,62.08538818359375,0.00039291413850151
120,391.2506408691406,164.08250427246094,33.29150390625,79.126953125,4.996548523195088e-05
120,402.124755859375,173.44314575195312,22.3323974609375,52.058807373046875,2.8389815724949585e-06
120,409.95953369140625,174.01649475097656,22.4334716796875,52.84661865234375,5.018619503971422e-06
120,403.8100280761719,167.06983947753906,33.60595703125,81.62875366210938,0.10091396421194077
120,418.8418273925781,167.98077392578125,32.01239013671875,78.1610107421875,0.0008513399516232312
120,429.7046813964844,174.22802734375,26.957275390625,61.365142822265625,1.0884637958952226e-05
120,440.07537841796875,178.66552734375,22.4154052734375,53.61993408203125,3.0451922157226363e-06
120,436.8245849609375,168.43206787109375,31.51690673828125,75.57977294921875,6.3163693084788974e-06
120,466.3524475097656,137.69796752929688,72.43942260742188,173.3582763671875,1.6345593394362368e-05
120,31.2178955078125,178.08120727539062,21.878395080566406,52.67620849609375,5.569961285800673e-05
120,393.246337890625,176.73443603515625,22.986328125,57.58843994140625,9.98037194221979e-06
120,413.61212158203125,177.26040649414062,26.37738037109375,60.6534423828125,0.00013268213660921901
120,490.9021301269531,182.36431884765625,20.71527099609375,51.60955810546875,2.3935828608045995e-07
120,486.8028869628906,180.25950622558594,29.950347900390625,71.7852783203125,1.3174840205465443e-05
120,449.25689697265625,175.90573120117188,105.0732421875,245.67852783203125,7.369485047092894e-06
120,496.5560607910156,184.002197265625,22.628936767578125,52.47412109375,1.1603660823311657e-06
120,481.3346862792969,167.52232360839844,44.488739013671875,107.33430480957031,1.0
120,499.323974609375,176.57147216796875,38.6512451171875,95.43423461914062,2.113742448273115e-05
120,512.350830078125,176.90911865234375,35.326171875,88.07180786132812,6.104920657890034e-07
120,424.4283447265625,193.5850372314453,21.00830078125,50.641021728515625,5.979781417408958e-05
120,471.0054931640625,173.500732421875,38.9161376953125,97.51910400390625,5.888595478609204e-05
120,608.6488647460938,232.47190856933594,22.4202880859375,52.99122619628906,1.9968225387856364e-05
150,3.232306480407715,158.7510986328125,23.177249908447266,55.453338623046875,1.9007518858416006e-05
150,9.697178840637207,163.74005126953125,22.736366271972656,54.53631591796875,0.0020640406291931868
150,22.281126022338867,160.74801635742188,22.352556228637695,51.668609619140625,1.223772324010497e-05
150,475.3831787109375,126.05646514892578,83.75537109375,202.44677734375,1.6984613466775045e-05
150,406.7109375,179.317138671875,21.13726806640625,51.122344970703125,0.009305124171078205
150,414.6514587402344,174.40048217773438,21.091796875,51.0040283203125,2.339835646125721e-06
150,491.7329406738281,162.43002319335938,48.422943115234375,114.22332763671875,0.0028133993037045
150,431.3648681640625,180.05224609375,24.17071533203125,55.19134521484375,8.187480852939188e-05
150,503.9090576171875,146.20742797851562,52.2686767578125,124.96197509765625,0.0001377972512273118
150,541.1358032226562,130.47140502929688,89.9100341796875,213.21859741210938,1.5940571756800637e-05
150,592.7429809570312,182.78668212890625,23.4112548828125,54.134368896484375,2.941486491181422e-05
150,603.5831298828125,174.01144409179688,32.6917724609375,77.05419921875,1.0630114047671668e-05
150,14.421865463256836,169.6780548095703,23.84440040588379,58.91656494140625,2.0233257600921206e-05
150,395.84112548828125,185.14454650878906,20.87249755859375,50.588775634765625,1.2749104826070834e-05
150,488.55499267578125,185.31947326660156,29.75494384765625,69.49142456054688,7.835566066205502e-05
150,498.1737060546875,191.00537109375,23.1949462890625,53.11907958984375,3.261182428104803e-05
150,509.4659118652344,175.17929077148438,36.297515869140625,88.877197265625,0.00033278504270128906
150,583.14501953125,187.8238983154297,25.7109375,59.04571533203125,0.00010134270996786654
150,573.9279174804688,168.76988220214844,40.32470703125,99.15040588378906,0.0001533565082354471
150,614.6380615234375,185.3605194091797,25.8619384765625,58.865203857421875,1.6649912140564993e-05
150,626.6092529296875,186.35426330566406,13.8907470703125,53.338165283203125,9.871636393654626e-06
150,593.1668701171875,105.52978515625,47.3331298828125,239.67266845703125,4.560587058222154e-06
150,497.18414306640625,184.6756134033203,32.1744384765625,77.56730651855469,0.1847294420003891
150,559.7161254882812,170.2178955078125,42.14794921875,104.79769897460938,3.187448237440549e-05
150,576.1063232421875,194.52488708496094,25.7352294921875,60.068939208984375,1.8384293070994318e-05
150,585.9445190429688,188.55075073242188,32.671875,76.48416137695312,0.00029657792765647173
150,598.3101196289062,191.62599182128906,26.943115234375,60.972503662109375,0.00026748894015327096
150,607.5012817382812,194.40577697753906,22.3082275390625,53.00897216796875,2.202333780587651e-05
150,401.4314270019531,186.18194580078125,23.157958984375,55.877532958984375,1.1007302418875042e-05
150,507.3813171386719,192.0361785888672,26.700958251953125,63.705535888671875,3.828572062047897e-06
150,626.661865234375,207.00234985351562,13.838134765625,52.3392333984375,7.948377970024012e-06
150,580.4351196289062,203.95550537109375,28.6044921875,65.66888427734375,4.8822290409589186e-05
150,578.0906982421875,219.66091918945312,21.660888671875,55.245697021484375,2.6192269615421537e-06
180,16.46063232421875,161.231689453125,25.6124267578125,59.47125244140625,2.4886548999347724e-05
180,464.46466064453125,186.4097900390625,21.65655517578125,51.88983154296875,6.80773837302695e-06
180,594.525146484375,191.39572143554688,23.2445068359375,53.975677490234375,8.922238339437172e-05
210,63.18471145629883,84.81658935546875,55.0985221862793,141.0218505859375,1.050483206199715e-06
210,61.96539306640625,117.57301330566406,27.992263793945312,64.98553466796875,1.9998795323772356e-05
210,63.27534484863281,112.59156799316406,37.86311340332031,91.02560424804688,0.00038931446033529937
210,75.41696166992188,114.0404281616211,29.580108642578125,71.63025665283203,1.6320203940267675e-05
210,25.71603775024414,105.87593841552734,39.50272750854492,99.88159942626953,1.0687250323826447e-05
210,53.27995300292969,121.26116180419922,29.73260498046875,70.99842071533203,2.6558293484413298e-06
210,48.12097930908203,107.95681762695312,42.56483459472656,105.10675048828125,0.01490278635174036
210,72.06877899169922,128.00173950195312,22.454238891601562,52.513275146484375,5.145497198100202e-06
210,35.841922760009766,114.45021057128906,42.972652435302734,107.63229370117188,5.36729276063852e-05
210,6.395257949829102,124.62630462646484,42.42523956298828,102.70429229736328,5.875553597434191e-06
210,14.161219596862793,155.3271484375,27.50000762939453,65.18661499023438,6.658783149759984e-06
210,11.436866760253906,109.9894027709961,56.722412109375,133.99569702148438,1.5212351172522176e-05
210,0.0,63.229042053222656,85.61795043945312,218.88946533203125,2.9666502996406052e-06
210,38.022823333740234,95.87248992919922,61.09907913208008,148.42440795898438,1.566586797707714e-05
210,28.837528228759766,65.6070785522461,88.31053161621094,206.76449584960938,4.58521344626206e-06
210,445.3616638183594,181.68350219726562,25.172119140625,59.08209228515625,1.9206231627322268e-06
210,4.421316146850586,164.45436096191406,33.73272705078125,78.7340087890625,2.270255208713934e-06
210,440.2811584472656,190.80369567871094,22.5184326171875,52.942230224609375,0.0003278458025306463
210,628.1851196289062,216.01962280273438,12.31488037109375,55.695159912109375,1.5272471500793472e-06
240,0.0,87.732421875,15.022064208984375,51.211883544921875,7.961251867527608e-06
240,0.0,95.67115020751953,17.992061614990234,65.28148651123047,9.519681952951942e-06
240,5.9880218505859375,96.70196533203125,32.10906219482422,79.22763061523438,9.897681593429297e-06
240,47.139469146728516,103.81411743164062,23.26705551147461,54.61309814453125,4.2169335756625514e-06
240,0.0,100.5118408203125,24.017677307128906,86.43310546875,0.00010687032772693783
240,0.0,78.02864074707031,69.39777374267578,166.77359008789062,0.00032843800727277994
240,25.221967697143555,109.33348083496094,22.177095413208008,50.73590087890625,1.1675062523863744e-05
240,38.07347106933594,109.34659576416016,25.737022399902344,61.114845275878906,5.3372092224890366e-05
240,40.37969970703125,103.97441101074219,33.31926727294922,81.62936401367188,3.4139553463319317e-05
240,0.0,115.70059204101562,15.64714527130127,60.188812255859375,3.300907337688841e-05
240,13.695427894592285,114.46668243408203,29.805145263671875,71.58599090576172,0.0001008850013022311
240,5.424354553222656,94.35208892822266,48.417423248291016,116.64000701904297,0.9454953670501709
240,28.01972007751465,113.02684020996094,28.544198989868164,66.68646240234375,0.0002491403720341623
240,23.396589279174805,92.50636291503906,42.928794860839844,105.72833251953125,0.06467359513044357
240,0.0,107.90103912353516,36.16974639892578,101.28203582763672,0.003875265596434474
240,0.0,137.41864013671875,20.167530059814453,69.3853759765625,7.248138717841357e-05
240,0.0,162.79104614257812,15.558150291442871,53.4552001953125,2.2459393221652135e-05
240,0.0,130.4728240966797,26.18692970275879,108.79641723632812,4.603870365826879e-06
240,506.7215576171875,201.89938354492188,21.1507568359375,51.715057373046875,8.035607947931567e-07
240,507.6823425292969,199.73809814453125,34.001434326171875,77.2010498046875,7.851613190723583e-06
240,526.40771484375,207.1152801513672,21.8240966796875,52.95085144042969,1.3410265637503471e-05
240,514.8800048828125,211.51222229003906,21.5982666015625,51.63023376464844,0.18314744532108307
240,508.68048095703125,216.32601928710938,21.0147705078125,51.591888427734375,3.187692527717445e-06
270,0.0,153.73434448242188,15.71645736694336,55.797119140625,8.85310691955965e-06
270,449.1763000488281,176.63674926757812,23.39276123046875,55.823638916015625,2.8796052902180236e-06
270,455.7978820800781,184.71209716796875,21.43682861328125,51.152069091796875,3.7699706467719807e-07
270,617.1531982421875,228.77561950683594,21.745849609375,52.78318786621094,2.9374499717960134e-05
270,610.195556640625,232.85501098632812,21.031005859375,51.511474609375,2.565391241660109e-06
270,627.08935546875,232.13192749023438,13.41064453125,52.336181640625,1.3587929970526602e-05
300,58.702789306640625,165.38990783691406,21.973602294921875,50.541900634765625,1.4750827403986477e-06
300,64.23567199707031,172.18727111816406,21.188674926757812,50.54132080078125,3.0258341212174855e-05
360,0.0,155.26129150390625,13.09475326538086,50.7091064453125,3.273129550507292e-06
360,71.79496765136719,152.75430297851562,23.184844970703125,53.65673828125,2.2987408101471374e-06
390,616.1511840820312,235.66012573242188,23.997314453125,55.045166015625,6.3004681578604504e-06
390,626.4957885742188,241.08602905273438,14.00421142578125,51.87860107421875,4.472082309803227e-06
420,42.826751708984375,140.9849853515625,21.416061401367188,52.242401123046875,2.3883890207798686e-06
420,54.88050842285156,141.92933654785156,21.12982177734375,51.413330078125,4.237065240886295e-06
420,49.48811721801758,149.47824096679688,22.664623260498047,53.26495361328125,1.572256223880686e-05
450,55.1742057800293,133.9092559814453,25.982524871826172,60.646881103515625,6.9936122599756345e-06
450,55.33550262451172,124.67790222167969,37.577056884765625,90.599609375,5.681091352016665e-06
450,67.3818130493164,138.5968780517578,27.060546875,62.571197509765625,5.707798663934227e-06
450,130.0258331298828,153.35137939453125,26.596435546875,62.67706298828125,4.6058514271862805e-05
450,139.60800170898438,149.34017944335938,26.418212890625,62.9617919921875,0.004576892126351595
450,48.685264587402344,155.0837860107422,24.069473266601562,56.50115966796875,1.9685952793224715e-05
450,57.501163482666016,155.77542114257812,22.010616302490234,52.400360107421875,3.7110894481884316e-05
450,63.61973571777344,152.2881622314453,25.099594116210938,58.296661376953125,0.00010406238288851455
450,148.40780639648438,154.04971313476562,25.21099853515625,60.6270751953125,4.660416743718088e-05
450,627.6004028320312,203.86203002929688,12.89959716796875,50.69091796875,1.5741556126158684e-05
450,608.5045166015625,207.80392456054688,23.031494140625,53.552764892578125,4.551470738078933e-06
510,593.5543823242188,207.91490173339844,23.1390380859375,54.36747741699219,0.000147652201121673
510,584.71923828125,209.26565551757812,23.40625,56.271575927734375,0.00020500883692875504
510,578.42041015625,212.01715087890625,20.9986572265625,51.556793212890625,7.226450634334469e-06
510,600.7568969726562,214.57611083984375,21.85205078125,51.371978759765625,0.004031138960272074
510,604.2525024414062,215.2086639404297,26.58740234375,62.47267150878906,5.703635179088451e-05
510,598.104736328125,205.1320343017578,36.81005859375,91.35612487792969,1.422983859811211e-05
510,623.4521484375,212.4391632080078,17.0478515625,78.46101379394531,9.262094863515813e-06
510,590.2717895507812,211.16600036621094,31.4764404296875,75.15672302246094,3.8075428165029734e-05
540,530.82958984375,187.72999572753906,20.7955322265625,50.84100341796875,5.626885922538349e-06
540,448.3459777832031,184.46340942382812,21.3232421875,51.3192138671875,8.171642548404634e-06
540,607.2670288085938,217.65090942382812,25.23388671875,60.32757568359375,0.0003582673962228
540,615.2373046875,216.1991729736328,22.208984375,52.94944763183594,0.00016698187391739339
540,626.5097045898438,217.73287963867188,13.99029541015625,52.254974365234375,2.34409817494452e-05
540,601.3138427734375,225.0895538330078,22.514892578125,54.29875183105469,6.787952770537231e-06
540,613.487548828125,227.66419982910156,26.4554443359375,59.75801086425781,1.206668184750015e-05
540,626.9078369140625,238.52517700195312,13.5921630859375,52.319091796875,4.783625172422035e-06
570,536.8566284179688,177.9224395751953,23.163818359375,56.613555908203125,8.690321351423336e-07
570,600.2295532226562,185.12367248535156,24.6810302734375,57.759490966796875,8.67251401359681e-06
570,532.2984008789062,186.7877197265625,20.95068359375,51.16558837890625,2.876723101508105e-06
570,455.5562438964844,186.5963134765625,20.97930908203125,50.57427978515625,2.8917391318827868e-05
570,603.480712890625,181.49368286132812,31.0836181640625,75.25338745117188,2.304487134097144e-05
570,625.27734375,190.03196716308594,15.22265625,62.086029052734375,2.7317537387716584e-06
570,449.33929443359375,189.89962768554688,22.4063720703125,55.1177978515625,9.06798777577933e-06
570,617.5440063476562,178.07772827148438,22.95599365234375,107.177490234375,2.993709813381429e-06
570,592.1707763671875,142.0940704345703,48.3292236328125,238.57212829589844,7.245711458381265e-06
600,11.02911376953125,139.07159423828125,21.548519134521484,51.293792724609375,5.603690806310624e-05
600,0.0,60.43708801269531,81.18590545654297,309.233154296875,1.1978087286479422e-06
600,15.57775592803955,148.15121459960938,20.850902557373047,50.624908447265625,8.977116522146389e-06
600,442.8794860839844,175.477783203125,22.2490234375,53.193939208984375,2.6999330657417886e-05
600,449.731689453125,180.9736785888672,21.28692626953125,51.0255126953125,0.00019380581215955317
600,456.1237487792969,178.37376403808594,21.78363037109375,51.862274169921875,4.601262844516896e-06
600,613.01123046875,178.41278076171875,25.797119140625,61.728424072265625,3.3579308365006e-06
600,538.1196899414062,191.11158752441406,20.60986328125,51.158660888671875,3.698989303302369e-06
600,604.0744018554688,189.7963409423828,20.691162109375,50.63177490234375,8.935606456361711e-05
600,604.8989868164062,170.3944091796875,35.60101318359375,90.2640380859375,0.0009642498334869742
600,607.7386474609375,191.32298278808594,25.56396484375,60.117828369140625,0.9328511357307434
600,624.1514892578125,189.7383575439453,16.3485107421875,62.1102294921875,4.757781425723806e-05
600,616.1420288085938,199.42115783691406,21.5311279296875,50.868438720703125,0.0004617671947926283
600,593.0786743164062,143.96798706054688,47.42132568359375,233.6700439453125,5.493128355738008e-06
630,471.48773193359375,180.95758056640625,21.04595947265625,51.19732666015625,2.025298454100266e-05
630,529.7544555664062,178.89637756347656,22.410888671875,53.215850830078125,5.262862759991549e-05
630,529.2098388671875,169.4505615234375,33.5540771484375,80.703125,6.454247795772972e-06
630,607.8812255859375,181.11692810058594,24.02783203125,57.948028564453125,4.999125394533621e-06
630,536.7803955078125,184.90054321289062,22.2572021484375,53.501129150390625,0.009419349953532219
630,609.260009765625,151.583740234375,31.239990234375,123.26242065429688,7.731917867204174e-05
630,522.8956298828125,183.5016632080078,22.6556396484375,53.59075927734375,2.9000131689826958e-05
630,256.4769287109375,195.83963012695312,22.2294921875,51.609283447265625,6.39871068415232e-05
630,605.4859619140625,194.47035217285156,20.791259765625,50.63580322265625,7.224263390526175e-05
630,548.7853393554688,153.83895874023438,91.71466064453125,277.8712158203125,5.309661446517566e-06
630,612.4614868164062,189.0556640625,28.03851318359375,67.55691528320312,0.23686175048351288
630,624.7539672851562,193.4740447998047,15.74603271484375,52.824615478515625,9.345804573968053e-05
630,543.6489868164062,193.39791870117188,21.5587158203125,52.3370361328125,1.932409759319853e-05
630,620.9187622070312,201.27500915527344,19.58123779296875,83.84791564941406,9.810147275857162e-06
630,594.4660034179688,153.2376708984375,46.03399658203125,229.21630859375,2.134364694938995e-05
660,611.6304321289062,116.4998779296875,28.86956787109375,137.66757202148438,1.0288669727742672e-05
660,607.2202758789062,165.3092041015625,29.6907958984375,68.30780029296875,0.0002220912865595892
660,622.198974609375,163.32667541503906,18.301025390625,69.99148559570312,2.969309571199119e-05
660,152.16200256347656,182.56130981445312,23.3775634765625,54.78173828125,2.2219679522095248e-05
660,455.6495666503906,184.44540405273438,21.40338134765625,50.794952392578125,3.589073457987979e-06
660,610.4024047851562,191.93185424804688,21.41845703125,50.94158935546875,0.0010005910880863667
660,602.84912109375,167.6104278564453,37.65087890625,114.36521911621094,2.1056221157778054e-05
660,558.147216796875,137.34278869628906,82.352783203125,280.3221435546875,5.8377854657010175e-06
660,613.53076171875,179.4925994873047,26.96923828125,77.1602783203125,0.05571683123707771
660,625.177978515625,189.26324462890625,15.322021484375,54.111175537109375,0.0001160775136668235
660,448.52801513671875,190.67379760742188,21.8809814453125,54.040618896484375,1.69939776242245e-05
660,603.725830078125,194.97265625,21.3995361328125,53.851654052734375,7.3069086283794604e-06
660,607.2139282226562,200.3896942138672,28.5621337890625,66.83610534667969,3.403146911296062e-05
660,622.9260864257812,200.34046936035156,17.57391357421875,68.12092590332031,5.222267282078974e-05
660,592.1561279296875,145.2410888671875,48.3438720703125,226.3934326171875,1.9987124687759206e-05
690,531.6693115234375,163.44967651367188,31.787109375,75.63580322265625,1.7418002471458749e-06
690,625.07568359375,163.4917449951172,15.42431640625,62.93109130859375,8.911044460546691e-06
690,537.3856201171875,182.04190063476562,21.7930908203125,51.6146240234375,1.4775348063267302e-05
690,152.07998657226562,184.7066192626953,23.434967041015625,53.281463623046875,3.2287518934026593e-06
690,472.2848205566406,182.793212890625,21.298095703125,50.521728515625,6.949731414351845e-06
690,458.0507507324219,188.08322143554688,21.299560546875,51.553985595703125,1.7579708355697221e-06
690,530.2514038085938,187.48553466796875,21.2916259765625,50.64483642578125,1.0923017725872342e-05
690,543.8905639648438,188.3911590576172,22.6568603515625,53.948028564453125,4.981012807547813e-06
690,610.244384765625,190.259765625,23.122314453125,56.687042236328125,1.890346538857557e-05
690,613.9801025390625,181.18600463867188,26.5198974609375,77.75912475585938,0.0006403709994629025
690,623.3770141601562,187.44322204589844,17.12298583984375,60.83514404296875,3.711638055392541e-05
690,449.449951171875,190.96217346191406,21.74359130859375,53.2313232421875,2.3307949959416874e-05
690,625.4247436523438,210.4050750732422,15.07525634765625,54.95130920410156,9.568833775119856e-06
690,609.4205322265625,172.5084228515625,31.0794677734375,139.97335815429688,4.813742634723894e-06
690,591.2772827148438,143.35494995117188,49.22271728515625,231.3699951171875,1.3006817425775807e-05
720,622.1510620117188,159.74600219726562,18.34893798828125,79.54443359375,3.2154773634829326e-06
720,608.0147094726562,174.7700958251953,27.46337890625,62.336700439453125,4.867808092967607e-05
720,611.1572875976562,150.97299194335938,29.34271240234375,120.83242797851562,5.5177231843117625e-05
720,611.1036376953125,194.07505798339844,21.6075439453125,51.679931640625,0.0004291241930332035
720,615.1522827148438,189.59828186035156,25.34771728515625,65.345703125,0.009037977084517479
720,625.6903686523438,192.008544921875,14.80963134765625,52.479217529296875,4.83154108223971e-05
720,449.61102294921875,191.41807556152344,22.07330322265625,53.1434326171875,0.0002870494208764285
720,608.644287109375,204.68077087402344,26.658935546875,63.03031921386719,9.278546713176183e-06
720,623.9739990234375,202.83657836914062,16.5260009765625,66.41253662109375,4.3245774577371776e-05
720,591.5253295898438,144.96481323242188,48.97467041015625,228.90692138671875,9.153586688626092e-06
750,627.600341796875,156.17324829101562,12.899658203125,52.06341552734375,4.974708645022474e-06
750,623.043212890625,157.1629638671875,17.456787109375,75.57034301757812,7.911639841040596e-06
750,608.8919677734375,182.3463592529297,21.3929443359375,51.338470458984375,2.5777048904274125e-06
750,614.1758422851562,180.12301635742188,26.32415771484375,75.4774169921875,6.317796214716509e-05
750,456.3464050292969,189.1497039794922,21.4110107421875,51.52947998046875,2.0389417841215618e-05
750,624.6942138671875,187.67156982421875,15.8057861328125,63.43133544921875,3.3042964787455276e-05
750,449.3076477050781,191.45855712890625,21.5528564453125,52.492279052734375,0.00010834317799890414
750,610.3394775390625,199.20437622070312,20.9232177734375,50.7083740234375,2.2684422219754197e-05
750,0.0,218.60357666015625,15.521200180053711,55.780609130859375,2.2845506464364007e-06
750,0.0,230.00022888183594,22.7391357421875,55.79637145996094,3.869168267556233e-06
780,609.1428833007812,167.7477264404297,22.4566650390625,53.260101318359375,1.8808323147823103e-05
780,626.9873657226562,165.65380859375,13.51263427734375,54.061370849609375,5.920122021052521e-06
780,620.4298706054688,167.01123046875,20.07012939453125,79.1817626953125,1.370697827951517e-05
780,116.21360778808594,167.12399291992188,32.329437255859375,77.05288696289062,1.3234177458798513e-05
780,607.7593383789062,181.46900939941406,26.47021484375,62.371002197265625,0.0011333876755088568
780,610.400634765625,147.2877960205078,30.099365234375,122.09428405761719,5.783336382592097e-05
780,152.85464477539062,180.76947021484375,20.87420654296875,51.558197021484375,4.8134256758203264e-06
780,159.7308807373047,181.5303497314453,24.034149169921875,55.51361083984375,6.1521832321886905e-06
780,626.67626953125,187.91278076171875,13.82373046875,50.92181396484375,6.293413753155619e-05
780,456.1669616699219,188.42428588867188,21.31060791015625,51.690643310546875,5.0700782594503835e-06
780,538.4918823242188,190.1453399658203,22.170166015625,53.475921630859375,9.186381930703647e-07
780,551.468017578125,131.7327880859375,89.031982421875,280.2298583984375,4.284660008124774e-06
780,449.26507568359375,191.07174682617188,21.6124267578125,52.49664306640625,0.0001622717099962756
780,604.2279052734375,197.48568725585938,21.3392333984375,52.900115966796875,3.141131310258061e-05
780,613.29931640625,189.84521484375,27.20068359375,66.2593994140625,0.02903226763010025
780,624.7406616210938,200.21029663085938,15.75933837890625,57.1351318359375,0.00019988724670838565
780,607.8582153320312,202.07884216308594,27.1185302734375,63.99256896972656,0.00017677867435850203
780,590.7999877929688,145.91116333007812,49.70001220703125,228.65008544921875,9.938685252564028e-06
780,0.0,228.42315673828125,15.90526294708252,60.79888916015625,1.585422410244064e-06
810,625.07666015625,161.76034545898438,15.42333984375,52.554779052734375,1.3513356407202082e-06
810,593.9793701171875,127.64871215820312,46.5206298828125,200.96286010742188,4.259542492945911e-06
810,450.1773681640625,180.3135528564453,21.5567626953125,51.008392333984375,9.12346295081079e-05
810,458.2124328613281,179.1298828125,21.73583984375,50.58160400390625,9.448366654396523e-06
810,609.3905639648438,173.57095336914062,22.615966796875,54.3896484375,1.201745089929318e-05
810,620.2417602539062,171.93006896972656,20.25823974609375,72.45989990234375,0.0001759380684234202
810,544.604248046875,184.19468688964844,22.5450439453125,53.58880615234375,4.197954240225954e-06
810,593.0662841796875,173.84524536132812,33.859619140625,81.27056884765625,6.013143774907803e-06
810,626.4577026367188,178.453125,14.04229736328125,50.827423095703125,6.138544267741963e-05
810,603.4329833984375,186.0424041748047,23.4686279296875,52.078216552734375,2.809395118674729e-05
810,604.02783203125,174.36306762695312,35.357177734375,84.01092529296875,0.9805747270584106
810,444.1093444824219,187.69522094726562,22.3680419921875,52.077972412109375,5.136893014423549e-05
810,539.0755004882812,191.98350524902344,21.3460693359375,51.417510986328125,5.602089458989212e-06
810,0.0,200.43089294433594,15.034988403320312,55.29486083984375,2.5860203095362522e-05
810,608.7254638671875,193.2986297607422,24.095458984375,56.802734375,0.0018748652655631304
810,564.9302978515625,160.45114135742188,75.5697021484375,272.501953125,8.907050869311206e-06
810,601.739501953125,201.85220336914062,24.649658203125,60.59979248046875,3.316754009574652e-05
810,619.21533203125,193.6366729736328,21.28466796875,82.06706237792969,9.545355169393588e-06
810,598.8524780273438,189.7210693359375,41.64752197265625,110.11465454101562,2.937413910331088e-06
840,589.5781860351562,160.46762084960938,38.91064453125,94.26617431640625,1.8134798665414564e-05
840,606.4334106445312,170.75509643554688,26.0736083984375,61.0008544921875,5.005614730180241e-05
840,442.4165954589844,175.96420288085938,23.33160400390625,55.328216552734375,4.234657353663351e-06
840,624.7794189453125,175.07569885253906,15.7205810546875,55.52630615234375,1.7542799469083548e-05
840,610.4785766601562,150.42733764648438,30.02142333984375,122.79873657226562,5.5909869843162596e-05
840,538.5635986328125,190.1021270751953,21.0323486328125,51.121917724609375,7.75532214447594e-07
840,449.1240539550781,189.7036590576172,21.7054443359375,51.014007568359375,0.000845504691824317
840,602.1001586914062,187.2711181640625,24.4599609375,57.145416259765625,0.00021349635790102184
840,551.804931640625,159.16259765625,88.695068359375,273.8076171875,4.355134933575755e-06
840,601.3939208984375,176.54959106445312,34.1175537109375,81.5855712890625,0.9996999502182007
840,617.838623046875,178.12060546875,22.661376953125,79.11422729492188,0.0014334864681586623
840,455.5967102050781,192.4585418701172,20.9515380859375,52.220550537109375,6.0462825786089525e-06
840,594.8794555664062,190.47283935546875,25.4176025390625,62.550140380859375,9.069561201613396e-06
840,608.6596069335938,196.0341339111328,23.0562744140625,56.241607666015625,0.0006220280192792416
840,624.6832885742188,200.79454040527344,15.81671142578125,58.56489562988281,3.067088618990965e-05
840,593.39794921875,173.9514923095703,47.10205078125,129.2004852294922,4.275520950614009e-06
840,580.487548828125,149.3907928466797,60.012451171875,217.26771545410156,4.644858108804328e-06
870,625.7758178710938,170.3797607421875,14.72418212890625,52.1634521484375,1.1516607628436759e-05
870,608.7015380859375,174.4266357421875,22.569580078125,53.00311279296875,1.5177063232840737e-06
870,585.5442504882812,181.64462280273438,24.093017578125,58.855316162109375,2.5436972919123946e-06
870,586.5758666992188,175.18032836914062,33.1455078125,79.92037963867188,7.673098298255354e-05
870,562.6724853515625,133.079345703125,76.467041015625,183.36431884765625,1.859821168181952e-06
870,601.6017456054688,182.52606201171875,23.301025390625,56.614715576171875,2.3627711925655603e-05
870,596.0446166992188,171.07472229003906,37.3489990234375,89.13468933105469,0.9999990463256836
870,619.6678466796875,176.2172393798828,20.8321533203125,79.16928100585938,0.00034178636269643903
870,539.2081298828125,193.6350860595703,21.217529296875,51.265869140625,1.394119749420497e-06
870,594.546142578125,189.7869415283203,22.9483642578125,53.374298095703125,1.2461663573049009e-05
870,554.5032958984375,157.97421264648438,85.9967041015625,270.43035888671875,6.433304861275246e-06
870,610.8120727539062,159.24778747558594,29.68792724609375,115.33491516113281,1.7296802980126813e-05
870,607.0906372070312,191.1141815185547,24.437255859375,57.1383056640625,1.2480729310482275e-05
870,582.7288208007812,170.3157958984375,53.681640625,127.14129638671875,2.2485016870632535e-06
870,0.0,233.056884765625,15.62771224975586,56.12249755859375,6.477704573626397e-06
870,591.434814453125,144.73013305664062,49.065185546875,229.2327880859375,1.3986721569381189e-05
870,6.38353157043457,234.41250610351562,23.921894073486328,59.022705078125,1.1725710464816075e-05
900,606.284912109375,170.38450622558594,26.4140625,62.907012939453125,0.00018033293599728495
900,623.8123168945312,173.14540100097656,16.68768310546875,58.40631103515625,9.367700113216415e-05
900,592.4899291992188,174.95542907714844,33.5394287109375,78.68423461914062,2.1004880181862973e-05
900,601.0164794921875,169.7401123046875,38.464111328125,92.11907958984375,0.9991963505744934
900,617.520751953125,176.08157348632812,22.979248046875,79.95089721679688,0.0005562010337598622
900,602.734619140625,186.4051055908203,22.7191162109375,53.1168212890625,1.395847175444942e-05
900,606.8333740234375,196.6658477783203,27.20703125,66.93226623535156,0.00015839000116102397
900,624.0219116210938,206.7368927001953,16.47808837890625,57.57411193847656,9.77636591414921e-06
900,612.2639770507812,184.82257080078125,28.23602294921875,111.61434936523438,7.33087017579237e-06
900,590.436767578125,146.07754516601562,50.063232421875,223.822021484375,5.7123219448840246e-05
930,624.6106567382812,169.85061645507812,15.88934326171875,53.380645751953125,3.1373539968626574e-05
930,594.0794677734375,138.45993041992188,46.4205322265625,207.28005981445312,1.78161990334047e-05
930,463.3440856933594,184.74497985839844,21.538330078125,51.023162841796875,1.8644403098733164e-05
930,594.4081420898438,183.06695556640625,20.7178955078125,51.089141845703125,1.207620130116993e-06
930,610.1936645507812,181.829833984375,21.790771484375,51.70550537109375,0.00013398901501204818
930,585.3038330078125,188.83578491210938,21.2962646484375,50.890106201171875,1.7216884771187324e-06
930,620.8399658203125,180.48580932617188,19.6600341796875,64.8651123046875,0.00012691783194895834
930,272.46697998046875,195.20321655273438,21.74908447265625,50.73681640625,1.2335139217611868e-05
930,538.750244140625,192.54913330078125,22.2222900390625,53.708038330078125,5.268959284876473e-05
930,600.5625610351562,184.72308349609375,30.3050537109375,71.50146484375,0.0021750510204583406
930,561.2164306640625,159.19009399414062,79.2835693359375,273.398681640625,1.2145002074248623e-05
930,607.800537109375,177.19830322265625,32.699462890625,87.16598510742188,0.7854927182197571
930,615.5023803710938,199.98995971679688,23.4739990234375,55.60797119140625,4.675899617723189e-05
930,623.72314453125,205.25384521484375,16.77685546875,59.722412109375,5.102141949464567e-05
930,595.7763671875,186.5072479248047,41.880615234375,101.77442932128906,2.0561170458677225e-05
930,607.8196411132812,211.1703643798828,24.401123046875,59.42903137207031,5.717719886888517e-06
960,627.2577514648438,193.8725128173828,13.24224853515625,52.38446044921875,4.960453225066885e-06
990,529.408935546875,180.7580108642578,21.0697021484375,52.125762939453125,6.183555001371133e-07
990,257.63006591796875,182.5026092529297,23.86541748046875,55.05670166015625,1.3276411436891067e-06
990,627.1825561523438,178.78700256347656,13.31744384765625,50.644927978515625,0.00011759265908040106
990,457.44927978515625,186.6808624267578,21.08331298828125,50.55328369140625,2.978167913170182e-06
990,619.2174072265625,183.3856201171875,21.2825927734375,54.051544189453125,4.621739662979962e-06
990,263.6750793457031,192.012451171875,22.7545166015625,53.235687255859375,0.00016321286966558546
990,451.0498962402344,190.14247131347656,21.146240234375,50.983306884765625,1.7604152162675746e-05
990,552.3912353515625,193.74978637695312,21.9940185546875,52.9039306640625,7.538507361459779e-06
990,627.2504272460938,197.84988403320312,13.24957275390625,50.56103515625,3.959260538977105e-06
1020,459.3627014160156,178.1385040283203,21.60821533203125,51.1568603515625,0.00026923674158751965
1020,545.2307739257812,174.15719604492188,26.04052734375,61.842803955078125,1.8988368537975475e-05
1020,557.3204956054688,176.36260986328125,25.490478515625,58.258758544921875,1.2099304512958042e-05
1020,469.7049865722656,179.2018585205078,21.61041259765625,51.444122314453125,1.7321148106930195e-06
1020,584.9450073242188,182.9804229736328,21.2548828125,50.574920654296875,2.70785949396668e-06
1020,553.8314208984375,186.87722778320312,20.95166015625,50.911376953125,0.0020111449994146824
1020,256.47332763671875,191.87533569335938,22.76263427734375,53.397247314453125,3.8385787775041535e-06
1020,462.90570068359375,188.92300415039062,23.37847900390625,54.81591796875,2.718659925449174e-05
1020,0.0,208.94671630859375,17.996173858642578,59.881072998046875,5.426657480711583e-06
1020,0.0,209.16058349609375,27.605674743652344,78.03335571289062,5.05119851368363e-06
1020,6.997220993041992,215.88150024414062,23.826786041259766,56.674530029296875,1.7516586012789048e-05
1020,13.57267951965332,219.48561096191406,25.781705856323242,61.08180236816406,3.211739385733381e-05
1050,55.787193298339844,137.07777404785156,21.266036987304688,51.012908935546875,0.00013110041618347168
1050,459.895751953125,170.78733825683594,22.0491943359375,52.654266357421875,2.5345029825984966e-06
1050,471.2489013671875,178.12240600585938,21.53680419921875,51.664642333984375,0.0003179358900524676
1050,562.4652099609375,185.87342834472656,21.6763916015625,51.38677978515625,8.572954538976774e-05
1050,574.9264526367188,183.6237335205078,21.62890625,51.502105712890625,4.021920176455751e-06
1050,625.7811279296875,179.30157470703125,14.7188720703125,54.477752685546875,5.790455179521814e-05
1050,569.5614624023438,73.95710754394531,70.93853759765625,312.9327392578125,4.613077635440277e-06
1050,556.2164306640625,190.7464141845703,21.4376220703125,52.361053466796875,6.602278517675586e-06
1050,569.544189453125,194.40069580078125,20.965576171875,50.538116455078125,4.978455399395898e-05
1050,0.0,218.22735595703125,16.028284072875977,56.954376220703125,3.3423173135815887e-06
1050,6.725945472717285,225.1253204345703,23.155712127685547,58.13090515136719,3.0296980639832327e-06
1080,583.1878662109375,180.23468017578125,23.1231689453125,53.981201171875,1.0782578101498075e-06
1080,627.3646240234375,170.12094116210938,13.1353759765625,50.634735107421875,2.7564592528506182e-05
1080,569.1090698242188,185.00686645507812,20.933837890625,51.107269287109375,1.775537384673953e-05
1080,577.6088256835938,185.126953125,21.2193603515625,50.62139892578125,8.017434447538108e-05
1080,537.0694580078125,182.17665100097656,21.418701171875,50.887176513671875,3.951791313738795e-06
1080,563.408935546875,190.54574584960938,21.3370361328125,51.196441650390625,6.31762213743059e-06
1110,89.539794921875,128.44775390625,23.398681640625,54.825408935546875,2.28661247092532e-06
1110,562.3592529296875,179.00961303710938,24.0860595703125,57.05780029296875,1.554766458866652e-05
1110,576.8092651367188,181.30836486816406,22.6241455078125,53.810791015625,9.761844557942823e-05
1110,537.148193359375,177.9281005859375,21.6484375,50.889068603515625,7.458558229700429e-06
1110,588.627197265625,182.3507537841797,22.259521484375,52.329315185546875,1.0496517461433541e-05
1110,569.5587768554688,187.58067321777344,21.052734375,51.335357666015625,0.012232220731675625
1110,560.3129272460938,169.18798828125,37.8057861328125,85.18008422851562,1.0877857903324184e-06
1110,498.3757629394531,102.80224609375,139.94558715820312,299.84136962890625,7.533361895184498e-06
1110,627.3724365234375,182.90017700195312,13.1275634765625,55.752197265625,1.603917007741984e-05
1110,556.3749389648438,188.94825744628906,22.5872802734375,55.090850830078125,1.8366785070611513e-06
1110,584.0299072265625,189.97808837890625,22.1712646484375,53.076690673828125,8.07414180599153e-05
1140,564.4535522460938,170.1235809326172,30.8662109375,74.15887451171875,2.7241623001827975e-07
1140,537.1387939453125,173.49459838867188,20.8629150390625,50.887420654296875,2.3949305614223704e-06
1140,562.1802368164062,181.52439880371094,21.5096435546875,50.68426513671875,0.00011728358367690817
1140,575.884521484375,181.47535705566406,20.9947509765625,50.621917724609375,1.030009843816515e-05
1140,568.5681762695312,186.72451782226562,21.602783203125,51.820037841796875,0.01355773489922285
1140,581.8516845703125,185.47142028808594,21.9591064453125,51.903289794921875,0.0001119052612921223
1140,628.0333862304688,177.29116821289062,12.46661376953125,55.4737548828125,2.5130620997515507e-05
1140,515.0100708007812,177.4219970703125,22.0474853515625,52.2618408203125,5.582931862591067e-06
1140,556.0593872070312,187.09922790527344,23.1705322265625,56.675140380859375,3.4735642202576855e-06
1170,0.0,146.93846130371094,15.937914848327637,53.57305908203125,2.287810275447555e-06
1170,562.101318359375,181.21849060058594,21.531005859375,50.530029296875,6.044117981218733e-05
1170,481.2005920410156,175.7949981689453,22.27923583984375,52.40753173828125,2.386817868682556e-06
1170,568.42578125,185.97036743164062,22.2017822265625,52.448150634765625,0.006039310712367296
1170,581.9939575195312,185.59866333007812,22.3524169921875,52.14849853515625,0.00013206036237534136
1170,575.7255859375,187.6109161376953,21.436767578125,51.508941650390625,0.002426915103569627
1170,627.9169921875,182.71038818359375,12.5830078125,56.666595458984375,4.489059392653871e-06
1170,559.6485595703125,186.3435821533203,28.3748779296875,67.81460571289062,4.256221018295037e-06
1200,0.0,133.0432586669922,15.876667022705078,54.767730712890625,4.001261004304979e-06
1200,0.0,52.6357421875,59.10113525390625,316.1224670410156,1.4052214964976883e-06
1200,0.2632875442504883,150.45741271972656,22.31298828125,52.755279541015625,2.982454861921724e-05
1200,480.35211181640625,175.26809692382812,22.5870361328125,52.9932861328125,1.192596187138406e-06
1200,561.4185180664062,182.7572784423828,23.6224365234375,55.32659912109375,8.16043666418409e-06
1200,576.1487426757812,183.47686767578125,22.76171875,53.494415283203125,6.982994091231376e-05
1200,537.1569213867188,183.84327697753906,21.7269287109375,51.980621337890625,0.00021674564050044864
1200,569.6823120117188,186.4753875732422,22.3427734375,53.82244873046875,4.38382903666934e-06
1200,628.175048828125,183.1731414794922,12.324951171875,56.51373291015625,2.499088395779836e-06
1200,583.3312377929688,188.4517364501953,21.4437255859375,51.787506103515625,0.0002665790088940412
1230,0.5785284042358398,152.9896697998047,22.455665588378906,53.752899169921875,3.452836153883254e-06
1230,537.1956176757812,178.33349609375,21.08837890625,51.357391357421875,1.6942518413998187e-05
1230,577.0448608398438,187.69036865234375,21.3104248046875,50.94140625,0.0011481380788609385
1230,556.021728515625,186.96070861816406,22.62841796875,54.0987548828125,2.072201596092782e-06
1230,560.6550903320312,186.51414489746094,27.3101806640625,64.39617919921875,2.458681774442084e-05
1230,581.6005859375,185.3338623046875,27.5849609375,64.72213745117188,3.358773255968117e-06
1230,569.6857299804688,192.14483642578125,20.9664306640625,50.9141845703125,0.001111398683860898
1230,494.9693603515625,114.98532104492188,139.493896484375,295.70196533203125,4.151699158683186e-06
1260,1.0923118591308594,152.20932006835938,22.046255111694336,52.9195556640625,2.59833086602157e-06
1260,583.6629028320312,182.85525512695312,20.8011474609375,50.8009033203125,1.8119094420399051e-06
1260,569.7075805664062,187.7777557373047,22.2930908203125,53.06756591796875,4.339528095442802e-05
1260,577.3462524414062,188.17776489257812,21.7476806640625,51.3255615234375,0.011078113690018654
1260,588.5994262695312,187.03384399414062,21.850830078125,52.386260986328125,7.89278419688344e-06
1260,627.9319458007812,183.4793243408203,12.56805419921875,56.70855712890625,3.0697872261953307e-06
1260,564.2898559570312,192.40826416015625,21.58056640625,53.193878173828125,3.5485720673023025e-06
1290,0.0,145.3617401123047,15.423417091369629,54.523406982421875,3.2703339911677176e-06
1290,558.3829345703125,178.9088134765625,28.8050537109375,67.30221557617188,1.4689551335322903e-06
1290,569.1351928710938,185.57676696777344,22.1942138671875,52.725250244140625,8.536734094377607e-05
1290,576.423583984375,186.33734130859375,21.8824462890625,50.99859619140625,0.00040769067709334195
1290,479.5128173828125,184.97540283203125,21.66387939453125,50.996826171875,0.012344294227659702
1290,536.8412475585938,181.67208862304688,21.623779296875,51.43292236328125,7.131822349037975e-05
1290,627.8555297851562,183.21142578125,12.64447021484375,56.715850830078125,1.4167928384267725e-05
1290,486.481689453125,187.91395568847656,20.25,50.65155029296875,1.0929832569672726e-05
1290,583.5816040039062,189.2538604736328,21.38720703125,51.725830078125,0.00017784599913284183
1290,478.0727233886719,196.71327209472656,25.800048828125,59.150543212890625,5.6244343795697205e-06
1320,478.75439453125,184.61317443847656,21.58673095703125,51.41412353515625,3.13448254019022e-05
1320,566.878662109375,182.901611328125,28.7447509765625,67.53518676757812,6.304456405814562e-07
1320,582.8679809570312,186.97323608398438,23.5654296875,54.6029052734375,4.936602636007592e-05
1320,576.6180419921875,194.27017211914062,21.567138671875,50.675872802734375,0.0032287577632814646
1320,628.0551147460938,184.15084838867188,12.44488525390625,56.418426513671875,1.2894637620775029e-05
1320,472.9396667480469,190.0176239013672,22.31134033203125,54.404144287109375,6.0517454585351516e-06
1350,481.2705078125,190.38705444335938,22.06939697265625,53.1475830078125,0.0006309529999271035
1350,576.5118408203125,193.88047790527344,23.99560546875,56.390167236328125,0.00010274702799506485
1350,405.7336120605469,116.3321533203125,146.98623657226562,294.0369873046875,1.2354822501947638e-05
1350,584.267333984375,199.87161254882812,22.0872802734375,52.42620849609375,0.0005290390690788627
1350,628.158203125,191.73199462890625,12.341796875,56.558074951171875,1.1087465281889308e-05
1350,476.3397521972656,198.6344451904297,21.64044189453125,52.385711669921875,0.00022857422300148755
1350,591.1819458007812,203.0091552734375,22.1185302734375,51.627593994140625,8.41640867292881e-05
1380,0.0,95.51978302001953,35.333316802978516,149.16018676757812,1.012981647363631e-05
1380,14.641437530517578,110.83216857910156,58.401363372802734,138.58657836914062,1.315753820563259e-06
1380,0.0,158.3431396484375,18.778566360473633,66.35406494140625,2.8035103241563775e-05
1380,4.102533340454102,141.76022338867188,43.00214385986328,104.46908569335938,0.01432031486183405
1380,0.0,159.59239196777344,31.795551300048828,82.0592041015625,0.0008699528989382088
1380,10.158442497253418,174.51011657714844,21.853389739990234,50.76983642578125,4.444419755600393e-05
1380,0.0,111.0879135131836,65.61068725585938,199.07974243164062,3.319143070257269e-05
1380,522.8723754882812,185.9819793701172,21.77197265625,53.293243408203125,8.162017365975771e-06
1380,0.0,182.28610229492188,15.420616149902344,53.065185546875,0.00012560970208141953
1380,16.621578216552734,177.79559326171875,22.155216217041016,52.265777587890625,1.5932608221191913e-05
1380,25.06937599182129,180.1461181640625,21.529386520385742,51.0836181640625,1.5529762094956823e-05
1380,17.655437469482422,166.6324005126953,32.35163116455078,76.78564453125,2.758741902653128e-05
1380,608.1468505859375,197.2006378173828,22.0087890625,52.85467529296875,4.370159513200633e-05
1380,27.673477172851562,177.07803344726562,29.110328674316406,67.31317138671875,1.4212383575795684e-05
1380,12.422098159790039,152.3065185546875,47.64476013183594,115.94113159179688,7.944694516481832e-06
1380,553.6972045898438,192.29393005371094,22.4505615234375,52.35028076171875,3.0379987947526388e-06
1380,560.743896484375,195.31588745117188,22.7713623046875,55.347137451171875,4.0918726881500334e-05
1380,0.0,181.78684997558594,21.510906219482422,76.87718200683594,2.0858422431047074e-05
1380,567.1281127929688,198.65939331054688,23.6185302734375,56.218536376953125,5.8374848777020816e-06
1380,603.7359619140625,209.04531860351562,21.3167724609375,51.642669677734375,0.0016122121596708894
1380,613.9544677734375,204.93128967285156,22.3165283203125,52.95347595214844,0.0001226868771482259
1380,627.4003295898438,203.9177703857422,13.09967041015625,51.088287353515625,3.74211413145531e-05
1380,3.388944625854492,178.7776641845703,36.016937255859375,86.83656311035156,1.9369428628124297e-05
1380,596.5476684570312,195.39732360839844,35.6837158203125,78.77336120605469,2.9821267162333243e-06
1380,595.7625732421875,212.92257690429688,21.3663330078125,51.291229248046875,1.7105421648011543e-05
1380,627.6395874023438,221.29298400878906,12.86041259765625,51.68040466308594,6.953332103876164e-06
1410,0.0,174.9737548828125,15.725064277648926,56.660491943359375,3.246592541472637e-06
1410,8.745553970336914,178.85777282714844,23.106891632080078,54.29754638671875,1.5023783817014191e-06
1410,17.085437774658203,185.8221435546875,23.271465301513672,54.698883056640625,3.036646148757427e-06
1410,433.142822265625,193.33778381347656,21.54669189453125,51.214508056640625,5.968579898762982e-06
1410,24.110567092895508,191.82347106933594,22.312780380249023,53.015167236328125,1.7027534795488464e-06
1410,438.2163391113281,200.84567260742188,22.13079833984375,52.0411376953125,1.331715452579374e-06
1410,433.7218933105469,209.45330810546875,22.5953369140625,54.269439697265625,1.202395014843205e-05
1440,424.13323974609375,184.32562255859375,24.7845458984375,55.351318359375,0.0010128600988537073
1440,417.1594543457031,187.4944610595703,24.37615966796875,55.51153564453125,0.00012679662904702127
1440,439.195556640625,195.22323608398438,20.76641845703125,51.17626953125,8.198066439035756e-07
1440,430.66888427734375,196.2781219482422,24.1168212890625,58.63275146484375,1.271687688131351e-05
1440,529.3213500976562,212.26724243164062,23.4482421875,54.948944091796875,6.41404403722845e-06
1440,546.7626342773438,211.9439697265625,23.31201171875,55.811737060546875,7.062621534714708e-06
1440,556.1824340820312,209.38092041015625,22.0687255859375,52.168853759765625,0.4567607343196869
1440,536.60400390625,216.67898559570312,22.3304443359375,52.9801025390625,4.265697043592809e-06
1470,0.0,192.1007080078125,15.690282821655273,54.272186279296875,5.453729045257205e-06
1470,529.50927734375,213.43679809570312,22.427490234375,53.734161376953125,3.5957677937403787e-06
1530,448.5646667480469,170.58047485351562,22.7027587890625,55.42999267578125,7.219907274702564e-06
1530,455.7453918457031,176.84507751464844,22.62432861328125,55.954071044921875,3.1231888897309545e-06
1560,297.5829162597656,173.25137329101562,20.94140625,51.775115966796875,5.1804809118038975e-06
1560,0.0,185.9949493408203,14.776847839355469,52.774169921875,5.2061950555071235e-06
1590,343.3775939941406,185.4894561767578,22.65948486328125,54.380035400390625,0.0001188841852126643
1620,121.90478515625,171.19369506835938,22.74310302734375,55.633270263671875,6.626487902394729e-06
1620,575.783203125,169.50633239746094,21.906494140625,51.832916259765625,2.09975078178104e-05
1620,582.705322265625,175.28863525390625,21.775390625,52.188232421875,3.8445868995040655e-06
1620,283.7634582519531,185.6427001953125,21.19659423828125,53.42864990234375,1.3331055015441962e-05
1620,290.7673034667969,184.24746704101562,22.2208251953125,53.3740234375,0.00010543077223701403
1650,31.732757568359375,174.89906311035156,22.56011199951172,52.16864013671875,5.128771135787247e-06
1650,9.958436012268066,176.78321838378906,21.944217681884766,51.696624755859375,3.859350545099005e-05
1650,16.11835479736328,178.62745666503906,28.600513458251953,69.50601196289062,0.0001703166199149564
1650,48.4423828125,181.03704833984375,21.598556518554688,50.928192138671875,6.465605838457122e-05
1650,54.88282775878906,181.04183959960938,23.02520751953125,55.239990234375,2.2778283891966566e-05
1650,289.2925720214844,177.19189453125,21.55609130859375,51.727996826171875,1.5425730452989228e-06
1650,0.0,186.66427612304688,14.26601791381836,51.374786376953125,4.983469352737302e-06
1650,0.0,157.64541625976562,24.947656631469727,104.24075317382812,1.9162713215337135e-05
1650,6.676944732666016,182.41505432128906,28.589584350585938,69.01968383789062,0.00012325923307798803
1650,26.627456665039062,184.35787963867188,21.879638671875,52.354522705078125,0.0009605244849808514
1650,32.8006706237793,179.84832763671875,30.99791717529297,73.13922119140625,0.0011164374882355332
1650,548.2265014648438,169.63714599609375,31.7255859375,78.94418334960938,4.089809408469591e-06
1650,1.731597900390625,192.0271759033203,22.045974731445312,53.944091796875,7.853125680412631e-06
1650,2.650846481323242,169.18946838378906,39.64269256591797,99.83021545410156,0.00017000966181512922
1650,22.083276748657227,180.91685485839844,33.07111358642578,78.59980773925781,0.027868997305631638
1650,43.81202697753906,184.5767822265625,29.52307891845703,68.70034790039062,1.755707671691198e-05
1650,34.381446838378906,169.4644775390625,41.870384216308594,99.70779418945312,2.608278919069562e-05
1650,31.264680862426758,193.15431213378906,22.603178024291992,53.79815673828125,5.125760071678087e-05
1650,535.3070068359375,191.72857666015625,25.961669921875,61.226287841796875,4.9698810471454635e-06
1650,25.023653030395508,201.8920440673828,21.571653366088867,51.980987548828125,2.1959982404951006e-05
1650,15.913074493408203,203.6148681640625,24.45187759399414,60.896240234375,2.112777565344004e-06
1650,16.940664291381836,168.7181396484375,49.653480529785156,117.10980224609375,0.00014178779383655638
1650,2.625091552734375,153.75018310546875,79.8431396484375,189.69515991210938,4.920326773572015e-06
1650,11.77067756652832,192.74612426757812,35.896240234375,89.71923828125,1.962714668479748e-05
1680,511.8616638183594,117.11982727050781,54.742950439453125,134.51882934570312,2.9773384540021652e-06
1680,172.77386474609375,111.42506408691406,48.93365478515625,115.053466796875,7.337716851907317e-06
1680,188.4212646484375,140.3577423095703,34.132354736328125,81.08847045898438,7.3521543527022e-05
1680,202.16348266601562,143.52484130859375,31.2344970703125,74.009033203125,2.243396193080116e-05
1680,529.120849609375,146.53436279296875,23.3087158203125,54.119964599609375,5.871811663382687e-05
1680,543.593017578125,146.2189178466797,22.1812744140625,53.72833251953125,0.00040116615127772093
1680,536.8950805664062,144.46583557128906,31.903564453125,76.098876953125,0.0028649221640080214
1680,547.099609375,149.93267822265625,27.9171142578125,64.01580810546875,1.636900742596481e-05
1680,160.07408142089844,141.3450164794922,37.999114990234375,90.91989135742188,3.81691324946587e-06
1680,173.44873046875,147.6968994140625,31.05670166015625,76.6094970703125,5.430034070741385e-05
1680,182.76731872558594,150.58343505859375,28.189788818359375,64.09371948242188,3.825916792266071e-05
1680,497.56866455078125,103.98517608642578,80.3565673828125,197.7159423828125,3.471696572887595e-06
1680,536.0122680664062,151.18650817871094,23.190185546875,55.53607177734375,3.2045558327808976e-05
1680,162.33712768554688,168.03732299804688,20.87335205078125,50.54974365234375,1.6159725419129245e-05
1680,168.90408325195312,165.41912841796875,21.55938720703125,51.252655029296875,0.00015249545685946941
1680,175.0880584716797,159.72109985351562,22.131500244140625,53.16375732421875,4.922110019833781e-05
1680,198.68411254882812,155.20448303222656,25.03466796875,58.4984130859375,1.7592656149645336e-05
1680,217.0977020263672,161.48202514648438,22.295196533203125,51.8531494140625,5.68526456845575e-06
1680,524.2080078125,139.96533203125,36.47412109375,89.06536865234375,0.37634366750717163
1680,532.4522705078125,129.31625366210938,43.9530029296875,113.12115478515625,8.196050202968763e-07
1680,209.07850646972656,164.6523895263672,21.5218505859375,51.37646484375,9.384472832607571e-06
1680,224.8429718017578,166.74249267578125,21.659088134765625,51.502960205078125,3.7998504467395833e-06
1680,520.0437622070312,151.7799835205078,28.4815673828125,70.40625,3.227773049729876e-05
1680,296.46484375,183.79519653320312,21.09033203125,51.35552978515625,1.6832507753861137e-05
1680,0.0,248.0113525390625,14.579153060913086,56.58953857421875,7.689101948926691e-06
1680,602.2235717773438,361.9896240234375,38.27642822265625,118.5103759765625,3.4041647722915513e-06
1710,22.609508514404297,87.92547607421875,42.637088775634766,98.65066528320312,2.353500804019859e-06
1710,46.216957092285156,92.70468139648438,44.44822692871094,105.51614379882812,8.527717909601051e-06
1710,61.09253692626953,100.72982788085938,50.04148864746094,117.87313842773438,0.000244581897277385
1710,22.701919555664062,84.18803405761719,86.14544677734375,212.6908721923828,6.73390877636848e-06
1710,92.39857482910156,112.40901184082031,47.23974609375,112.20706176757812,0.00018328161968383938
1710,39.6395378112793,99.08064270019531,59.7863655090332,146.76028442382812,0.00013480367488227785
1710,51.13179016113281,81.4437484741211,78.81256103515625,191.68780517578125,0.000923770188819617
1710,20.003639221191406,104.29032135009766,59.95344543457031,137.29129028320312,3.431050936342217e-05
1710,83.67791748046875,128.35765075683594,35.96504211425781,88.265869140625,8.94127442734316e-05
1710,74.18738555908203,104.76029205322266,54.957298278808594,132.61907958984375,0.3333454132080078
1710,50.70913314819336,128.36431884765625,38.344058990478516,93.35739135742188,3.5435434710962e-06
1710,70.45655822753906,71.09626007080078,88.08552551269531,217.4459228515625,9.214484634867404e-06
1710,512.690185546875,186.94834899902344,21.7003173828125,52.051849365234375,2.8970334824407473e-05
1710,531.467529296875,187.08627319335938,21.1849365234375,50.524017333984375,8.041861292440444e-05
1710,4.354957580566406,48.2410888671875,139.14425659179688,303.3848571777344,6.566655429196544e-06
1710,58.3240966796875,190.47201538085938,21.938400268554688,52.000152587890625,2.1959021978545934e-06
1710,55.897705078125,153.28199768066406,42.38185119628906,104.20585632324219,5.588588919636095e-06
1710,536.8283081054688,193.53514099121094,21.6490478515625,51.059539794921875,0.0011523893335834146
1710,528.7067260742188,175.79782104492188,39.25634765625,86.1634521484375,1.115939767259988e-06
1710,460.7506408691406,113.86961364746094,147.38723754882812,294.359130859375,5.1868573791580275e-06
1710,67.07792663574219,196.41065979003906,21.754684448242188,51.28076171875,0.00014007656136527658
1710,60.01829528808594,186.9010772705078,33.28950500488281,78.67124938964844,8.682154657435603e-06
1710,70.69953918457031,194.8174285888672,27.09100341796875,64.31062316894531,1.842982783273328e-05
1710,25.030925750732422,236.04464721679688,22.76166534423828,55.55120849609375,6.567767559317872e-05
1710,599.6427612304688,363.2585754394531,40.85723876953125,117.24142456054688,3.7199888538452797e-06
1740,15.037710189819336,103.0413818359375,24.8312931060791,57.156158447265625,6.03162516199518e-06
1740,8.056142807006836,99.31924438476562,39.209442138671875,88.07647705078125,0.00019564019748941064
1740,20.32057762145996,97.05543518066406,40.053993225097656,93.88534545898438,4.3384774471633136e-05
1740,4.000638961791992,82.90633392333984,59.730079650878906,152.59268188476562,0.005358914844691753
1740,615.9202270507812,122.35340118408203,21.419189453125,51.52202606201172,3.382858994882554e-05
1740,0.0,79.74272918701172,38.325958251953125,144.92037963867188,3.7303441331459908e-06
1740,610.3922729492188,127.43295288085938,21.486572265625,51.65228271484375,1.8525230188970454e-05
1740,626.132568359375,122.18647766113281,14.367431640625,54.607666015625,2.8675801786448574e-06
1740,606.2557373046875,127.0877914428711,32.6571044921875,78.00727081298828,0.00013314676471054554
1740,621.49853515625,125.0553970336914,19.00146484375,78.75218963623047,2.5304334485554136e-06
1740,610.0687866210938,115.4726791381836,30.43121337890625,141.477783203125,2.112198853865266e-05
1740,596.5679931640625,82.27684783935547,43.9320068359375,234.535400390625,6.261497674131533e-06
1740,0.0,55.89727783203125,85.26957702636719,217.47933959960938,0.00048330193385481834
1740,485.1846008300781,165.8226776123047,32.282318115234375,76.86428833007812,1.19427186291432e-05
1740,546.707275390625,175.44775390625,33.2054443359375,77.37884521484375,4.609498137142509e-05
1740,560.3836059570312,186.9479522705078,21.2884521484375,50.610870361328125,0.0005562071455642581
1740,496.3899841308594,180.0899200439453,22.123321533203125,53.02691650390625,2.9540184186771512e-05
1740,553.0343017578125,191.38917541503906,22.3221435546875,52.60235595703125,0.14452368021011353
1740,492.0384826660156,135.1405487060547,128.18264770507812,272.57928466796875,5.21366746397689e-06
1740,566.2230224609375,192.8795623779297,21.2298583984375,50.7091064453125,8.105685992632061e-06
1740,627.2781372070312,195.46157836914062,13.22186279296875,50.64434814453125,1.29559248307487e-05
1740,7.628101348876953,104.18130493164062,94.18418884277344,227.69644165039062,2.146834106042661e-07
1740,73.34608459472656,204.6089324951172,22.301712036132812,52.45951843261719,1.8259584066981915e-06
1740,111.982177734375,195.34373474121094,23.6533203125,56.918243408203125,3.998296961071901e-06
1740,80.38994598388672,209.54605102539062,21.773223876953125,52.1455078125,1.766617970133666e-05
1740,547.0208129882812,195.6690673828125,22.0792236328125,53.2257080078125,3.488062429823913e-05
1740,599.5230102539062,362.2916564941406,40.97698974609375,118.20834350585938,3.6836054277955554e-06
1770,14.648564338684082,54.22017288208008,28.964458465576172,69.78369140625,2.319473060197197e-05
1770,0.0,61.667659759521484,14.832646369934082,51.89070510864258,3.804705784204998e-06
1770,20.08955192565918,58.400238037109375,32.46149444580078,80.69480895996094,9.675277397036552e-06
1770,46.71393585205078,69.91055297851562,23.095840454101562,52.28382873535156,8.014249033294618e-06
1770,10.202674865722656,58.18286895751953,46.71862030029297,112.54613494873047,0.017343519255518913
1770,37.701332092285156,72.14962768554688,25.879859924316406,59.555572509765625,9.299392331740819e-06
1770,24.753772735595703,55.55976104736328,44.85842514038086,104.69512176513672,0.001386106014251709
1770,39.80409622192383,64.78271484375,34.48031234741211,83.85942077636719,1.2843594959122129e-05
1770,0.0,80.829345703125,15.763980865478516,58.022186279296875,9.983837117033545e-06
1770,0.0,66.98197937011719,23.85839080810547,86.28271484375,6.081907849875279e-05
1770,0.0,59.81871032714844,38.14439010620117,112.16410827636719,0.003685748903080821
1770,8.108039855957031,79.27485656738281,26.106353759765625,65.03814697265625,2.0483078060351545e-06
1770,17.763858795166016,80.88050842285156,21.262542724609375,50.64164733886719,3.2421496598544763e-06
1770,12.973795890808105,81.61495971679688,30.658531188964844,77.32373046875,5.6224245781777427e-05
1770,0.0,94.18782043457031,17.904848098754883,67.5198974609375,6.737563126080204e-06
1770,0.0,18.749244689941406,72.23452758789062,194.24169921875,0.0006678253412246704
1770,0.0,91.1592025756836,36.55231857299805,161.03704833984375,5.4426568567578215e-06
1770,0.0,50.687538146972656,54.652099609375,232.09567260742188,4.567500582197681e-05
1770,0.0,0.0,94.48225402832031,299.2275390625,2.3737470655760262e-06
1770,479.42724609375,180.65744018554688,21.48553466796875,51.258392333984375,3.57459998667764e-06
1770,511.468505859375,181.28538513183594,21.844970703125,52.328826904296875,0.24779434502124786
1770,499.6866149902344,182.45376586914062,22.099212646484375,52.88275146484375,1.1320201338094193e-05
1770,502.719482421875,171.89834594726562,33.640380859375,76.77496337890625,4.025147063657641e-06
1770,516.44775390625,179.89964294433594,25.628173828125,60.571533203125,0.0003340068506076932
1770,81.15143585205078,200.81704711914062,21.912826538085938,51.903900146484375,2.7187716113985516e-06
1800,600.22412109375,164.28256225585938,21.8677978515625,51.4552001953125,1.107191201299429e-05
1800,575.4727172851562,163.72096252441406,28.476806640625,64.09664916992188,7.82144252298167e-06
1800,561.0715942382812,172.24583435058594,20.353271484375,50.87921142578125,4.426651230460266e-06
1800,583.22119140625,173.5537109375,26.5596923828125,59.7694091796875,1.3225661859905813e-05
1800,593.7796020507812,172.64170837402344,22.3134765625,51.5751953125,1.9311255528009497e-05
1800,605.3643798828125,171.08010864257812,27.0423583984375,62.11358642578125,5.6391516409348696e-05
1800,533.8189086914062,177.52444458007812,21.447509765625,51.3675537109375,0.00010024107177741826
1800,571.965576171875,155.0433807373047,38.8162841796875,95.49728393554688,0.0011016704374924302
1800,586.07958984375,168.52850341796875,33.44091796875,81.03369140625,0.0003102098125964403
1800,596.5663452148438,173.744873046875,28.0733642578125,65.72463989257812,0.00031131936702877283
1800,596.82470703125,156.77359008789062,39.1988525390625,95.20388793945312,1.199912640004186e-05
1800,525.042724609375,182.77133178710938,21.873291015625,51.617919921875,1.0388477676315233e-05
1800,580.60009765625,145.69410705566406,48.841064453125,119.72520446777344,6.6905340645462275e-06
1800,616.2506103515625,184.37924194335938,22.1356201171875,52.474456787109375,1.2579982467286754e-05
1800,626.7413940429688,186.5694122314453,13.75860595703125,52.11669921875,1.3585247870651074e-05
1800,75.19496154785156,191.62860107421875,23.018844604492188,51.576141357421875,3.3679887110338314e-06
1800,90.03800964355469,193.2405548095703,21.251434326171875,51.593658447265625,1.8853995698009385e-06
1800,104.5670166015625,189.7715301513672,21.537612915039062,52.0501708984375,5.8498012549534906e-06
1800,622.00341796875,180.78787231445312,18.49658203125,76.84893798828125,4.744868874695385e-06
1800,588.7384643554688,120.4559555053711,51.76153564453125,233.39193725585938,7.109857961040689e-06
1800,80.63790130615234,197.8266143798828,23.106674194335938,55.408050537109375,5.235086518950993e-06
1800,96.29264831542969,194.59542846679688,23.501907348632812,57.023529052734375,8.272378977380868e-07
1800,626.8223266601562,206.1910858154297,13.67767333984375,52.30824279785156,4.29749297836679e-06
1830,42.59668731689453,186.77572631835938,22.984962463378906,53.13641357421875,1.4797091353102587e-05
1830,50.65925979614258,187.34844970703125,21.58212661743164,51.247894287109375,0.0001284218014916405
1830,611.229736328125,182.1472625732422,22.3863525390625,52.60723876953125,0.0007023282814770937
1830,626.8611450195312,183.97962951660156,13.63885498046875,50.988922119140625,1.2557617992570158e-05
1830,57.12068176269531,191.545166015625,21.659652709960938,51.434417724609375,0.00011929855827474967
1830,44.69471740722656,189.7885284423828,29.365264892578125,70.67979431152344,1.0176489013247192e-05
1830,63.42195510864258,195.4003448486328,23.677173614501953,57.246368408203125,7.179493877629284e-06
