30,627.7869262695312,147.2304229736328,12.71307373046875,51.0546875,6.2169610828277655e-06
30,0.0,101.73836517333984,48.44636917114258,233.95419311523438,3.1431966363015817e-06
30,8.079115867614746,163.12368774414062,22.06420135498047,52.738983154296875,2.2771594103687676e-06
30,0.0,167.68490600585938,14.277342796325684,56.028961181640625,0.0005040480755269527
30,354.4129638671875,170.1403350830078,21.6395263671875,51.154388427734375,8.987190085463226e-06
30,0.0,151.84469604492188,21.04227066040039,93.24362182617188,7.085991455824114e-06
30,16.397884368896484,175.4548797607422,23.703960418701172,55.2088623046875,6.834513897047145e-06
30,361.1794128417969,173.21316528320312,22.28515625,54.4158935546875,4.2571628000587225e-06
60,10.618671417236328,169.00242614746094,21.825397491455078,53.389617919921875,4.914693818136584e-06
60,354.2047424316406,170.23321533203125,21.4163818359375,50.57696533203125,6.964924978092313e-05
60,0.0,178.8609619140625,13.733466148376465,53.2877197265625,1.2279773727641441e-05
60,0.0,91.51608276367188,83.05947875976562,310.5062255859375,4.310812983021606e-06
60,359.8013610839844,174.49119567871094,22.07855224609375,53.725830078125,1.2819329640478827e-05
60,628.5120849609375,179.37738037109375,11.9879150390625,50.880584716796875,1.0714406016631983e-05
60,16.076087951660156,184.77976989746094,21.138320922851562,50.812469482421875,3.342913487358601e-06
60,626.0657348632812,190.038330078125,14.43426513671875,59.77642822265625,5.783942924608709e-06
90,360.4097595214844,162.66748046875,20.98980712890625,51.000152587890625,3.898093382304069e-06
90,627.64013671875,154.53074645996094,12.85986328125,50.991607666015625,1.4314457075670362e-05
90,348.9334716796875,164.35035705566406,21.27227783203125,51.8565673828125,1.4761593547518714e-06
90,8.47056770324707,172.5647735595703,22.210613250732422,52.40301513671875,2.3060807507135905e-05
90,354.7018737792969,170.43008422851562,21.3585205078125,50.618560791015625,0.00028296923846937716
90,366.1796569824219,168.24522399902344,23.0404052734375,53.73980712890625,7.689095582463779e-06
90,0.0,178.0633544921875,13.931482315063477,51.298675537109375,2.9615555831696838e-05
90,1.0378608703613281,176.1412353515625,22.928951263427734,55.928802490234375,1.536049421702046e-05
90,15.663162231445312,178.82992553710938,22.327926635742188,52.064361572265625,4.255457952240249e-06
90,169.32862854003906,176.80258178710938,21.26763916015625,50.744873046875,1.4078000276640523e-05
90,358.72235107421875,176.41323852539062,24.506591796875,57.892730712890625,4.26883198088035e-05
90,627.0724487304688,200.81158447265625,13.42755126953125,53.0650634765625,3.748657036339864e-06
120,627.7188720703125,153.2227020263672,12.7811279296875,51.040740966796875,2.8322424441284966e-06
120,10.664860725402832,169.8429718017578,21.99791717529297,53.287322998046875,8.30908629723126e-06
120,0.0,178.38153076171875,13.969589233398438,53.766693115234375,1.470859660912538e-05
120,3.2832908630371094,177.8334503173828,20.903614044189453,51.186920166015625,2.1444061530928593e-06
120,0.0,96.48616027832031,82.69466400146484,306.20037841796875,3.5291932363179512e-06
120,13.712776184082031,170.46238708496094,28.592327117919922,69.94110107421875,2.5190879568981472e-06
120,353.38287353515625,171.54446411132812,21.9951171875,54.210968017578125,2.2753988559998106e-06
120,627.1107788085938,202.6488037109375,13.38922119140625,51.85723876953125,7.979060683283024e-06
120,616.89306640625,206.71115112304688,23.60693359375,55.264984130859375,1.5283780157915317e-05
150,626.4679565429688,155.91189575195312,14.03204345703125,56.9273681640625,5.292665264278185e-06
150,616.2816772460938,164.1930389404297,23.36474609375,53.574737548828125,4.00212320528226e-06
150,610.1796264648438,170.88780212402344,21.8656005859375,51.182464599609375,2.7913452868233435e-05
150,0.0,154.68991088867188,20.940143585205078,99.29354858398438,1.8004977846430847e-06
150,87.70738220214844,175.27491760253906,23.771926879882812,55.37054443359375,3.701772220665589e-05
150,627.3515014648438,176.0402069091797,13.14849853515625,50.987945556640625,4.0210750739788637e-05
150,0.0,185.00375366210938,14.08002758026123,50.62286376953125,8.011549653019756e-05
150,0.8552799224853516,184.56863403320312,23.277555465698242,56.436737060546875,1.1146124052174855e-05
150,9.229677200317383,184.03184509277344,21.81802749633789,51.909149169921875,3.0412073101615533e-05
150,12.519865989685059,178.04811096191406,28.41253662109375,66.18368530273438,4.862645710090874e-06
180,608.7509765625,155.6356964111328,23.67724609375,54.524993896484375,3.3593178159208037e-06
180,617.2647094726562,155.45957946777344,23.23529052734375,56.572662353515625,6.006547209835844e-06
180,11.10684585571289,171.7109375,21.2357177734375,51.938079833984375,1.7224799648829503e-06
180,626.69677734375,161.16671752929688,13.80322265625,56.102081298828125,5.542715371120721e-05
180,0.0,179.3184356689453,14.141683578491211,52.939117431640625,5.658624559146119e-06
180,0.0,95.49737548828125,82.3206787109375,305.065185546875,4.726550741906976e-06
180,626.8980102539062,184.3019561767578,13.60198974609375,51.78936767578125,1.685353709035553e-06
180,15.928596496582031,185.18861389160156,20.99414825439453,50.57586669921875,6.457203198806383e-06
210,627.3223876953125,152.0744171142578,13.1776123046875,57.997344970703125,4.879686002823291e-06
210,2.992725372314453,167.91836547851562,21.75231170654297,52.689300537109375,2.8313324946793728e-06
210,6.666563987731934,166.39944458007812,28.04452133178711,67.14230346679688,1.40308827667468e-06
210,0.0,177.96009826660156,14.854663848876953,52.89703369140625,2.1982948510412825e-06
210,0.0,89.92005920410156,80.96966552734375,300.7667236328125,1.8746100067801308e-06
210,600.8837280273438,361.5301513671875,39.61627197265625,118.9698486328125,3.7825354866072303e-06
240,1.3704862594604492,162.74197387695312,23.419677734375,56.339996337890625,2.7004762159776874e-05
240,627.3788452148438,152.18600463867188,13.12115478515625,56.423004150390625,1.0083360393764451e-05
240,0.0,176.0130157470703,17.29973793029785,51.851409912109375,9.622400830266997e-05
240,0.0,92.13107299804688,59.434146881103516,312.45867919921875,1.0721347280195914e-05
240,4.036924362182617,167.1918182373047,28.30429458618164,68.14987182617188,9.627047802496236e-06
240,0.0,177.61349487304688,24.781219482421875,68.38418579101562,5.848507043992868e-06
270,594.75634765625,0.0,45.74365234375,121.10104370117188,2.633204985613702e-06
270,627.48193359375,160.49571228027344,13.01806640625,57.25262451171875,1.8343662304687314e-05
270,0.0,177.84927368164062,14.79137897491455,52.489410400390625,0.0006750436150468886
270,0.0,151.91015625,23.07782745361328,98.86410522460938,1.0725580068537965e-05
270,0.0,90.582763671875,65.1749038696289,316.6717224121094,1.8831853594747372e-05
270,0.0,198.8592987060547,13.586187362670898,51.325592041015625,4.506491677602753e-06
270,609.2042236328125,409.47119140625,31.2957763671875,71.02880859375,9.71743338595843e-06
270,597.1058959960938,360.5544128417969,43.39410400390625,119.94558715820312,1.5681202057749033e-05
270,577.1221923828125,315.94891357421875,63.3778076171875,164.55108642578125,8.568878911319189e-06
300,627.43115234375,165.0708465576172,13.06884765625,52.055023193359375,5.947976205789018e-06
300,618.235595703125,175.0818328857422,21.0810546875,50.597198486328125,2.68847361439839e-06
300,627.4931640625,183.8123321533203,13.0068359375,54.879730224609375,0.0001270255888812244
300,619.9558715820312,164.52220153808594,20.54412841796875,90.75039672851562,5.384529686125461e-06
300,32.541259765625,186.65985107421875,22.116004943847656,51.826751708984375,9.970564178729546e-07
300,626.7388916015625,201.02093505859375,13.7611083984375,62.758026123046875,1.2052869351464324e-05
300,609.5013427734375,405.0511474609375,30.9986572265625,75.4488525390625,9.36728702072287e-06
300,599.36376953125,358.55859375,41.13623046875,121.94140625,7.222041858767625e-06
300,579.0590209960938,312.75244140625,61.44097900390625,167.74755859375,3.637986537796678e-06
330,338.1300964355469,189.85618591308594,22.4111328125,55.017822265625,7.08987772668479e-06
330,345.6085205078125,186.48716735839844,21.71661376953125,52.3865966796875,2.9121574698365293e-05
330,610.2435913085938,408.04827880859375,30.25640869140625,72.45172119140625,4.592004643200198e-06
330,599.0845947265625,360.4839782714844,41.4154052734375,120.01602172851562,3.1704387311037863e-06
330,576.9598999023438,320.213623046875,63.54010009765625,160.286376953125,3.5187013054382987e-06
360,0.0,168.17079162597656,15.890372276306152,54.408416748046875,5.5930408962012734e-06
360,25.788291931152344,179.47047424316406,22.30506134033203,52.181671142578125,6.8371605266293045e-06
360,609.5460815429688,407.14453125,30.95391845703125,73.35546875,1.0350285265303683e-05
360,597.8460693359375,362.78179931640625,42.6539306640625,117.71820068359375,7.229787115647923e-06
390,608.7838745117188,117.33055114746094,21.984130859375,51.671417236328125,4.9103146011475474e-05
390,604.1437377929688,126.67185974121094,21.1923828125,50.759063720703125,2.658163111846079e-06
390,15.431252479553223,167.796142578125,21.920013427734375,52.058013916015625,0.00047884692321531475
390,57.33702087402344,171.95953369140625,21.57196044921875,51.040924072265625,7.262369763338938e-05
390,8.418237686157227,170.9417724609375,24.00658416748047,58.23004150390625,0.00026869229623116553
390,440.90924072265625,171.38107299804688,21.47088623046875,50.74981689453125,3.369688101884094e-06
390,49.6285400390625,177.21434020996094,24.543479919433594,58.63665771484375,1.8996428480022587e-05
390,63.37693786621094,181.37840270996094,21.24127197265625,50.558746337890625,3.807740540651139e-06
390,433.01031494140625,176.09190368652344,21.81414794921875,51.565155029296875,4.943207841279218e-06
390,55.50898742675781,183.82565307617188,25.617294311523438,59.952056884765625,1.0445511406942387e-06
390,600.1514892578125,363.62286376953125,40.3485107421875,116.87713623046875,5.5412397159670945e-06
420,592.9591674804688,146.31036376953125,20.7998046875,50.512298583984375,3.587711489672074e-06
420,628.13330078125,138.9971160888672,12.36669921875,51.23065185546875,6.1061296037223656e-06
420,0.0,151.82640075683594,14.766669273376465,56.918426513671875,3.8078419493103866e-06
420,432.16375732421875,171.33889770507812,21.0477294921875,50.891937255859375,1.1207755051145796e-05
420,408.40643310546875,177.3824462890625,22.02667236328125,50.897674560546875,3.4945685911225155e-05
450,623.0390014648438,178.4976348876953,17.46099853515625,77.3433837890625,5.970196980342735e-06
450,0.0,208.7672882080078,13.379096031188965,53.73451232910156,2.9738255307165673e-06
450,626.6707763671875,206.88552856445312,13.8292236328125,54.876617431640625,7.579041266581044e-05
450,623.413818359375,214.08998107910156,17.086181640625,74.12559509277344,1.5505684132222086e-05
450,473.476806640625,230.26596069335938,21.79443359375,52.074310302734375,4.844288469030289e-06
480,0.0,202.38671875,17.088802337646484,52.9891357421875,9.225294343195856e-05
480,0.0,174.57122802734375,24.55368423461914,96.79379272460938,3.9958117667993065e-06
480,0.0,117.84666442871094,60.725196838378906,309.52227783203125,2.699124252103502e-06
480,7.358315467834473,202.93145751953125,21.086685180664062,51.537628173828125,0.0010541542433202267
480,570.3943481445312,212.53977966308594,20.8450927734375,50.59815979003906,2.0376879547256976e-05
480,39.644989013671875,206.07730102539062,22.55994415283203,53.91180419921875,8.202086974051781e-07
480,0.5488557815551758,216.50189208984375,21.051822662353516,51.20330810546875,5.667568075296003e-06
480,481.78802490234375,216.68435668945312,23.0338134765625,55.50665283203125,1.3208405107434373e-05
480,575.3822631835938,220.91477966308594,21.662109375,52.48628234863281,4.401368641993031e-06
510,627.0975952148438,159.06204223632812,13.40240478515625,51.2225341796875,1.9286539099994116e-05
510,9.587565422058105,172.77230834960938,22.591781616210938,54.032958984375,2.277921885251999e-05
510,591.493896484375,168.48150634765625,23.188720703125,55.0340576171875,2.113279379045707e-06
510,618.0391235351562,171.48301696777344,21.9478759765625,52.115631103515625,9.38406174100237e-06
510,0.0,177.431640625,15.871667861938477,55.144500732421875,1.014201552607119e-05
510,3.8573789596557617,180.09945678710938,21.164371490478516,50.702392578125,5.2919618610758334e-05
510,579.0464477539062,178.70188903808594,22.1571044921875,51.835968017578125,6.2563412939198315e-06
510,586.72509765625,179.3675079345703,21.6009521484375,50.753448486328125,7.392847328446805e-05
510,627.4053344726562,177.36062622070312,13.09466552734375,51.070648193359375,0.00018532855028752238
510,15.755744934082031,183.69717407226562,21.616195678710938,51.20684814453125,9.457788110012189e-06
510,591.520263671875,187.1585235595703,21.0177001953125,51.783111572265625,3.6201870443619555e-06
510,627.4317016601562,195.923095703125,13.06829833984375,59.542877197265625,5.9202629927312955e-06
570,405.61773681640625,193.87721252441406,23.85009765625,57.03106689453125,2.9137879664631328e-06
570,562.780517578125,200.4290008544922,21.843994140625,51.834136962890625,7.329467734962236e-07
570,626.3798217773438,196.68252563476562,14.12017822265625,55.883575439453125,4.419062861416023e-06
570,398.7533874511719,199.0701904296875,24.669677734375,57.728302001953125,3.4577322367113084e-05
570,603.1713256835938,149.37530517578125,37.32867431640625,137.65863037109375,1.0165779713133816e-05
570,0.0,206.9966278076172,15.387565612792969,58.59001159667969,7.682851901336107e-06
570,9.758685111999512,211.052978515625,22.59972381591797,53.983551025390625,5.894590685784351e-06
570,16.914146423339844,210.52056884765625,21.858116149902344,51.647796630859375,1.2023915587633383e-05
570,393.76092529296875,203.7112274169922,21.12469482421875,50.710601806640625,1.0202499652223196e-05
570,568.507568359375,210.0001678466797,20.880126953125,50.79158020019531,5.931518171564676e-05
570,591.2347412109375,125.56507110595703,49.2652587890625,227.7142333984375,7.887968968134373e-05
570,1.640608787536621,217.17593383789062,21.420940399169922,50.72076416015625,6.812661467847647e-06
570,624.4255981445312,212.848388671875,16.07440185546875,64.9287109375,0.0002733310393523425
570,615.52392578125,184.22569274902344,24.97607421875,102.27992248535156,9.403732110513374e-05
570,626.1095581054688,236.47393798828125,14.39044189453125,52.78961181640625,4.539260316960281e-06
600,392.44451904296875,181.78077697753906,22.51947021484375,53.587677001953125,0.053314827382564545
600,386.2091979980469,175.0116424560547,33.74566650390625,79.86538696289062,2.9711040951951873e-06
600,368.97607421875,198.1470947265625,21.34759521484375,51.23370361328125,1.2390231859171763e-05
600,376.27288818359375,194.75633239746094,23.3668212890625,55.2520751953125,4.350813924247632e-06
600,385.6913757324219,192.42576599121094,21.7518310546875,52.58380126953125,0.00013820176536682993
600,397.9205627441406,191.61489868164062,23.3741455078125,57.79290771484375,4.413570877659367e-06
600,362.6821594238281,204.5453643798828,22.28289794921875,52.58399963378906,1.8053086705549504e-06
600,390.4642639160156,197.1476287841797,23.47882080078125,57.21734619140625,9.687611054687295e-06
600,608.9954223632812,222.0887908935547,20.64892578125,50.60893249511719,8.699159934622003e-07
600,628.3338623046875,225.06689453125,12.1661376953125,51.905426025390625,3.2530390399188036e-06
630,0.0,181.20294189453125,14.78816032409668,53.246826171875,6.365114131767768e-06
630,371.78375244140625,187.70335388183594,21.71063232421875,51.11859130859375,8.48367199068889e-06
630,0.0,195.43878173828125,21.775562286376953,53.512725830078125,5.769278868683614e-05
630,6.987597465515137,198.7769012451172,22.845325469970703,55.04345703125,1.5159665963437874e-05
630,15.498478889465332,200.9490509033203,23.26104736328125,53.699493408203125,8.066435839282349e-07
630,377.1104431152344,196.86502075195312,21.76202392578125,50.90179443359375,0.00013363533071242273
630,0.0,204.91537475585938,14.52390193939209,52.909698486328125,7.940142495499458e-06
630,371.0065002441406,203.89627075195312,20.63275146484375,50.641326904296875,1.0124427717528306e-05
630,628.336181640625,256.15582275390625,12.163818359375,51.870849609375,2.9837340207450325e-06
660,619.3523559570312,116.55239868164062,21.14764404296875,89.03143310546875,6.799964921810897e-06
660,603.0443115234375,83.64683532714844,37.4556884765625,147.07699584960938,0.00026162900030612946
660,624.87744140625,149.75762939453125,15.62255859375,70.61703491210938,1.0787118299049325e-05
660,589.9715576171875,66.66732788085938,50.5284423828125,219.69961547851562,6.349475734168664e-05
660,613.2509155273438,127.81764221191406,27.24908447265625,118.17584228515625,5.083181895315647e-05
660,0.0,195.55023193359375,13.812199592590332,50.892059326171875,4.613676355802454e-05
660,6.922211647033691,194.55221557617188,23.688411712646484,57.0611572265625,1.3444135902318521e-06
660,542.4415283203125,188.80203247070312,26.325439453125,60.142852783203125,1.2361213066469645e-06
660,552.0711669921875,189.83499145507812,22.0592041015625,53.792266845703125,2.055038521575625e-06
660,558.7908935546875,187.36105346679688,25.514404296875,58.593231201171875,6.550293619511649e-06
660,0.0,201.0703125,23.02227020263672,56.745330810546875,9.922226126946043e-06
660,0.0,161.31008911132812,27.93927764892578,127.8624267578125,2.629934670039802e-06
690,0.0,201.99185180664062,15.990395545959473,56.480743408203125,1.9381750462343916e-05
690,8.013959884643555,201.93321228027344,22.592315673828125,53.373138427734375,3.330372919663205e-06
690,16.64212417602539,202.72695922851562,22.271881103515625,52.4884033203125,1.4272728776631993e-06
690,472.2434387207031,197.98214721679688,21.58740234375,51.567779541015625,1.500060420767113e-06
720,1.2634124755859375,185.95396423339844,22.846969604492188,55.5531005859375,3.247509312132024e-06
720,0.0,193.1581268310547,15.4066162109375,53.38043212890625,2.6572115530143492e-05
720,408.9232177734375,195.2544708251953,20.4947509765625,50.517852783203125,8.833599167701323e-07
720,393.1814880371094,201.13499450683594,22.36279296875,51.8619384765625,2.4518283680663444e-05
720,399.807861328125,200.50389099121094,23.1583251953125,55.078826904296875,4.946933813698706e-07
720,568.668212890625,198.00608825683594,21.4349365234375,52.4178466796875,9.483364920015447e-06
720,562.3469848632812,206.79736328125,20.5411376953125,50.7099609375,8.511988198733889e-06
750,554.4684448242188,0.0,86.03155517578125,240.1180419921875,9.800693806027994e-05
750,612.968505859375,27.040184020996094,27.531494140625,116.02225494384766,1.9152182630932657e-06
750,600.2577514648438,0.60699462890625,40.24224853515625,168.13702392578125,1.4368177289725281e-05
750,589.4437866210938,24.14349365234375,51.05621337890625,243.37646484375,8.514018190908246e-06
750,561.246826171875,182.6543731689453,23.5947265625,55.28900146484375,7.853185707062948e-06
750,0.0,193.5398712158203,15.851014137268066,53.658477783203125,1.68598817253951e-05
750,384.4627380371094,194.24594116210938,22.54925537109375,53.494964599609375,9.391781645717856e-07
750,393.0448303222656,194.6263427734375,22.46197509765625,54.0208740234375,1.8375789068159065e-06
750,400.1561584472656,196.64923095703125,22.8275146484375,54.715850830078125,2.6838906705961563e-06
750,408.1540832519531,196.38656616210938,21.33758544921875,50.64874267578125,2.1842852220288478e-06
750,415.6710510253906,194.052734375,23.95196533203125,56.8834228515625,2.4038797619141405e-06
750,423.3993835449219,192.9329071044922,24.50946044921875,56.24359130859375,1.8154499912270694e-06
750,377.4773864746094,197.54507446289062,21.68280029296875,51.71917724609375,7.492285931220977e-06
780,91.0714340209961,189.89720153808594,21.370376586914062,52.4366455078125,8.421803795499727e-05
780,0.0,119.06387329101562,94.75225830078125,250.47039794921875,5.848116416018456e-06
780,44.66450500488281,192.5963897705078,21.515411376953125,51.018035888671875,9.416741590939637e-07
780,13.00372314453125,113.8646240234375,151.26329040527344,302.148681640625,9.92860623227898e-06
780,627.4072875976562,196.3264617919922,13.09271240234375,51.890625,2.2774722310714424e-05
780,34.658565521240234,198.3558349609375,21.675872802734375,50.744110107421875,0.008047726936638355
780,26.77806854248047,182.912109375,34.670448303222656,81.21893310546875,1.2520382597358548e-06
780,612.6287841796875,161.67877197265625,27.8712158203125,124.99615478515625,3.645001697805128e-06
780,28.144916534423828,199.517333984375,21.460861206054688,52.560699462890625,1.3355182090890594e-05
780,623.2999267578125,200.03009033203125,17.2000732421875,77.08139038085938,2.650160968187265e-05
780,626.3651123046875,226.97799682617188,14.1348876953125,62.11602783203125,1.0381931133451872e-05
780,619.1710205078125,210.67446899414062,21.3289794921875,101.5966796875,8.05958279670449e-06
810,0.0,164.20028686523438,16.16639518737793,62.7213134765625,2.641187620611163e-06
810,49.353721618652344,192.03106689453125,21.80859375,52.131500244140625,0.670910120010376
810,0.0,190.801025390625,15.426063537597656,51.45233154296875,0.016167161986231804
810,7.589168548583984,188.90960693359375,21.05441665649414,51.87554931640625,3.5872462831321172e-06
810,81.0506820678711,183.5850372314453,27.024505615234375,65.78591918945312,8.655377314426005e-06
810,40.91743087768555,95.09036254882812,108.62661743164062,257.16888427734375,8.722572601982392e-06
810,425.1231994628906,185.9483642578125,22.01165771484375,52.258819580078125,3.7026952668384183e-06
810,432.6202087402344,182.6166229248047,22.3056640625,53.008880615234375,5.186406724533299e-06
810,440.51904296875,184.18951416015625,22.68212890625,52.88250732421875,9.217543265549466e-06
810,448.7590637207031,184.55810546875,22.6212158203125,53.907073974609375,8.875864295987412e-06
810,0.0,173.51776123046875,22.036571502685547,86.61691284179688,2.3526443328591995e-05
810,0.0,128.38766479492188,60.81583023071289,297.4835205078125,3.5518260119715706e-06
810,40.472896575927734,172.2867889404297,37.10312271118164,85.44172668457031,1.4823156107013347e-06
810,0.0,123.05821228027344,122.09199523925781,293.43939208984375,1.785160566214472e-05
810,53.16584014892578,195.71826171875,26.53179931640625,62.51397705078125,1.8646962871571304e-06
840,627.7386474609375,122.89132690429688,12.7613525390625,51.674346923828125,3.5409086649451638e-06
840,25.4952392578125,183.905517578125,21.936050415039062,53.709320068359375,0.0004579853266477585
840,488.13092041015625,176.10238647460938,21.718994140625,51.927520751953125,1.1601078767853323e-05
840,512.5348510742188,175.8841552734375,22.74462890625,53.64398193359375,1.7841615772340447e-05
840,0.0,104.44291687011719,96.69097137451172,308.70196533203125,4.264037670509424e-06
840,482.1880798339844,184.0728302001953,22.200927734375,52.206512451171875,0.0003249738656450063
840,495.5792236328125,182.47354125976562,23.23272705078125,56.320220947265625,0.00013385812053456903
840,506.0810241699219,181.8485870361328,22.036712646484375,51.9036865234375,4.5329863496590406e-05
840,474.5955810546875,188.2063751220703,23.61419677734375,55.850677490234375,1.253981281479355e-06
840,515.7429809570312,182.23324584960938,25.90478515625,60.366058349609375,4.622493179340381e-06
840,31.048763275146484,191.85171508789062,20.793357849121094,50.932830810546875,0.018654704093933105
840,486.3205871582031,190.59835815429688,24.6796875,59.584686279296875,2.1518821085919626e-05
840,498.1014709472656,185.0603790283203,31.134796142578125,73.29103088378906,3.4696772672759835e-06
870,530.2448120117188,163.42124938964844,23.6812744140625,55.58160400390625,2.5533887310302816e-05
870,524.198974609375,171.1104278564453,22.1414794921875,52.9105224609375,1.08392760012066e-05
870,438.9267272949219,179.762939453125,22.66583251953125,52.577362060546875,6.326877155515831e-06
870,523.5438842773438,163.1234130859375,35.4090576171875,80.48944091796875,3.6369458484841743e-06
870,535.6378173828125,176.26663208007812,21.6961669921875,50.86578369140625,0.06946008652448654
870,432.6700134277344,183.33343505859375,22.98541259765625,54.81805419921875,2.837368356267689e-06
870,522.6939086914062,187.29356384277344,21.05615234375,51.010345458984375,4.644300133804791e-06
870,530.7305297851562,183.7366180419922,21.700439453125,52.371795654296875,9.288410365115851e-05
870,534.0986328125,188.79379272460938,26.011962890625,59.930694580078125,2.0530621895886725e-06
900,511.1455078125,173.75086975097656,21.8463134765625,52.322845458984375,8.395877557632048e-06
900,440.3743591308594,174.65045166015625,22.459716796875,54.100128173828125,0.0002570062060840428
900,431.06854248046875,171.89791870117188,30.12115478515625,71.64682006835938,1.278634044865612e-05
900,446.8192138671875,179.0787353515625,24.50848388671875,58.66326904296875,3.945831485907547e-05
900,456.49224853515625,182.05648803710938,21.42303466796875,50.817840576171875,3.2296517019858584e-05
900,464.9198303222656,183.0246124267578,21.20379638671875,50.553314208984375,1.1793390513048507e-05
900,498.6971130371094,185.90737915039062,22.795379638671875,53.03973388671875,7.330933385674143e-06
900,505.70947265625,183.385986328125,22.640625,53.09320068359375,8.10981509857811e-05
900,510.2071228027344,186.8094482421875,25.198822021484375,58.878936767578125,3.176315885866643e-06
900,627.816162109375,202.0645751953125,12.683837890625,51.792633056640625,7.79204310674686e-06
930,186.27520751953125,168.78591918945312,21.39093017578125,52.92437744140625,3.1463241612073034e-05
930,601.0924682617188,165.00367736816406,23.072998046875,55.415985107421875,0.00014832503802608699
930,588.7034912109375,155.74560546875,36.6654052734375,91.15521240234375,9.10014205146581e-05
930,626.432861328125,167.75326538085938,14.067138671875,51.73583984375,8.260180948127527e-06
930,102.79800415039062,86.36590576171875,151.57296752929688,306.2733154296875,4.9329041758028325e-06
930,607.2372436523438,171.03945922851562,22.7427978515625,54.667755126953125,0.0022487679962068796
930,609.9236450195312,169.96148681640625,29.8978271484375,69.28842163085938,0.00035048238351009786
930,487.4338684082031,173.7032470703125,21.869873046875,52.194488525390625,2.5734758310136385e-05
930,519.95654296875,175.78094482421875,22.341064453125,53.3262939453125,0.00031780614517629147
930,584.4549560546875,175.64141845703125,27.3997802734375,63.2972412109375,5.885844529984752e-06
930,599.2394409179688,173.53985595703125,31.999267578125,76.1119384765625,0.07129890471696854
930,473.7987060546875,179.594970703125,21.15533447265625,52.35015869140625,3.4786926335073076e-06
930,480.6675720214844,176.5964813232422,21.84033203125,52.29278564453125,0.00012822991993743926
930,526.8690795898438,178.31661987304688,24.6917724609375,57.732269287109375,1.8387308955425397e-05
930,595.2678833007812,179.79515075683594,25.521240234375,61.867523193359375,0.0001567974395584315
930,602.8447265625,165.28189086914062,37.6552734375,109.85806274414062,5.78875506107579e-06
930,622.9767456054688,178.26637268066406,17.52325439453125,65.2930908203125,7.415016443701461e-05
930,591.8662719726562,126.60913848876953,48.63372802734375,217.19677734375,3.132077154077706e-06
930,602.7432861328125,195.49432373046875,22.3778076171875,52.413665771484375,8.73302633408457e-05
930,612.2146606445312,192.70706176757812,28.28533935546875,67.1907958984375,6.442545327445259e-06
960,505.2604064941406,0.0,107.99386596679688,213.8629150390625,0.001186241046525538
960,514.981689453125,27.115745544433594,63.4002685546875,158.6875,1.695756054687081e-06
960,610.5372924804688,173.50192260742188,21.7764892578125,51.2249755859375,0.0017809191485866904
960,624.9950561523438,169.3249969482422,15.50494384765625,54.063995361328125,4.9804599257186055e-05
960,614.7771606445312,173.78216552734375,25.72283935546875,61.99798583984375,0.007450755685567856
960,603.7494506835938,176.565185546875,21.2811279296875,52.155487060546875,2.195378147007432e-05
960,0.0,185.64950561523438,15.360816955566406,56.671234130859375,2.6476182029000483e-06
960,495.7553405761719,183.5411834716797,23.120025634765625,53.186126708984375,0.00011783005902543664
960,503.2437744140625,181.6905975341797,21.12744140625,51.63189697265625,1.1275178621872328e-06
960,488.5893249511719,187.4484405517578,25.196197509765625,58.30035400390625,8.402093044423964e-06
960,491.7070617675781,190.81155395507812,31.571319580078125,72.69979858398438,4.3345253288862295e-06
960,605.2587280273438,178.79135131835938,34.5958251953125,80.35073852539062,5.364509343053214e-05
960,623.2883911132812,187.17031860351562,17.21160888671875,68.258544921875,0.00021236327302176505
960,595.8889770507812,170.7437744140625,44.61102294921875,124.59832763671875,1.1651553677438642e-06
990,575.9390869140625,170.15040588378906,22.6019287109375,52.126861572265625,7.382371677522315e-06
990,569.5491333007812,175.34695434570312,23.094482421875,54.50439453125,1.1051604815293103e-05
990,0.0,191.65234375,15.895851135253906,56.305999755859375,6.088708687457256e-06
1020,0.0,165.17518615722656,14.197266578674316,56.180450439453125,2.261404233649955e-06
1020,627.9413452148438,157.88296508789062,12.55865478515625,56.494964599609375,5.543364295590436e-06
1020,61.08465576171875,181.25970458984375,20.791000366210938,51.707550048828125,3.8545358620467596e-06
1020,64.44886016845703,176.6928253173828,26.695480346679688,64.02047729492188,4.467202870728215e-06
1020,0.0,102.5947265625,137.24441528320312,307.3262634277344,4.0800036913424265e-06
1020,0.0,184.17254638671875,15.308706283569336,55.947052001953125,4.278262349544093e-05
1020,8.426965713500977,183.97750854492188,22.891990661621094,55.047271728515625,1.582346340001095e-05
1020,15.79516887664795,182.05992126464844,23.023700714111328,53.82745361328125,2.4194981961045414e-05
1020,0.0,164.29486083984375,21.85243797302246,97.0523681640625,3.1049926292325836e-06
1050,0.0,163.4240264892578,13.06483268737793,50.68829345703125,2.4316550479852594e-06
1050,0.0,144.660400390625,21.899398803710938,100.339599609375,5.327673534338828e-06
1050,0.0,176.1551513671875,16.172210693359375,58.40826416015625,1.482039260736201e-05
1050,0.0,78.00918579101562,112.43307495117188,303.5631103515625,9.951641914085485e-06
1050,48.05716323852539,171.2650146484375,27.835765838623047,69.00274658203125,2.7943544864683645e-06
1050,34.990257263183594,182.66360473632812,21.606117248535156,52.30560302734375,4.029287083540112e-06
1080,10.5380277633667,166.60894775390625,22.714622497558594,54.146636962890625,2.7593509912549052e-06
1080,0.0,177.3194580078125,15.390153884887695,54.339508056640625,4.419147444423288e-06
1080,623.4569091796875,169.76776123046875,17.0430908203125,76.24697875976562,0.00010625293361954391
1080,24.30301856994629,180.6768035888672,20.85243034362793,51.054718017578125,1.9962710666732164e-06
1080,16.237857818603516,182.8612823486328,22.479045867919922,54.82794189453125,1.2339385648374446e-05
1080,605.1961059570312,179.87423706054688,33.6517333984375,79.25738525390625,4.485665613174206e-06
1080,614.0855102539062,153.28858947753906,26.41448974609375,121.12876892089844,1.9664654246298596e-05
1080,591.7158813476562,126.63863372802734,48.78411865234375,226.33575439453125,2.429033429507399e-06
1080,621.83984375,191.58258056640625,18.66015625,79.53890991210938,1.3393317203735933e-05
1110,18.563636779785156,174.72496032714844,20.765483856201172,52.2867431640625,3.7365182379289763e-06
1110,0.0,176.8404998779297,17.098251342773438,51.455535888671875,3.7681194953620434e-05
1110,0.0,114.49757385253906,70.32392120361328,294.0546875,6.332388693408575e-06
1110,0.0,174.26614379882812,26.881103515625,65.069091796875,6.335820216918364e-06
1110,457.06787109375,175.32577514648438,21.600830078125,52.8804931640625,1.043568431668973e-06
1110,424.93939208984375,182.62826538085938,21.46307373046875,51.143646240234375,1.0250033483316656e-05
1110,432.6666564941406,181.75294494628906,21.80645751953125,51.75762939453125,1.1229795745748561e-05
1140,495.22174072265625,0.0,96.7080078125,137.14874267578125,1.0457648386363871e-05
1140,594.7551879882812,28.956375122070312,45.74481201171875,241.58518981933594,7.260880920512136e-06
1140,627.8302001953125,139.37132263183594,12.6697998046875,50.7706298828125,4.878699201071868e-06
1140,7.0105743408203125,177.73570251464844,26.4503173828125,63.696746826171875,2.78975312539842e-06
1140,0.0,185.12220764160156,15.066761016845703,51.436126708984375,2.390759163972689e-06
1140,0.0,105.14677429199219,86.19283294677734,300.05792236328125,5.562666956393514e-06
1140,23.72786521911621,178.10003662109375,25.695268630981445,64.85281372070312,1.0519418083276832e-06
1140,448.9080505371094,180.51309204101562,22.22393798828125,51.068634033203125,0.0002108152984874323
1140,451.3349304199219,175.368408203125,30.15472412109375,68.31280517578125,1.2192373333164142e-06
1140,440.837646484375,185.7073211669922,24.320068359375,57.834564208984375,1.1113943401142024e-05
1140,627.521728515625,250.71554565429688,12.978271484375,50.98681640625,2.9428647394524887e-06
1170,611.1411743164062,0.0,29.35882568359375,54.77885818481445,1.0792508874146733e-05
1170,595.5745849609375,0.0,44.9254150390625,120.98834991455078,8.60480395203922e-06
1170,575.15966796875,0.0,65.34033203125,168.7272491455078,2.3980937839951366e-06
1170,627.3405151367188,137.9037322998047,13.15948486328125,50.643463134765625,1.4195313724485459e-06
1170,114.94893646240234,180.00608825683594,23.39228057861328,56.276641845703125,2.4001436031539924e-05
1170,561.4375610351562,182.96282958984375,23.775634765625,54.9920654296875,6.342639153444907e-06
1170,108.39610290527344,194.24441528320312,20.904876708984375,51.05096435546875,7.998183718882501e-06
1170,120.02381896972656,192.78744506835938,21.395111083984375,50.7265625,0.7613839507102966
1170,56.225250244140625,128.83480834960938,135.0529022216797,287.97296142578125,1.0480335959073273e-06
1170,569.1947631835938,185.70294189453125,22.36083984375,53.482391357421875,3.132584970444441e-05
1170,574.1559448242188,182.68324279785156,25.914306640625,62.91015625,2.1100584490341134e-05
1170,581.7625122070312,186.93446350097656,25.6024169921875,61.610076904296875,5.4768912377767265e-05
1170,590.5281982421875,187.72372436523438,25.744140625,60.9915771484375,2.16953276321874e-06
1170,124.23624420166016,195.14698791503906,24.29206085205078,58.665863037109375,9.209227573592216e-05
1170,135.96746826171875,200.95286560058594,20.837310791015625,50.575225830078125,2.0501977360254386e-06
1170,104.05719757080078,202.325927734375,26.259498596191406,61.86785888671875,3.927824946003966e-05
1170,112.58209991455078,196.5149688720703,26.24848175048828,62.17259216308594,0.000695384165737778
1170,110.9006118774414,188.99630737304688,37.65032196044922,92.07449340820312,2.2706281015416607e-05
1170,97.27133178710938,175.2815704345703,54.320281982421875,127.33558654785156,1.6054274965426885e-05
1200,7.9395856857299805,194.8414306640625,23.54636001586914,56.26788330078125,4.239384907123167e-06
1200,15.657281875610352,196.22158813476562,23.48799705505371,54.74700927734375,1.0801795724546537e-05
1200,23.399503707885742,193.5008087158203,23.199861526489258,55.10595703125,8.66330537974136e-06
1200,32.08696746826172,192.35272216796875,23.127967834472656,55.734954833984375,5.924442803006968e-07
1200,39.428184509277344,192.51194763183594,24.004928588867188,57.175445556640625,2.943083472928265e-06
1200,48.971580505371094,192.58778381347656,21.354942321777344,51.08404541015625,3.4245874758198624e-06
1200,56.63676834106445,191.87777709960938,21.49856185913086,52.00494384765625,4.311976681492524e-06
1200,80.08926391601562,193.70913696289062,22.635452270507812,55.16326904296875,8.28621705295518e-06
1200,343.49505615234375,203.84246826171875,25.5396728515625,59.716552734375,1.213352970808046e-05
1200,350.1426696777344,209.6226806640625,26.16015625,59.30303955078125,1.1856055607495364e-05
1200,331.3690185546875,202.5680694580078,33.92791748046875,81.73167419433594,6.462908459070604e-06
1230,42.99253845214844,0.0,96.73222351074219,208.05099487304688,9.008624147099908e-06
1230,401.988037109375,157.48143005371094,21.88690185546875,51.5234375,5.556745600188151e-05
1230,159.99197387695312,192.9141082763672,23.166351318359375,55.43292236328125,4.9682748795021325e-06
1230,168.57618713378906,192.677978515625,22.606109619140625,54.50616455078125,2.2121615984360687e-05
1230,176.37205505371094,193.87596130371094,23.093505859375,55.6846923828125,4.143500700592995e-05
1230,183.77133178710938,193.2854461669922,22.9615478515625,54.831634521484375,1.502497298133676e-06
1230,288.894287109375,186.35765075683594,26.121337890625,62.550750732421875,4.538392386166379e-05
1230,311.0428161621094,185.4802703857422,25.068603515625,63.077606201171875,4.445144804776646e-05
1230,243.0494842529297,135.13290405273438,138.53114318847656,280.3115234375,6.454309641412692e-06
1230,319.097900390625,193.54437255859375,21.16754150390625,51.243408203125,2.256639527331572e-05
1230,0.0,210.1729278564453,13.207550048828125,51.00575256347656,6.875607141410001e-06
1230,0.0,200.39414978027344,18.1596622467041,74.17164611816406,6.126691459940048e-06
1230,7.654912948608398,210.11341857910156,23.127017974853516,55.30253601074219,1.6206065538426628e-06
1260,0.0,56.656211853027344,13.270089149475098,54.11326599121094,7.383991487586172e-06
1260,101.05738067626953,0.0,95.34368133544922,188.2296142578125,4.578126208798494e-06
1260,21.072086334228516,179.95721435546875,21.121654510498047,51.067169189453125,0.0005817259079776704
1260,393.78924560546875,193.08209228515625,21.53619384765625,51.007293701171875,0.9999984502792358
1260,408.8144836425781,189.79397583007812,24.3192138671875,58.370880126953125,1.1548160728125367e-05
1260,416.760009765625,191.26004028320312,21.51654052734375,50.552764892578125,0.9956555366516113
1260,0.0,85.72503662109375,93.12805938720703,302.8895263671875,8.565100984014862e-07
1260,25.285205841064453,188.9250030517578,22.067214965820312,53.55120849609375,0.015215404331684113
1260,248.44012451171875,192.94586181640625,21.16680908203125,50.5313720703125,6.385332085301343e-07
1260,256.876708984375,193.17538452148438,21.33038330078125,51.07061767578125,6.822074851697835e-07
1260,263.46527099609375,191.11334228515625,23.7432861328125,56.750335693359375,1.3623161976283882e-06
1260,385.43145751953125,174.79168701171875,35.2960205078125,80.76483154296875,1.7130784044638858e-06
1260,330.09759521484375,146.83689880371094,137.47149658203125,272.9791259765625,4.060529136040714e-06
1260,398.2769470214844,189.78646850585938,26.10357666015625,62.632781982421875,0.00010791673412313685
1260,408.5133361816406,180.23904418945312,35.699462890625,82.31430053710938,1.1080500144089456e-06
1260,377.3002624511719,114.24238586425781,105.17486572265625,259.52142333984375,2.5051256216102047e-06
1260,18.525531768798828,193.4814910888672,21.99921417236328,53.34393310546875,1.5308258298318833e-05
1260,30.37987518310547,197.3201141357422,23.41423797607422,53.941436767578125,2.2883862129674526e-06
1260,20.918094635009766,191.4722442626953,32.15668487548828,76.35673522949219,1.6472629795316607e-05
1290,599.4794921875,181.56971740722656,21.4664306640625,52.297454833984375,3.5171426134184e-05
1290,403.64141845703125,188.50677490234375,21.167724609375,51.50848388671875,7.202454071375541e-06
1290,418.7357482910156,190.69830322265625,22.06085205078125,52.25347900390625,0.9999966621398926
1290,396.1307373046875,190.35902404785156,22.247314453125,51.8099365234375,9.476018476561876e-07
1290,410.8185729980469,175.35049438476562,33.63037109375,79.29678344726562,2.7425867301644757e-06
1290,359.67626953125,154.98602294921875,130.6734619140625,267.73663330078125,4.329439434513915e-06
1290,438.6314392089844,190.08767700195312,22.5579833984375,54.373748779296875,0.9999748468399048
1290,433.8800964355469,180.5316162109375,32.98480224609375,78.6529541015625,1.0960770850942936e-06
1290,445.28997802734375,194.33802795410156,22.83831787109375,54.428955078125,0.0002821102098096162
1320,155.9298095703125,174.6664276123047,23.220794677734375,55.337615966796875,8.115107448247727e-06
1320,627.2213134765625,173.63812255859375,13.2786865234375,52.9500732421875,8.096346391539555e-06
1320,417.41143798828125,176.90252685546875,21.53857421875,51.53631591796875,1.7452153997510322e-06
1320,166.9156951904297,183.44947814941406,21.28759765625,51.964019775390625,8.278038149001077e-05
1320,285.54364013671875,184.8098907470703,22.11724853515625,52.817596435546875,0.000201392438611947
1320,232.76693725585938,134.99832153320312,131.6595458984375,278.28204345703125,4.003203684987966e-06
1320,293.9476318359375,182.15113830566406,23.70477294921875,57.26019287109375,0.9999911785125732
1320,305.9109802246094,183.8485107421875,22.7176513671875,53.875244140625,0.30021610856056213
1320,298.00970458984375,167.0931854248047,35.6588134765625,85.68307495117188,9.270491432289418e-07
1320,314.2792663574219,183.0717315673828,23.385986328125,56.03143310546875,0.999994158744812
1320,313.0229797363281,172.52291870117188,34.13031005859375,79.09326171875,4.487830665311776e-06
1320,323.7609558105469,185.1062469482422,22.3641357421875,52.266357421875,0.0006155287264846265
1320,601.3978271484375,188.5084686279297,21.5819091796875,51.10791015625,0.0007027340470813215
1320,615.0504760742188,186.39100646972656,25.44952392578125,59.94378662109375,5.7541634305380285e-05
1320,113.4411392211914,192.9251708984375,20.66413116455078,50.90106201171875,3.7067545690661063e-06
1320,119.33193969726562,193.49603271484375,24.070770263671875,56.7747802734375,3.4572346976347035e-06
1320,161.36654663085938,188.9154510498047,21.29974365234375,50.725128173828125,0.000369477755157277
1320,607.1664428710938,191.17843627929688,22.6685791015625,53.346710205078125,0.0001449812261853367
1320,599.1968994140625,167.39552307128906,36.8768310546875,91.92460632324219,1.6528616470168345e-05
1320,625.172607421875,193.2115936279297,15.327392578125,60.83526611328125,9.613338625058532e-05
1320,594.5670776367188,192.34426879882812,23.98388671875,57.54486083984375,1.3951225810160395e-06
1320,611.3750610351562,153.15184020996094,29.12493896484375,134.12269592285156,8.92589469003724e-06
1320,589.7315063476562,126.79106140136719,50.76849365234375,226.7361602783203,3.707700307131745e-05
1320,621.8718872070312,205.64739990234375,18.62811279296875,79.74392700195312,4.685423846240155e-06
1350,258.3896179199219,169.7484893798828,22.00286865234375,51.34906005859375,3.884970283252187e-06
1350,129.07177734375,146.01339721679688,44.96875,105.1614990234375,1.2326179330557352e-06
1350,89.92781829833984,176.53451538085938,21.234176635742188,53.08074951171875,1.7961484672923689e-06
1350,99.7840576171875,176.6690216064453,26.086318969726562,62.61181640625,0.001809411682188511
1350,44.71227264404297,137.39413452148438,126.77692413330078,273.32501220703125,6.452100024034735e-06
1350,107.66912841796875,173.26516723632812,28.303939819335938,67.96527099609375,0.9999967813491821
1350,116.9937744140625,175.4358367919922,25.920135498046875,62.334808349609375,0.0015618512406945229
1350,130.4095458984375,180.79190063476562,23.83978271484375,53.66986083984375,0.00042013180791400373
1350,82.90462493896484,116.71102905273438,130.69622802734375,301.12579345703125,2.083715116896201e-06
1350,146.8164825439453,176.8089599609375,25.122222900390625,58.371185302734375,0.004020698368549347
1350,264.25946044921875,175.93972778320312,21.42254638671875,51.835845947265625,9.231213880411815e-06
1350,0.0,182.7152862548828,14.652545928955078,54.654693603515625,4.9809488700702786e-05
1350,81.8766098022461,180.3232421875,23.030181884765625,54.438385009765625,6.73470367473783e-07
1350,93.2030029296875,158.23980712890625,44.402374267578125,98.00167846679688,6.955354479032394e-07
1350,126.04122924804688,167.19940185546875,33.554351806640625,81.58358764648438,7.433409336954355e-05
1350,136.58934020996094,175.25442504882812,27.857147216796875,66.8157958984375,0.9999189376831055
1350,304.8101501464844,184.72885131835938,21.023681640625,50.572998046875,7.5905850280832965e-06
1380,584.2445068359375,184.4816131591797,20.921875,51.877410888671875,2.629378059282317e-06
1380,96.02290344238281,177.8406982421875,21.940505981445312,51.1429443359375,2.0830511857639067e-05
1380,162.3018035888672,183.7906494140625,21.02667236328125,50.77069091796875,3.5230894468440965e-07
1410,627.0521240234375,51.05425262451172,13.4478759765625,57.00837707519531,0.00015237918705679476
1410,620.5369873046875,36.00576400756836,19.9630126953125,90.37078857421875,2.7689147827913985e-06
1410,627.79638671875,71.91014862060547,12.70361328125,51.79103088378906,7.611077307956293e-06
1410,543.7198486328125,177.5645294189453,26.9305419921875,64.29263305664062,1.640435471017554e-06
1410,0.0,180.99745178222656,14.243542671203613,55.485748291015625,9.516476711723953e-05
1410,0.0,158.5139617919922,21.619020462036133,99.79313659667969,4.642692601919407e-06
1410,471.830078125,177.94989013671875,21.44189453125,52.822784423828125,4.529344550974201e-06
1410,593.900634765625,109.85124206542969,46.599365234375,235.9087677001953,4.9013542593456805e-06
1410,0.0,344.4365234375,61.71165084838867,136.0634765625,4.6936661419749726e-06
1410,610.1435546875,407.78265380859375,30.3564453125,72.71734619140625,5.951153525529662e-06
1410,599.991943359375,364.25006103515625,40.508056640625,116.24993896484375,6.5439312493253965e-06
1410,580.5103149414062,324.2709045410156,59.98968505859375,156.22909545898438,5.64783658774104e-06
1440,0.0,98.05652618408203,13.62137222290039,54.371177673339844,5.398875600803876e-06
1440,627.94091796875,125.29248046875,12.55908203125,50.66357421875,3.872320576192578e-06
1440,627.6592407226562,144.73086547851562,12.84075927734375,50.882293701171875,8.525529665348586e-06
1440,465.31439208984375,183.0420379638672,21.250244140625,51.06829833984375,5.570401754084742e-06
1440,511.6450500488281,191.4041290283203,23.395111083984375,55.96771240234375,0.00010869045945582911
1440,518.8308715820312,193.33778381347656,23.5433349609375,55.059539794921875,2.897815193136921e-06
1440,597.8802490234375,366.92718505859375,42.6197509765625,113.57281494140625,1.2322899237915408e-05
1440,574.6242065429688,327.5850524902344,65.87579345703125,152.91494750976562,3.479127371974755e-06
1470,0.0,162.3890380859375,15.784196853637695,56.6383056640625,7.637281669303775e-06
1470,7.675922393798828,166.60186767578125,22.501136779785156,54.19866943359375,4.287452156859217e-06
1470,1.9618005752563477,175.6345672607422,23.031097412109375,53.459075927734375,2.4241540813818574e-05
1470,0.0,183.14584350585938,13.520404815673828,50.81072998046875,9.619779120839667e-06
1470,609.3253784179688,403.98455810546875,31.17462158203125,76.51544189453125,3.677350832731463e-06
1470,598.6788940429688,363.5119323730469,41.82110595703125,116.98806762695312,4.0707072912482545e-06
1470,578.2852172851562,316.1426086425781,62.21478271484375,164.35739135742188,4.573020760290092e-06
1500,606.0940551757812,116.89118194580078,34.40594482421875,141.47232055664062,2.9173053917475045e-05
1500,610.2692260742188,186.05691528320312,23.418212890625,55.62725830078125,1.1680898751365021e-05
1500,622.7828979492188,179.52322387695312,17.71710205078125,66.0225830078125,2.813924220390618e-05
1500,615.1607055664062,161.92108154296875,25.33929443359375,95.86026000976562,0.0005460854154080153
1500,585.8798217773438,119.69361877441406,54.62017822265625,221.1139373779297,5.167981271370081e-06
1500,0.0,183.84027099609375,15.709868431091309,55.272430419921875,4.955224085279042e-06
1500,457.4862365722656,193.93923950195312,21.80682373046875,50.749420166015625,1.5092429748619907e-05
1500,478.7959289550781,191.762451171875,24.49725341796875,58.161346435546875,4.2170099732175e-06
1500,553.6912841796875,130.70663452148438,86.8087158203125,295.98797607421875,2.3339156541624106e-05
1500,96.96578216552734,197.86215209960938,23.770111083984375,54.212432861328125,2.5310842829640023e-05
1500,604.4483032226562,198.57650756835938,20.96142578125,51.033782958984375,0.00010843723430298269
1500,616.6857299804688,197.5369110107422,22.2691650390625,53.228790283203125,0.9609485268592834
1500,88.00091552734375,203.14398193359375,24.66534423828125,56.519317626953125,3.089821575485985e-06
1500,101.63455963134766,202.54249572753906,26.502670288085938,59.41044616699219,4.183367309451569e-06
1500,608.6470947265625,201.29708862304688,26.4256591796875,61.927398681640625,0.00018525154155213386
1500,623.5770874023438,201.38967895507812,16.92291259765625,65.6375732421875,0.000163483084179461
1500,598.8600463867188,361.5598449707031,41.63995361328125,118.94015502929688,9.550582035444677e-06
1500,577.2689208984375,320.40216064453125,63.2310791015625,160.09783935546875,6.452451088989619e-06
1530,6.90598201751709,117.25975799560547,24.76500701904297,58.15656280517578,1.134657509282988e-06
1530,15.771692276000977,114.15190887451172,25.257108688354492,58.740699768066406,1.4013142390467692e-05
1530,23.867013931274414,113.86031341552734,24.417600631713867,55.27605438232422,7.006523446762003e-06
1530,0.0,121.7286376953125,16.37628936767578,55.845733642578125,2.4691914859431563e-06
1530,1.1294164657592773,130.76113891601562,22.681148529052734,53.897430419921875,4.085469845449552e-05
1530,0.0,140.33737182617188,15.745757102966309,54.791595458984375,4.798228019353701e-06
1530,7.443424224853516,137.07070922851562,22.230899810791016,53.09295654296875,8.228992101066979e-07
1530,96.68724060058594,194.86778259277344,22.812713623046875,54.380584716796875,8.19000069895992e-06
1530,559.316650390625,244.8108673095703,24.942626953125,59.02796936035156,2.3452510049537523e-06
1530,598.4242553710938,355.2009582519531,42.07574462890625,125.29904174804688,5.165074526303215e-06
1530,576.51708984375,313.93182373046875,63.98291015625,166.56817626953125,1.6316855635523098e-06
1560,595.8272705078125,0.0,44.6727294921875,125.16016387939453,6.4825376284716185e-06
1560,8.672553062438965,183.08035278320312,21.59396743774414,52.14202880859375,6.667328125331551e-05
1560,160.37152099609375,189.19322204589844,21.2342529296875,50.51739501953125,4.790217644767836e-06
1560,0.0,190.7750244140625,14.519624710083008,55.945465087890625,3.787296463997336e-06
1560,2.5360116958618164,190.1168670654297,22.689529418945312,53.18359375,5.4453562370326836e-06
1560,15.608654022216797,188.52598571777344,22.681934356689453,54.03851318359375,2.1498715341294883e-06
1560,480.6459655761719,194.45602416992188,22.18731689453125,51.50811767578125,1.8369516965321964e-06
1560,601.6661987304688,364.5477294921875,38.83380126953125,115.9522705078125,5.694901574315736e-06
1590,216.29620361328125,187.72764587402344,23.397857666015625,54.1534423828125,6.5311064645356964e-06
1590,112.99610900878906,184.2808837890625,28.27008056640625,67.90301513671875,9.798225619306322e-06
1590,121.66393280029297,188.5557861328125,21.50579071044922,50.507659912109375,0.004656995180994272
1590,123.56625366210938,181.99472045898438,28.586761474609375,68.20767211914062,2.5015968276420608e-05
1590,319.0401916503906,198.56251525878906,21.3094482421875,50.71417236328125,0.01580851897597313
1590,326.5992431640625,197.96835327148438,20.62408447265625,50.500762939453125,0.00027777289506047964
1590,600.6275634765625,359.5640563964844,39.8724365234375,120.93594360351562,5.512167263077572e-06
1620,162.9527130126953,168.39566040039062,31.433380126953125,73.80282592773438,4.591527158481767e-06
1650,0.0,169.6530303955078,16.60449981689453,56.466217041015625,6.466875674959738e-07
1650,3.771540641784668,169.55079650878906,21.59124755859375,51.032684326171875,1.7264699636143632e-05
1650,9.656556129455566,167.86549377441406,23.134048461914062,55.460418701171875,0.00036095152609050274
1650,2.8253612518310547,168.881103515625,33.47749328613281,79.87326049804688,0.9999655485153198
1650,407.4576721191406,182.1958770751953,23.6412353515625,55.127685546875,1.4084445865591988e-05
1650,0.0,173.7004852294922,22.164493560791016,75.05743408203125,6.024518734193407e-05
1650,0.0,161.1087188720703,75.53256225585938,277.3975830078125,2.131164592356072e-06
1650,12.47689437866211,171.74139404296875,34.72005844116211,83.60552978515625,0.0010951217263936996
1650,26.13501739501953,172.89959716796875,33.539764404296875,80.83462524414062,2.7840762868436286e-06
1650,0.0,147.90231323242188,43.19280242919922,125.82357788085938,0.00011591116344789043
1650,0.0,134.23912048339844,61.30010223388672,199.71376037597656,2.0345887605799362e-05
1650,0.0,171.21170043945312,31.507156372070312,147.472412109375,6.237443813006394e-06
1680,593.1368408203125,232.0636749267578,21.8037109375,51.93586730957031,4.311625048103451e-07
1680,592.7825927734375,220.61561584472656,32.650634765625,76.34098815917969,2.090408543153899e-06
1680,599.671875,237.3145294189453,22.10693359375,53.53196716308594,1.3917259593654308e-06
1710,474.5091247558594,179.99295043945312,21.968017578125,53.626983642578125,3.424134411034174e-05
1710,393.38592529296875,98.67918395996094,150.879638671875,310.964111328125,3.615498599174316e-06
1710,478.083984375,182.20211791992188,28.38970947265625,68.82025146484375,1.8209954077974544e-06
1710,594.2557373046875,205.41424560546875,21.58154296875,50.86712646484375,6.936470163054764e-05
1710,599.7005615234375,211.091552734375,22.0457763671875,51.938232421875,0.03294103220105171
1710,626.3868408203125,203.1580047607422,14.1131591796875,57.04002380371094,1.5747125871712342e-05
1710,605.5900268554688,214.05642700195312,22.684814453125,53.85699462890625,6.415781535906717e-05
1710,616.8290405273438,216.77752685546875,23.67095947265625,55.996246337890625,1.102011538023362e-05
1710,627.5119018554688,223.17657470703125,12.98809814453125,50.7757568359375,4.8880432586884126e-05
1710,594.37255859375,222.3752899169922,20.9432373046875,50.72096252441406,6.555592790391529e-06
1740,236.19479370117188,171.46157836914062,22.090179443359375,51.61187744140625,0.27440929412841797
1740,497.7599182128906,176.1922607421875,22.438568115234375,55.028228759765625,8.289247489301488e-05
1740,229.12156677246094,175.98976135253906,21.4110107421875,53.44439697265625,2.4069308892649133e-06
1740,167.6400909423828,115.72706604003906,137.0869598388672,287.9637451171875,4.14653504776652e-06
1740,503.68707275390625,177.65728759765625,26.7398681640625,63.027069091796875,3.046813162654871e-06
1740,64.70500183105469,186.519287109375,22.631851196289062,53.465850830078125,2.599632352939807e-05
1740,73.04127502441406,188.56637573242188,22.536819458007812,52.27203369140625,1.0330828445148654e-05
1740,80.5884017944336,188.96165466308594,22.265121459960938,51.842010498046875,1.8067260043608258e-06
1740,129.26181030273438,185.87588500976562,21.75811767578125,52.046661376953125,1.0766096920633572e-06
1740,56.946964263916016,192.81773376464844,22.533336639404297,53.39373779296875,1.0919206033577211e-05
1740,627.0805053710938,192.03875732421875,13.41949462890625,53.26470947265625,7.738102794974111e-06
1740,49.93859100341797,199.863037109375,21.65740203857422,51.12152099609375,6.593553553102538e-05
1770,514.1064453125,163.71109008789062,24.918701171875,61.11767578125,4.456976967048831e-06
1770,215.21389770507812,170.0659942626953,21.614990234375,52.118743896484375,0.9644217491149902
1770,0.0,173.10093688964844,16.89466667175293,60.923736572265625,0.000137247028760612
1770,208.76632690429688,156.36135864257812,36.23876953125,77.8446044921875,1.0953634955512825e-05
1770,147.50831604003906,103.7774658203125,135.1948699951172,290.8203430175781,2.306527903783717e-06
1770,435.40814208984375,178.610595703125,20.8017578125,50.821441650390625,3.0701405194122344e-05
1770,457.4961242675781,180.74288940429688,20.73980712890625,50.8388671875,3.3948088002944132e-06
1770,520.8531494140625,177.36376953125,21.0772705078125,50.8673095703125,0.7931340932846069
1770,567.7470092773438,175.0545654296875,25.797119140625,60.892486572265625,5.620552201435203e-06
1770,592.4488525390625,176.4329071044922,22.0516357421875,52.743438720703125,3.0229357435018755e-06
1770,221.58607482910156,171.55123901367188,22.038543701171875,53.5234375,0.00023452455934602767
1770,512.3687133789062,159.2946319580078,37.7886962890625,84.7139892578125,8.6887962424953e-07
1770,451.41217041015625,96.30436706542969,138.1036376953125,298.7115478515625,1.3585610759037081e-05
1770,582.1326293945312,179.3789520263672,26.048828125,62.983795166015625,0.0014982359716668725
1770,598.5238037109375,178.37692260742188,25.4375,58.277618408203125,2.877452971006278e-06
1770,0.0,184.95315551757812,24.642959594726562,60.736297607421875,0.023218445479869843
1770,7.691314697265625,185.86306762695312,23.14112091064453,54.1612548828125,0.01098908856511116
1770,5.668540954589844,169.0670166015625,37.28562927246094,87.54782104492188,7.243300387926865e-06
1770,130.9857177734375,189.70538330078125,21.1341552734375,50.94989013671875,8.252503903349862e-06
1770,440.0640869140625,178.10592651367188,27.7965087890625,68.6910400390625,2.568801619418082e-06
1770,360.28240966796875,92.23782348632812,152.73577880859375,302.91497802734375,1.171216536022257e-05
1770,562.5989990234375,188.97918701171875,21.306396484375,51.57794189453125,2.9984989851072896e-06
1770,576.0730590820312,187.6090087890625,25.0068359375,58.29302978515625,0.00037813541712239385
1770,0.0,122.65260314941406,64.09468841552734,292.822509765625,3.9827746149967425e-06
1770,15.64609146118164,191.16015625,21.2586669921875,51.19970703125,0.00043686816934496164
1770,22.316341400146484,192.43228149414062,22.983688354492188,54.1591796875,3.5634225241665263e-06
1770,137.41256713867188,193.65911865234375,21.280548095703125,51.79595947265625,8.134276868076995e-06
1770,144.4138946533203,193.59825134277344,20.9862060546875,51.3355712890625,8.571983926231042e-06
1770,526.43115234375,183.23919677734375,21.318603515625,52.02288818359375,0.00023740541655570269
1770,569.9758911132812,195.70150756835938,21.4591064453125,51.230682373046875,9.39998499234207e-05
1770,589.9534912109375,192.6092987060547,22.21240234375,53.607574462890625,2.0138775653322227e-05
1770,0.0,153.04525756835938,29.222055435180664,119.99383544921875,2.3936287107062526e-05
1770,0.0,129.33436584472656,41.860435485839844,222.9230194091797,1.4946518604119774e-05
1770,0.0,202.57713317871094,14.931792259216309,52.18267822265625,0.00046744299470447004
1800,553.5392456054688,166.14735412597656,22.5897216796875,54.75732421875,2.5131963411695324e-05
1800,489.2220764160156,169.77427673339844,24.910675048828125,58.90863037109375,1.227361735800514e-06
1800,482.3452453613281,179.1590576171875,21.05499267578125,50.89288330078125,2.5122935767285526e-06
1800,502.8697509765625,175.058837890625,21.2821044921875,50.581573486328125,3.933665720978752e-05
1800,554.1102294921875,160.00796508789062,33.692626953125,79.07534790039062,9.704922376840841e-06
1800,567.4811401367188,172.1048583984375,25.502197265625,63.6719970703125,0.0005195637932047248
1800,448.0826721191406,175.66357421875,27.24359130859375,66.04885864257812,2.0972556740161963e-06
1800,368.5703430175781,85.40437316894531,154.19186401367188,309.246826171875,7.190574251580983e-06
1800,495.8580627441406,182.5216064453125,21.325286865234375,50.663818359375,0.0008213396067731082
1800,548.6912841796875,175.67556762695312,21.546142578125,54.35821533203125,2.483360731275752e-06
1800,559.3336791992188,176.24159240722656,22.96826171875,54.9810791015625,0.9995043277740479
1800,495.663818359375,112.03753662109375,133.4271240234375,281.69830322265625,1.348405385215301e-05
1800,574.5147705078125,167.21910095214844,34.69921875,82.61721801757812,2.5535948680044385e-06
1800,589.3300170898438,177.129638671875,22.5936279296875,54.5206298828125,2.3670875179959694e-06
1800,608.9094848632812,178.23757934570312,20.89111328125,50.91058349609375,3.1100635169423185e-06
1800,617.8505249023438,181.11663818359375,21.7896728515625,51.37884521484375,4.9427367230237e-06
1800,576.3056030273438,179.94261169433594,21.67724609375,51.857269287109375,0.9995825886726379
1800,627.2813110351562,185.84986877441406,13.21868896484375,51.4149169921875,1.0799272786243819e-05
1800,619.6840209960938,159.85198974609375,20.81597900390625,97.00717163085938,3.5757630030275322e-06
1800,582.4879760742188,183.4996795654297,22.6705322265625,53.98077392578125,0.0011798166669905186
1800,627.6190185546875,205.3592529296875,12.8809814453125,52.174285888671875,2.7898304324480705e-06
1830,551.623046875,163.17555236816406,27.2689208984375,66.78277587890625,0.0001264554011868313
1830,131.58135986328125,174.04298400878906,21.2564697265625,50.601043701171875,0.00040461760363541543
1830,402.6899108886719,173.04278564453125,22.61566162109375,55.125885009765625,9.514581506664399e-06
1830,576.3023071289062,170.74383544921875,24.7677001953125,59.397247314453125,7.19786703484715e-06
1830,275.5336608886719,169.20401000976562,21.85052490234375,51.617340087890625,8.48223571665585e-05
1830,544.9138793945312,148.02967834472656,44.6529541015625,102.89462280273438,1.8813778979165363e-06
1830,591.813232421875,176.89410400390625,22.726806640625,52.512481689453125,5.206474452279508e-05
1830,133.1730499267578,171.5594024658203,28.42578125,67.13870239257812,2.339982984267408e-06
1830,451.5255126953125,184.31346130371094,21.38079833984375,51.55401611328125,1.1437114153522998e-05
1830,458.620361328125,185.4381103515625,21.34912109375,50.79534912109375,0.0002531679638195783
1830,557.873046875,170.2376708984375,28.6055908203125,68.23190307617188,0.99998939037323
1830,497.47882080078125,143.4285888671875,128.5465087890625,276.50830078125,3.405239340281696e-06
1830,566.8565063476562,177.3768768310547,24.8394775390625,56.87542724609375,0.001194132724776864
1830,598.3518676757812,178.77540588378906,22.7977294921875,55.374267578125,1.6015580968087306e-06
1830,627.1165161132812,177.73782348632812,13.38348388671875,53.329437255859375,5.858756594534498e-06
1830,0.0,186.48562622070312,15.415749549865723,54.749786376953125,5.701683676306857e-06
1830,407.185546875,177.60426330566406,25.47119140625,61.4521484375,0.0007154171471484005
1830,334.93939208984375,124.44644165039062,137.2198486328125,279.346435546875,6.986972493905341e-06
1830,546.930908203125,175.54083251953125,24.9735107421875,60.313446044921875,1.4313991414383054e-05
1830,563.0203857421875,155.42843627929688,45.23095703125,98.719970703125,1.6364450061701064e-07
1830,581.0733032226562,177.5301513671875,27.3323974609375,65.5931396484375,0.9999988079071045
1830,553.2317504882812,185.02903747558594,23.8209228515625,58.556976318359375,9.752349797054194e-06
