30,596.1111450195312,0.0,44.38885498046875,118.79078674316406,1.9023211734747747e-06
30,578.9791259765625,0.0,61.5208740234375,171.24513244628906,3.1567569749313407e-06
30,0.0,190.585205078125,15.665679931640625,53.63751220703125,9.569619578542188e-05
30,0.0,165.966796875,22.112926483154297,95.89523315429688,2.91091896542639e-06
30,608.8408203125,237.23524475097656,21.4144287109375,51.26148986816406,0.00019918748876079917
30,614.7061157226562,240.46730041503906,22.5194091796875,53.07441711425781,2.6904283004114404e-05
30,627.1047973632812,246.97857666015625,13.39520263671875,56.5321044921875,5.938352387602208e-06
60,0.0,201.43470764160156,15.381162643432617,58.92936706542969,4.713092494057491e-06
60,0.0,192.2822265625,21.317907333374023,102.39321899414062,1.9558722215151647e-06
60,0.0,223.93759155273438,13.822842597961426,55.71722412109375,2.272443271067459e-05
240,118.12149810791016,209.7008514404297,22.724632263183594,53.71778869628906,2.7430802219896577e-05
240,550.6631469726562,117.65248107910156,89.83685302734375,235.69590759277344,3.0932071240385994e-05
240,38.89511489868164,247.3348846435547,21.19042205810547,50.51091003417969,5.52589881408494e-06
240,32.988670349121094,254.72137451171875,21.417816162109375,50.51239013671875,2.9241573429317214e-05
270,24.292083740234375,274.2103271484375,20.914085388183594,50.55828857421875,3.73361149286211e-06
270,599.7400512695312,359.9672546386719,40.75994873046875,120.53274536132812,4.982875452697044e-06
300,223.02357482910156,188.54974365234375,22.6124267578125,52.187652587890625,2.3937363948789425e-06
300,32.12657928466797,279.42877197265625,20.978500366210938,50.97430419921875,3.164771669617039e-06
300,601.2615356445312,361.77288818359375,39.23846435546875,118.72711181640625,2.846276629497879e-06
330,208.098388671875,198.50173950195312,21.613800048828125,51.403045654296875,0.00013382479664869606
330,193.73065185546875,207.53436279296875,21.347869873046875,51.4703369140625,1.4529075087921228e-05
330,202.52903747558594,204.80723571777344,21.603729248046875,51.366851806640625,3.349666076246649e-05
330,600.7787475585938,362.27239990234375,39.72125244140625,118.22760009765625,3.3028427424142137e-06
420,517.9143676757812,220.99749755859375,23.8094482421875,55.82073974609375,2.4709629542485345e-06
420,514.0436401367188,231.03501892089844,21.58642578125,50.92420959472656,5.722962669096887e-06
450,535.3308715820312,237.1562042236328,20.94921875,51.02854919433594,1.7133186247519916e-06
450,529.4308471679688,247.6751708984375,22.033447265625,52.1558837890625,2.540100012993207e-06
480,263.04595947265625,111.90495300292969,21.40399169921875,50.8924560546875,8.922519191401079e-05
480,600.3561401367188,359.68438720703125,40.14385986328125,120.81561279296875,4.6715567805222236e-06
510,33.82659912109375,244.0697479248047,35.817054748535156,87.83656311035156,8.086198249657173e-06
510,32.25086975097656,262.9199523925781,26.44916534423828,61.43878173828125,0.0004240035777911544
510,44.38528823852539,260.75457763671875,26.025859832763672,60.5220947265625,2.8323122023721226e-05
510,40.02553176879883,272.2008972167969,24.060760498046875,55.67767333984375,0.002553317928686738
510,626.9960327148438,280.0572204589844,13.50396728515625,56.77349853515625,1.1989162885583937e-05
510,600.318359375,361.2857360839844,40.181640625,119.21426391601562,6.735834631399484e-06
540,261.14404296875,92.04411315917969,30.495361328125,70.50189208984375,3.080164606217295e-05
540,252.48684692382812,75.87115478515625,42.7255859375,101.6181640625,0.00011206929775653407
540,266.516357421875,74.29301452636719,42.29168701171875,101.61296081542969,4.72572173748631e-06
540,611.4647216796875,409.992919921875,29.0352783203125,70.507080078125,2.8606614250747953e-06
540,600.7462158203125,362.9854431152344,39.7537841796875,117.51455688476562,3.383044258953305e-06
570,269.0864562988281,18.071754455566406,88.1043701171875,215.26446533203125,3.032116910617333e-05
570,282.9690856933594,45.71656036376953,56.61724853515625,136.34722900390625,0.0020683372858911753
570,304.67816162109375,63.124786376953125,47.05841064453125,110.66047668457031,1.3418387425190303e-05
570,292.8980407714844,83.26739501953125,39.74871826171875,93.70364379882812,1.627506935619749e-05
570,254.44772338867188,67.18251037597656,100.28546142578125,239.8545379638672,2.7743176360672805e-06
570,600.6705932617188,360.1610412597656,39.82940673828125,120.33895874023438,8.602030902693514e-06
600,310.45269775390625,1.6482086181640625,87.7919921875,209.2778778076172,0.00018582720076665282
600,332.8779296875,66.00912475585938,43.933837890625,101.93663024902344,7.065437330311397e-06
600,322.58831787109375,33.75237274169922,61.24981689453125,147.22366333007812,0.004667073488235474
600,342.9016418457031,49.12592315673828,49.6986083984375,120.84981536865234,3.387382093933411e-05
600,295.864501953125,65.10233306884766,99.00787353515625,245.256591796875,3.952149199903943e-06
600,619.0013427734375,426.6759033203125,21.4986572265625,53.8240966796875,3.276202733104583e-06
600,609.4171142578125,406.6427307128906,31.0828857421875,73.85726928710938,3.2645100418449147e-06
600,598.807373046875,362.5964050292969,41.692626953125,117.90359497070312,9.335468348581344e-06
630,486.7403869628906,79.16297149658203,25.03125,57.20708465576172,0.004766876809298992
630,481.0250549316406,86.79133605957031,22.2359619140625,53.56056213378906,1.8720962771112681e-06
630,555.8593139648438,90.14627838134766,84.64068603515625,252.8563232421875,0.0001454629673389718
630,523.98193359375,23.787429809570312,116.51806640625,368.48980712890625,0.00838460773229599
630,584.0545654296875,136.8131866455078,56.4454345703125,255.86045837402344,1.0867626770050265e-05
630,531.8984985351562,155.81442260742188,108.60150146484375,324.6855773925781,3.7566660466836765e-06
630,589.4780883789062,214.519775390625,51.02191162109375,252.156494140625,6.074320708648884e-07
630,552.0908203125,291.10223388671875,87.029541015625,189.39776611328125,8.153241651598364e-06
630,577.0696411132812,335.8008117675781,49.777587890625,124.04644775390625,4.971175258106086e-06
630,598.520751953125,364.2722473144531,41.979248046875,116.22775268554688,5.822556431667181e-06
660,145.54930114746094,159.9273223876953,89.19345092773438,218.7468719482422,0.9999611377716064
660,266.80694580078125,237.64425659179688,48.03900146484375,113.84747314453125,0.02526797354221344
660,271.8966064453125,217.88165283203125,62.33770751953125,148.20208740234375,0.004445681348443031
660,120.38797760009766,104.94595336914062,125.36910247802734,310.85589599609375,0.0004533003957476467
660,151.2127227783203,169.92111206054688,64.2255859375,151.10934448242188,0.0016190868336707354
660,175.738525390625,166.01748657226562,69.59271240234375,174.58901977539062,0.00023951299954205751
660,152.3865203857422,306.8912658691406,25.923919677734375,61.7840576171875,0.0026837496552616358
660,156.72933959960938,297.9057312011719,32.37164306640625,75.7572021484375,0.002643065294250846
660,148.7731475830078,228.16485595703125,64.1737060546875,155.05743408203125,2.641657556523569e-05
660,250.71165466308594,201.32749938964844,90.23738098144531,217.8877716064453,0.0002474052307661623
660,282.3381042480469,251.5803985595703,43.31103515625,101.43113708496094,4.958626959705725e-05
660,123.7978286743164,202.03720092773438,92.6539535522461,226.56097412109375,8.202055323636159e-05
660,168.8463897705078,216.12847900390625,55.071533203125,134.83380126953125,7.358173024840653e-05
660,168.37368774414062,188.77847290039062,40.1927490234375,100.13323974609375,0.00015298275684472173
660,177.4875030517578,195.7225799560547,26.63226318359375,69.16804504394531,0.0006937339203432202
660,144.27354431152344,260.1723327636719,45.65185546875,111.972900390625,2.148957719327882e-05
660,161.61770629882812,299.38531494140625,21.87359619140625,54.1903076171875,9.306105494033545e-05
660,180.8683319091797,191.9293212890625,41.5047607421875,101.18667602539062,5.8049849030794576e-05
660,186.18148803710938,199.65126037597656,21.482147216796875,53.514129638671875,0.0003364257572684437
660,162.04820251464844,280.6925964355469,36.751007080078125,82.92718505859375,3.9490685594500974e-05
660,251.68759155273438,239.03248596191406,43.3201904296875,107.05433654785156,2.0328257960500196e-05
660,169.62777709960938,302.1832275390625,22.624420166015625,56.6031494140625,4.709152926807292e-05
660,191.5160369873047,203.00997924804688,26.799560546875,71.11306762695312,1.2037741726089735e-05
660,128.6326904296875,174.50518798828125,74.6431884765625,179.120849609375,4.980483208782971e-05
660,171.8393096923828,211.00369262695312,17.76556396484375,51.841583251953125,6.590738621525816e-07
660,296.0118408203125,231.34234619140625,47.4027099609375,115.39288330078125,1.85222270374652e-05
660,153.31317138671875,149.06747436523438,125.79922485351562,300.4923095703125,2.7668479560816195e-06
660,179.63404846191406,217.18405151367188,17.76861572265625,50.5499267578125,4.401948535814881e-05
660,147.88262939453125,304.4885559082031,21.465972900390625,54.68438720703125,0.0006553080165758729
660,190.2215576171875,178.78936767578125,49.1427001953125,118.90185546875,1.5056964912218973e-05
690,72.07636260986328,119.19491577148438,58.82244110107422,153.07501220703125,9.525245695840567e-05
690,51.24618911743164,133.11859130859375,58.26656723022461,141.06951904296875,4.5032826164970174e-05
690,52.52729797363281,96.35052490234375,94.659912109375,225.39523315429688,6.114024290582165e-05
720,239.17701721191406,105.32070922851562,64.36552429199219,157.2271728515625,8.562563380110078e-06
720,218.3374786376953,59.89116668701172,99.64521789550781,235.77719116210938,1.725354013615288e-05
720,627.9742431640625,257.4898681640625,12.5257568359375,52.59368896484375,2.188236294387025e-06
720,599.9822998046875,368.25341796875,40.5177001953125,112.24658203125,6.190557087393245e-06
750,493.67578125,46.56220245361328,64.2955322265625,150.50692749023438,0.0019440129399299622
750,483.26019287109375,14.95062255859375,90.693603515625,221.03341674804688,0.001097311731427908
750,511.58123779296875,65.37895965576172,63.52978515625,156.6497802734375,5.525403594219824e-06
750,447.81182861328125,0.0,135.9083251953125,301.28265380859375,7.02552788425237e-05
750,207.00379943847656,184.62100219726562,58.20799255371094,140.16677856445312,2.116473115165718e-05
750,191.32286071777344,163.16900634765625,87.71998596191406,207.24053955078125,3.252797114328132e-06
780,535.4246826171875,133.1249542236328,59.702392578125,148.0845184326172,0.00036557638668455184
780,587.67041015625,107.1653823852539,52.82958984375,242.501953125,1.0748753084044438e-05
780,554.6768188476562,133.75186157226562,67.84716796875,159.111572265625,9.052270797837991e-06
780,462.1473083496094,156.92630004882812,53.520172119140625,120.08175659179688,4.324449400883168e-05
780,528.7314453125,110.28839111328125,89.3533935546875,222.37405395507812,0.00018591704429127276
780,544.6324462890625,147.77548217773438,95.8675537109375,231.834228515625,1.638792127778288e-06
840,199.8350830078125,139.12429809570312,20.9991455078125,51.006561279296875,0.00016563586541451514
840,425.2471008300781,137.027099609375,32.15972900390625,72.72515869140625,1.5656400137231685e-05
840,431.3793029785156,152.1444549560547,21.5433349609375,53.360870361328125,4.742036253446713e-05
900,448.78228759765625,188.593505859375,21.3389892578125,53.14971923828125,6.829640369687695e-06
900,601.4857177734375,363.1191711425781,39.0142822265625,117.38082885742188,5.4478236961585935e-06
930,16.64609718322754,152.46339416503906,21.57513999938965,50.542510986328125,5.327532926457934e-05
930,0.0,161.154052734375,13.926909446716309,51.3221435546875,3.383044258953305e-06
930,1.9935216903686523,158.13064575195312,21.99306869506836,52.0103759765625,9.091017273021862e-05
930,9.573671340942383,159.28504943847656,23.676549911499023,57.213531494140625,0.00013009036774747074
930,24.61505126953125,164.68960571289062,20.98126220703125,51.042877197265625,2.2704201910528354e-05
930,0.0,164.208740234375,19.37844467163086,76.159423828125,2.539310344218393e-06
930,14.808517456054688,167.58456420898438,25.548507690429688,60.82891845703125,2.4342083634110168e-05
930,463.23211669921875,201.93243408203125,21.6259765625,51.65679931640625,0.00016329238133039325
960,626.6940307617188,233.48593139648438,13.80596923828125,52.5135498046875,6.415353254851652e-06
990,14.10133171081543,198.76507568359375,23.79149055480957,54.4864501953125,6.561908958246931e-05
990,95.95750427246094,191.61801147460938,25.538742065429688,60.03167724609375,8.326465467689559e-05
990,382.94073486328125,196.90994262695312,21.57537841796875,51.5052490234375,3.280034889030503e-06
990,8.824130058288574,204.2268829345703,21.389583587646484,50.833038330078125,0.0009754795464687049
990,0.0,210.069580078125,15.266206741333008,52.022430419921875,5.707222044293303e-06
990,0.0,204.61045837402344,20.973604202270508,77.14619445800781,6.067637514206581e-06
990,0.0,195.86196899414062,37.96922302246094,104.1236572265625,1.4382654626388103e-05
1020,242.7026824951172,185.25733947753906,22.279586791992188,52.579864501953125,3.6691396871901816e-06
1020,248.4188995361328,192.24569702148438,21.515213012695312,50.60693359375,0.00020699974265880883
1020,0.0,145.77059936523438,48.86442565917969,221.58245849609375,2.4313164885825245e-06
1020,0.0,198.31570434570312,24.72336196899414,109.54672241210938,5.2438008424360305e-06
1020,14.069561004638672,197.53553771972656,42.387107849121094,106.54692077636719,2.500774098734837e-05
1050,0.0,96.71394348144531,23.679954528808594,105.20379638671875,8.063603672781028e-06
1050,0.0,141.34423828125,14.648249626159668,55.262237548828125,1.2775772120221518e-05
1050,0.0,144.72183227539062,20.56490707397461,79.4417724609375,4.9416419642511755e-05
1050,0.0,130.8951416015625,27.872743606567383,124.07745361328125,2.216930442955345e-05
1050,0.0,172.95681762695312,14.541848182678223,54.618499755859375,2.6194566089543514e-06
1050,0.0,115.96293640136719,45.62348556518555,211.6643829345703,1.4190308320394251e-05
1050,243.36769104003906,191.6009063720703,21.497726440429688,51.1644287109375,6.62302591081243e-06
1050,14.872121810913086,204.97727966308594,24.07256507873535,55.35615539550781,3.144254515063949e-05
1080,627.5887451171875,191.77403259277344,12.9112548828125,53.9307861328125,2.148623252651305e-06
1110,238.15553283691406,185.47845458984375,25.623153686523438,59.91265869140625,7.601260585943237e-05
1110,227.7215118408203,193.5260772705078,20.856170654296875,50.644500732421875,7.926955731818452e-06
1110,247.2919921875,193.01617431640625,22.964111328125,54.772735595703125,0.00013688016042578965
1110,234.11709594726562,197.8041229248047,22.545684814453125,52.742401123046875,0.014044451527297497
1110,227.65431213378906,185.35585021972656,34.96278381347656,81.25907897949219,6.241787559702061e-06
1110,253.73300170898438,189.97781372070312,28.15472412109375,66.04541015625,4.832720605918439e-06
1110,262.8966064453125,195.02484130859375,22.81988525390625,53.130523681640625,0.0015889911446720362
1110,594.7474975585938,124.312744140625,45.75250244140625,235.91024780273438,3.980670953751542e-06
1110,626.5679931640625,209.78668212890625,13.9320068359375,55.847442626953125,1.8196066093878471e-06
1110,618.229248046875,198.09136962890625,22.270751953125,99.0855712890625,2.9260430892463773e-05
1110,624.802001953125,225.30557250976562,15.697998046875,63.917236328125,6.535516877193004e-05
1110,622.6679077148438,238.47625732421875,17.83209228515625,79.43798828125,1.5690333157181158e-06
1140,608.63671875,84.36714172363281,31.86328125,144.89019775390625,5.3722196753369644e-06
1140,621.2474365234375,144.46929931640625,19.2525634765625,73.97567749023438,0.003002830781042576
1140,609.910400390625,152.8004150390625,26.0477294921875,61.2928466796875,4.68330763396807e-05
1140,594.2399291992188,136.58680725097656,41.968017578125,104.645751953125,8.560768037568778e-06
1140,581.9567260742188,96.11982727050781,58.54327392578125,278.48785400390625,1.0465530067449436e-05
1140,614.0770263671875,139.05010986328125,26.4229736328125,110.95654296875,0.007406844757497311
1140,599.998046875,116.36099243164062,40.501953125,194.87591552734375,0.00019403564510867
1140,627.3056640625,171.32086181640625,13.1943359375,51.963958740234375,1.8656567135622026e-06
1140,224.2106170654297,198.14727783203125,23.858123779296875,56.73919677734375,9.457717533223331e-05
1140,232.3885040283203,198.18116760253906,21.35906982421875,51.536346435546875,0.0020080208778381348
1140,240.89892578125,196.41714477539062,21.198333740234375,51.5133056640625,8.16820320324041e-05
1140,245.43235778808594,191.43568420410156,30.916885375976562,72.16972351074219,4.6498439587594476e-06
1140,622.05517578125,175.31979370117188,18.44482421875,76.1187744140625,1.6135210898937657e-05
1140,217.44381713867188,202.5315704345703,21.857666015625,52.468597412109375,2.9004722819081508e-05
1140,250.17996215820312,198.02088928222656,21.02899169921875,51.16680908203125,0.00025953262229450047
1140,255.77159118652344,199.92982482910156,23.972335815429688,55.414703369140625,7.562039536423981e-05
1140,210.77053833007812,204.17953491210938,21.5513916015625,51.78143310546875,3.3847922168206424e-05
1140,264.5751647949219,206.74356079101562,20.7218017578125,50.50042724609375,5.339062408893369e-05
1140,606.5668334960938,165.4834442138672,33.93316650390625,114.74269104003906,3.939321686630137e-06
1140,620.5701904296875,198.00640869140625,19.9298095703125,84.80453491210938,2.0395070805534488e-06
1170,0.0,182.272705078125,14.441059112548828,53.305450439453125,8.170972250809427e-06
1170,0.0,168.48863220214844,24.69023323059082,105.31752014160156,2.142855191777926e-05
1170,0.0,198.23377990722656,18.523969650268555,65.22355651855469,0.00012851355131715536
1170,7.224204063415527,198.7797088623047,22.408096313476562,52.312347412109375,4.866907693212852e-05
1170,194.1794891357422,203.30435180664062,21.49847412109375,50.7528076171875,5.129515102453297e-06
1170,208.42922973632812,200.28631591796875,21.698486328125,52.0015869140625,0.007893668487668037
1170,214.7084197998047,198.21286010742188,21.846343994140625,50.994842529296875,0.0005775622557848692
1170,201.40045166015625,205.19122314453125,21.87158203125,53.636932373046875,9.419728485227097e-06
1170,0.0,174.41046142578125,41.197784423828125,203.97564697265625,3.120054316241294e-05
1170,3.857318878173828,211.34237670898438,27.844482421875,68.44992065429688,4.1404637158848345e-05
1170,0.0,220.4343719482422,14.420310974121094,53.98277282714844,2.5456811272306368e-05
1170,0.0,209.43408203125,21.281251907348633,85.9818115234375,0.0030713113956153393
1170,0.0,191.58010864257812,34.918540954589844,113.81216430664062,1.8430901036481373e-05
1170,626.3199462890625,234.2413787841797,14.1800537109375,60.31092834472656,1.2309640169405611e-06
1170,593.8255615234375,164.91171264648438,46.6744384765625,234.82452392578125,9.19769809115678e-06
1170,616.9080810546875,216.85830688476562,23.5919189453125,105.82757568359375,2.041328343693749e-06
1170,0.0,241.4461212158203,16.892854690551758,67.58366394042969,4.055503086419776e-05
1170,0.0,211.69851684570312,27.1694278717041,134.5701904296875,1.880419767985586e-05
1200,0.0,105.52765655517578,48.241432189941406,231.0689697265625,3.6101371279073646e-06
1200,0.0,168.12489318847656,24.07387351989746,107.24244689941406,3.368948910065228e-06
1200,0.0,191.4289093017578,42.45789337158203,114.11546325683594,2.5520075723761693e-06
1200,0.0,211.87461853027344,23.24681854248047,101.81733703613281,1.2665730537264608e-05
1200,5.475661277770996,220.0626220703125,31.813270568847656,76.2841796875,0.16727693378925323
1200,0.0,240.19580078125,16.84137535095215,62.89306640625,4.1339949348184746e-06
1230,241.64599609375,199.93609619140625,22.822174072265625,53.789276123046875,2.412671165075153e-05
1230,552.5250854492188,119.12609100341797,87.97491455078125,224.62881469726562,2.446913640596904e-05
1230,0.0,202.3251953125,16.02478790283203,57.954010009765625,3.406327323318692e-06
1230,208.8136444091797,202.5491943359375,22.42132568359375,52.614837646484375,2.14198007597588e-06
1230,214.61534118652344,203.63153076171875,24.4691162109375,56.848968505859375,2.1934743017482106e-06
1230,233.18386840820312,204.1258087158203,23.914886474609375,56.58753967285156,2.1016244318161625e-06
1230,246.53646850585938,208.86492919921875,23.41058349609375,54.449462890625,0.00011232713586650789
1230,564.0117797851562,157.77743530273438,61.9072265625,156.5242919921875,6.408896297216415e-05
1230,0.0,223.0024871826172,16.366806030273438,58.23002624511719,3.888343599101063e-06
1230,589.4779663085938,138.58148193359375,51.02203369140625,241.56890869140625,1.8068285498884507e-05
1230,24.15164566040039,247.76837158203125,24.13636016845703,54.53717041015625,1.9131435692543164e-05
1230,0.0,250.76055908203125,13.534061431884766,51.11041259765625,3.127963964288938e-06
1230,575.4187622070312,195.17739868164062,61.26318359375,143.37786865234375,2.1786847355542704e-05
1230,31.287086486816406,252.83172607421875,23.116622924804688,54.74468994140625,4.370276292320341e-05
1260,0.0,101.99579620361328,47.95820617675781,223.940185546875,5.430629607872106e-05
1260,0.0,129.5338592529297,32.825218200683594,149.5498809814453,7.271407412190456e-06
1260,620.9979248046875,181.86825561523438,19.5020751953125,81.57589721679688,1.3875541071683983e-06
1260,96.05741119384766,197.7984619140625,34.26490020751953,79.56524658203125,5.50468666915549e-06
1260,0.0,106.72099304199219,90.03164672851562,242.3639678955078,3.2915415886236588e-06
1260,624.8798217773438,209.279541015625,15.62017822265625,66.47149658203125,6.41851738691912e-06
1260,605.6073608398438,152.90870666503906,34.89263916015625,144.6957244873047,2.8942884455318563e-05
1260,591.8115844726562,133.6959991455078,48.68841552734375,227.8038787841797,6.218804628588259e-05
1260,614.956787109375,197.3342742919922,25.543212890625,106.70948791503906,8.430088200839236e-06
1260,600.5621337890625,360.84747314453125,39.9378662109375,119.65252685546875,1.2312116268731188e-05
1290,0.0,91.77326965332031,113.49752044677734,316.1773681640625,1.1100786650786176e-05
1290,0.0,163.14834594726562,34.85295486450195,149.19891357421875,3.138574811600847e-06
1290,0.0,117.46269226074219,56.71153259277344,233.0429229736328,1.0315529834770132e-05
1290,12.054496765136719,136.84149169921875,83.31730651855469,206.0662841796875,1.0189636668656021e-05
1290,13.795543670654297,176.4680633544922,48.84986877441406,127.34782409667969,1.9118974137199984e-07
1290,24.950817108154297,170.20526123046875,59.171390533447266,140.87588500976562,0.0010063669178634882
1290,612.7263793945312,224.06146240234375,27.77362060546875,78.2454833984375,1.4267164260672871e-05
1290,624.3869018554688,235.70779418945312,16.11309814453125,62.307861328125,1.605827310413588e-05
1290,609.2245483398438,245.56170654296875,22.0201416015625,53.7755126953125,9.392397259944119e-06
1320,92.44737243652344,167.66287231445312,65.18394470214844,156.40231323242188,7.77843379182741e-05
1320,32.38275146484375,81.70729064941406,132.3589324951172,327.68170166015625,4.965061816619709e-05
1320,76.2656478881836,120.91973114013672,90.6105728149414,226.117431640625,0.00023993106151465327
1320,67.72529602050781,164.9785614013672,68.09423828125,170.43312072753906,1.5321985529226367e-06
1350,333.46923828125,94.84963989257812,98.90447998046875,246.48086547851562,1.396868537995033e-05
1350,34.44782638549805,211.23150634765625,31.732563018798828,72.77957153320312,5.233200499787927e-05
1350,390.0042419433594,155.01766967773438,74.78662109375,181.27883911132812,1.3775887737210724e-06
1350,3.3572349548339844,209.8381805419922,35.58647918701172,81.26921081542969,4.56496600236278e-05
1350,10.474388122558594,197.6466522216797,41.039710998535156,100.48194885253906,3.316520087537356e-05
1350,24.81341552734375,225.1286163330078,27.633934020996094,66.99958801269531,0.00018111284589394927
1350,341.1751708984375,93.42466735839844,136.289306640625,336.548828125,0.008245240896940231
1350,0.0,201.1191864013672,23.722396850585938,105.58888244628906,2.304779627593234e-06
1350,22.110759735107422,207.95387268066406,40.98298645019531,101.05598449707031,0.016718383878469467
1350,357.2136535644531,145.33233642578125,97.41741943359375,234.02716064453125,0.17465463280677795
1350,348.2908935546875,199.1558074951172,67.1036376953125,165.1934356689453,1.269038648388232e-06
1350,6.557319641113281,215.68309020996094,55.042564392089844,130.2320098876953,5.103122475702548e-06
1350,4.458377838134766,178.84649658203125,78.04881286621094,193.78521728515625,1.2407839676598087e-05
1350,0.0,181.72015380859375,51.88750457763672,235.76959228515625,7.452632644344703e-07
1350,384.1151428222656,237.36912536621094,44.90142822265625,108.09620666503906,0.0002154455432901159
1350,591.8917236328125,280.18475341796875,25.935546875,59.9619140625,5.5439151765313e-05
1350,372.193115234375,201.04881286621094,68.4835205078125,161.73793029785156,0.01232615765184164
1380,601.474365234375,61.600982666015625,39.025634765625,158.27658081054688,1.0789421139634214e-05
1380,551.30224609375,0.0,89.19775390625,331.91064453125,4.567927317111753e-05
1380,587.0564575195312,38.31907653808594,53.44354248046875,259.25006103515625,9.671800944488496e-05
1380,104.7801513671875,118.09864807128906,120.51336669921875,298.07196044921875,1.1553966942301486e-05
1380,148.57247924804688,214.87762451171875,40.931488037109375,93.29046630859375,0.00010341907909605652
1380,143.00254821777344,194.82887268066406,57.63116455078125,139.32505798339844,0.004020510241389275
1380,128.13072204589844,186.74276733398438,54.068145751953125,132.28756713867188,1.0805814781633671e-05
1380,0.0,186.6990966796875,33.31758117675781,143.976806640625,4.837059350393247e-06
1380,0.0,167.68310546875,48.733917236328125,224.63372802734375,5.560486897593364e-06
1380,528.6929321289062,98.78190612792969,111.80706787109375,316.95867919921875,0.0009611094137653708
1380,549.7529907226562,196.31741333007812,70.7227783203125,174.89068603515625,3.918834772775881e-05
1380,593.83837890625,189.23277282714844,46.66162109375,184.20204162597656,7.504249424528098e-06
1380,134.1748046875,158.4602813720703,84.27566528320312,201.22740173339844,6.868796481285244e-05
1380,619.1624145507812,260.8836364746094,21.33758544921875,85.56097412109375,2.426313130854396e-06
1380,573.7688598632812,223.1510009765625,58.33642578125,146.7718505859375,9.821387357078493e-05
1380,590.3060913085938,264.2320251464844,41.650146484375,97.72900390625,3.3570144296390936e-05
1380,563.4282836914062,186.0379638671875,77.07171630859375,229.169921875,0.057733699679374695
1380,607.15869140625,286.6825866699219,28.2752685546875,70.07763671875,1.6116064216475934e-05
1380,624.420166015625,286.2586364746094,16.079833984375,66.1102294921875,7.028702384559438e-06
1380,608.9782104492188,255.4103240966797,31.52178955078125,122.80891418457031,1.7750649931258522e-05
1380,586.961181640625,228.0203857421875,53.538818359375,232.96923828125,0.00016942384536378086
1380,601.524658203125,305.53839111328125,38.975341796875,154.710693359375,1.3023935025557876e-05
1380,578.117431640625,329.93084716796875,62.382568359375,150.56915283203125,6.905203917995095e-06
1410,597.6051025390625,69.31947326660156,42.8948974609375,168.89303588867188,2.592971759440843e-05
1410,580.98583984375,54.11040496826172,59.51416015625,247.44619750976562,0.005888556130230427
1410,611.1600341796875,119.73876190185547,29.3399658203125,127.22476959228516,3.971570095018251e-06
1410,553.170654296875,12.928146362304688,87.329345703125,336.458251953125,0.0002311017451575026
1410,117.626708984375,115.99720764160156,121.37664794921875,289.89886474609375,5.834869170939783e-06
1410,168.4565887451172,170.14599609375,58.276885986328125,135.93563842773438,3.024449824806652e-06
1410,163.22866821289062,202.3619842529297,45.216705322265625,110.87370300292969,0.015714149922132492
1410,142.88400268554688,180.87364196777344,80.51251220703125,189.3693389892578,7.081262538122246e-06
1410,143.11819458007812,186.17745971679688,54.244171142578125,129.97146606445312,1.4641447705798782e-05
1410,595.07568359375,168.93209838867188,45.42431640625,180.27850341796875,2.5591049052309245e-05
1410,542.0931396484375,121.62068176269531,98.4068603515625,337.33392333984375,2.6123465431737714e-05
1410,576.268798828125,165.97341918945312,64.231201171875,257.55560302734375,0.002558841137215495
1410,595.5670776367188,234.57489013671875,44.93292236328125,168.67901611328125,0.0003726600552909076
1410,570.2353515625,254.1095733642578,59.8450927734375,148.40550231933594,8.815362889436074e-06
1410,610.5902099609375,270.5378112792969,29.9097900390625,125.493408203125,6.936502359167207e-06
1410,602.5126953125,289.2304992675781,37.9873046875,152.89935302734375,4.5258598220243584e-06
1410,620.0029296875,427.5045166015625,20.4970703125,52.9954833984375,7.319727501453599e-06
1410,610.520263671875,406.68060302734375,29.979736328125,73.81939697265625,1.2021921065752394e-05
1410,599.1868286132812,363.55157470703125,41.31317138671875,116.94842529296875,3.417345942580141e-05
1440,597.8623046875,69.04488372802734,42.6376953125,168.47515869140625,2.62784833466867e-05
1440,582.1463623046875,46.524658203125,58.3536376953125,246.3294677734375,0.006180023308843374
1440,611.2725219726562,121.03277587890625,29.22747802734375,126.09158325195312,2.1699299850297393e-06
1440,119.55526733398438,115.74232482910156,121.19161987304688,291.26806640625,6.0069423852837645e-06
1440,152.4247283935547,198.3914794921875,43.710601806640625,107.61077880859375,8.963975233200472e-06
1440,167.81578063964844,217.78488159179688,32.0509033203125,77.75726318359375,0.0001615572109585628
1440,594.7774047851562,155.85757446289062,45.72259521484375,191.01434326171875,1.41448826980195e-05
1440,562.0301513671875,69.78204345703125,78.4698486328125,317.1294250488281,0.0005009562592022121
1440,164.36048889160156,204.75143432617188,44.832611083984375,111.1092529296875,0.07105666399002075
1440,146.83316040039062,169.7880859375,78.79379272460938,194.92889404296875,3.115945582976565e-05
1440,584.9354248046875,183.1295623779297,55.5645751953125,248.1261749267578,0.002277216874063015
1440,608.8284301757812,250.13082885742188,31.67156982421875,131.37603759765625,3.4994009183719754e-05
1440,593.171630859375,262.70672607421875,47.328369140625,217.79327392578125,6.593067610083381e-06
1440,605.7122192382812,304.22119140625,34.78778076171875,144.485595703125,7.508580893045291e-06
1440,619.6942749023438,426.6109924316406,20.80572509765625,53.889007568359375,1.1492350495245773e-05
1440,610.0435180664062,405.37396240234375,30.45648193359375,75.12603759765625,1.771091228874866e-05
1440,598.2650756835938,363.8138732910156,42.23492431640625,116.68612670898438,5.1200928282923996e-05
1470,599.830078125,63.22777557373047,40.669921875,163.61965942382812,1.6500711353728548e-05
1470,582.35693359375,48.86308288574219,58.14306640625,241.55177307128906,0.004262440372258425
1470,610.4546508789062,114.50929260253906,30.04534912109375,126.6805419921875,4.663330855692038e-06
1470,156.98565673828125,207.48379516601562,35.734130859375,82.82080078125,1.8908718857346685e-06
1470,163.9169158935547,202.92453002929688,42.738739013671875,105.91305541992188,0.0008460846729576588
1470,595.6078491210938,148.3283233642578,44.89215087890625,190.82969665527344,7.752816600259393e-06
1470,553.2232055664062,46.626678466796875,87.27679443359375,348.2774658203125,0.0007395105785690248
1470,150.27232360839844,210.78533935546875,47.813232421875,117.92327880859375,6.5644826463540085e-06
1470,159.7480926513672,186.25843811035156,63.429840087890625,149.85032653808594,2.9107082809787244e-05
1470,607.9143676757812,219.95559692382812,32.58563232421875,134.325439453125,1.8487813576939516e-05
1470,139.74073791503906,164.40379333496094,90.19955444335938,210.22450256347656,1.3656548617291264e-05
1470,578.5277099609375,164.08120727539062,61.9722900390625,246.7747802734375,0.0033786220010370016
1470,595.9586181640625,233.56692504882812,44.5413818359375,168.8875732421875,0.0003597563481889665
1470,612.6455688476562,275.6507568359375,27.85443115234375,125.09320068359375,3.1805930120754056e-06
1470,592.247802734375,279.6908874511719,48.252197265625,200.80911254882812,3.0645396691397764e-06
1470,620.0350952148438,427.858154296875,20.46490478515625,52.641845703125,1.2431611139618326e-05
1470,610.6759033203125,406.4107360839844,29.8240966796875,74.08926391601562,1.357980818283977e-05
1470,598.7122192382812,365.2013854980469,41.78778076171875,115.29861450195312,4.2180545278824866e-05
1500,598.538818359375,62.70075988769531,41.961181640625,167.15240478515625,1.5956800780259073e-05
1500,580.3844604492188,46.525970458984375,60.11553955078125,246.71261596679688,0.004029319155961275
1500,610.3917846679688,111.41839599609375,30.10821533203125,126.4290771484375,5.0034418563882355e-06
1500,596.8328247070312,124.18370819091797,43.66717529296875,183.24307250976562,9.618916919862386e-06
1500,166.94680786132812,225.75686645507812,33.016571044921875,75.9747314453125,2.4216795281972736e-05
1500,554.942138671875,33.12083435058594,85.557861328125,349.3338623046875,0.0003553635615389794
1500,143.60812377929688,197.7457733154297,44.73919677734375,115.63264465332031,3.9753408600518014e-06
1500,155.9414520263672,193.20751953125,52.6507568359375,121.96441650390625,0.00027679919730871916
1500,608.7322387695312,210.73345947265625,31.76776123046875,133.4879150390625,6.340951586025767e-06
1500,585.169677734375,161.51077270507812,55.330322265625,247.007080078125,0.002227514050900936
1500,139.27447509765625,163.98550415039062,88.05899047851562,207.00390625,1.1340408491378184e-05
1500,610.344482421875,254.71377563476562,30.155517578125,129.42327880859375,1.7490277969045565e-05
1500,594.8472900390625,231.73989868164062,45.6527099609375,237.6802978515625,7.14775305823423e-05
1500,604.66064453125,293.7066650390625,35.83935546875,147.55267333984375,7.242084393510595e-06
1500,620.0441284179688,428.24468994140625,20.45587158203125,52.25531005859375,1.0521934200369287e-05
1500,610.3223876953125,407.6158142089844,30.1776123046875,72.88418579101562,9.046953891811427e-06
1500,598.4202270507812,367.3014221191406,42.07977294921875,113.19857788085938,3.808312976616435e-05
1530,597.5047607421875,72.62446594238281,42.9952392578125,167.09210205078125,0.0003185946261510253
1530,581.0631103515625,55.70448303222656,59.4368896484375,247.2340545654297,0.014491738751530647
1530,610.1992797851562,125.851806640625,30.30072021484375,125.93978881835938,4.917132173432037e-06
1530,554.0001831054688,21.788070678710938,86.49981689453125,339.097412109375,0.000834088190458715
1530,595.2733154296875,156.96920776367188,45.2266845703125,190.60415649414062,4.102719685761258e-05
1530,164.902099609375,206.8500213623047,52.921844482421875,120.62040710449219,0.00012408458860591054
1530,608.3547973632812,215.35195922851562,32.14520263671875,137.7796630859375,1.1840970728371758e-05
1530,134.91647338867188,166.34384155273438,91.30419921875,220.911376953125,5.407947014646197e-07
1530,576.3113403320312,163.7176971435547,64.18865966796875,259.112060546875,0.0054374695755541325
1530,535.8268432617188,163.85272216796875,104.67315673828125,316.64727783203125,5.716983650927432e-06
1530,596.1395263671875,246.629638671875,44.3604736328125,169.30279541015625,0.0012690966250374913
1530,611.706298828125,282.9213562011719,28.793701171875,125.87774658203125,8.276522567030042e-05
1530,619.5575561523438,326.5144958496094,20.94244384765625,89.73504638671875,5.099736881675199e-06
1530,603.0307006835938,302.9495849609375,37.46929931640625,152.47845458984375,8.125608474074397e-06
1530,609.9788208007812,406.10772705078125,30.52117919921875,74.39227294921875,1.2266360499779694e-05
1530,597.7772216796875,364.4994812011719,42.7227783203125,116.00051879882812,2.4191889679059386e-05
1560,169.1387176513672,130.4793701171875,122.97776794433594,292.43634033203125,1.8278575453223311e-06
1560,222.1995849609375,225.82159423828125,32.50146484375,76.8118896484375,0.00010494740854483098
1560,214.32444763183594,205.36874389648438,46.90718078613281,117.259033203125,0.0025718610268086195
1560,193.62435913085938,173.70391845703125,83.07614135742188,190.00750732421875,1.096248615795048e-05
1560,200.25074768066406,204.35971069335938,44.6324462890625,111.79595947265625,9.898691132548265e-06
1560,223.19467163085938,184.7696990966797,57.9398193359375,138.70912170410156,1.4563117474608589e-05
1560,597.8135986328125,364.3399658203125,42.6864013671875,116.1600341796875,4.175427420705091e-06
1560,575.162109375,324.8599548339844,65.337890625,155.64004516601562,4.731872650154401e-06
1590,0.0,112.74127197265625,31.4852237701416,146.55718994140625,4.280649136489956e-06
1590,0.0,177.04774475097656,15.540390968322754,55.950225830078125,1.2028615401504794e-06
1590,265.4792175292969,48.31890869140625,137.934814453125,350.0364990234375,5.456949656945653e-05
1590,0.0,184.62425231933594,20.083724975585938,70.3935546875,9.015787509270012e-05
1590,0.0,170.12765502929688,26.862579345703125,112.48190307617188,0.0003053928667213768
1590,0.0,113.57919311523438,64.19110870361328,284.5750427246094,6.072326868888922e-06
1590,4.984223365783691,195.44412231445312,27.84111785888672,67.54132080078125,6.566753290826455e-05
1590,15.114508628845215,197.57638549804688,26.179431915283203,60.613861083984375,1.6936008250922896e-05
1590,24.83909034729004,200.5249786376953,21.62331199645996,52.23040771484375,2.740596028161235e-05
1590,19.717788696289062,191.5591583251953,31.131927490234375,74.75682067871094,2.748643282757257e-06
1590,30.617435455322266,200.73431396484375,25.172653198242188,58.178924560546875,1.7066488453565398e-06
1590,5.004550933837891,182.75607299804688,40.36078643798828,99.9171142578125,8.64734101924114e-06
1590,0.0,213.59762573242188,19.370758056640625,72.01681518554688,7.741689842077903e-06
1590,0.0,149.2047119140625,43.45063018798828,205.67584228515625,2.538328590162564e-05
1590,357.4339904785156,187.1376953125,62.84393310546875,160.8565673828125,1.0965976571242209e-06
1590,331.4417724609375,151.80821228027344,96.39459228515625,233.22059631347656,1.0386170288256835e-06
1590,0.0,206.770263671875,25.998939514160156,118.73443603515625,1.0562832358118612e-05
1590,363.6993713378906,185.21316528320312,90.81280517578125,210.33258056640625,0.0003387200413271785
1590,388.8520202636719,179.1078338623047,100.2584228515625,245.1355743408203,5.206740752328187e-06
1590,378.0395202636719,213.48529052734375,59.1351318359375,144.6434326171875,0.00016399267769884318
1590,600.0781860351562,361.06500244140625,40.42181396484375,119.43499755859375,2.539068191254046e-06
1680,610.6571044921875,74.73389434814453,29.8428955078125,138.0179443359375,3.27987436321564e-05
1680,621.128662109375,120.3253173828125,19.371337890625,82.11053466796875,4.359547801868757e-06
1680,594.736572265625,76.43311309814453,45.763427734375,225.18380737304688,0.00012635391613002867
1680,624.94677734375,152.746337890625,15.55322265625,70.3125,7.054421985230874e-06
1680,613.9049072265625,130.79183959960938,26.5950927734375,107.73504638671875,1.6778303688624874e-05
1680,620.5354614257812,164.5916290283203,19.96453857421875,85.71368408203125,7.568329692730913e-06
1680,607.2467651367188,140.604736328125,33.25323486328125,149.573974609375,2.321724650755641e-06
1680,578.6054077148438,215.7763214111328,33.1280517578125,76.64488220214844,9.63865932135377e-06
1680,587.72802734375,233.10934448242188,27.697021484375,63.640869140625,1.102458372770343e-05
1680,580.9581298828125,242.07562255859375,30.7442626953125,74.015869140625,1.1913871276192367e-05
1680,573.6177978515625,231.70742797851562,44.2232666015625,109.93060302734375,0.0001284985919483006
1680,579.5310668945312,223.91558837890625,56.3665771484375,139.18072509765625,4.4248059566598386e-05
1680,560.0661010742188,188.54302978515625,80.43389892578125,211.777099609375,5.570263510890072e-06
1680,600.8079223632812,362.11090087890625,39.69207763671875,118.38909912109375,6.843814389867475e-06
1710,25.362546920776367,165.35243225097656,21.74547004699707,50.61517333984375,0.0003682324313558638
1710,0.0,167.61070251464844,15.829265594482422,56.769439697265625,2.813199898810126e-06
1710,38.78307342529297,163.56915283203125,24.089996337890625,58.18328857421875,2.2582542442250997e-05
1710,9.215188026428223,172.5117950439453,21.43022918701172,51.06488037109375,5.3146468417253345e-06
1710,16.201892852783203,167.53231811523438,24.842056274414062,59.30548095703125,1.129025076807011e-05
1710,29.965984344482422,163.30113220214844,25.941856384277344,61.842254638671875,2.280945409438573e-06
1710,601.0154418945312,361.3248596191406,39.48455810546875,119.17514038085938,5.327647613739828e-06
1740,0.9377708435058594,168.14102172851562,24.618202209472656,56.121856689453125,5.017337116441922e-06
1740,13.993218421936035,169.9287567138672,23.752559661865234,55.366973876953125,4.922105290461332e-06
1740,8.522993087768555,177.61322021484375,21.334274291992188,51.079071044921875,0.0007155422354117036
1740,585.1080322265625,187.66229248046875,23.1754150390625,55.36456298828125,8.31254365039058e-05
1740,4.006664276123047,175.88446044921875,30.807880401611328,71.44580078125,6.674843916698592e-06
1740,606.4624633789062,152.38958740234375,34.03753662109375,149.01898193359375,2.5668239686638117e-05
1740,586.669921875,149.49078369140625,53.830078125,234.62982177734375,0.004768148064613342
1740,607.7227172851562,215.1580352783203,32.77728271484375,134.42454528808594,1.3525305803341325e-05
1740,561.8504028320312,98.86297607421875,78.64959716796875,328.65081787109375,5.2753307500097435e-06
1740,591.3872680664062,225.9757080078125,49.11273193359375,250.89599609375,1.3211214309194474e-06
1770,618.2550659179688,156.99232482910156,22.24493408203125,106.76612854003906,3.334370830998523e-06
1770,593.3052978515625,131.88497924804688,47.1947021484375,236.04617309570312,5.931136001890991e-06
1770,600.3779296875,358.54522705078125,40.1220703125,121.95477294921875,7.678090696572326e-06
1800,367.4061279296875,27.63804817199707,25.53668212890625,58.45463562011719,2.3705686089670053e-06
1800,0.0,166.2664794921875,15.822091102600098,63.601470947265625,1.820179249989451e-06
1800,0.0,144.7589111328125,21.369468688964844,107.7740478515625,6.918070084793726e-06
1800,446.0201721191406,177.607421875,25.12005615234375,58.72918701171875,4.49153121735435e-05
1800,433.1788024902344,186.44248962402344,21.53265380859375,52.6123046875,0.00076015864033252
1800,438.5564270019531,182.7975311279297,24.74468994140625,57.562255859375,6.752736953785643e-05
1800,600.8035278320312,358.2518615722656,39.69647216796875,122.24813842773438,5.475397756526945e-06
